1
128
8256
357760
11716640
309319296
6856577600.00000
131254471552.000
2214918427152.00
33469848630400.0
458536053874496
5.75252244325824e+15
6.66329659432098e+16
7.17578438035901e+17
7.22692567922414e+18
6.84132961775442e+19
6.11423431408404e+20
5.17887696123733e+21
4.17161335107654e+22
3.20529240334402e+23
2.35563995744378e+24
1.65994153592920e+25
1.12404357110191e+26
7.32919380789217e+26
4.61011524330773e+27
2.80209355206723e+28
1.64832314024344e+29
9.39749521972193e+29
5.19955704619261e+30
2.79535979365536e+31
1.46191238718528e+32
7.44523741723401e+32
3.69606881976125e+33
1.79022989032372e+34
8.46764269901172e+34
3.91431588355318e+35
1.76979276155783e+36
7.83206690685005e+36
3.39480038930954e+37
1.44216863241086e+38
6.00823258982123e+38
2.45616346510947e+39
9.85792746221417e+39
3.88649158719880e+40
1.50587302445746e+41
5.73695969460204e+41
2.14997125475835e+42
7.92914598817463e+42
2.87898944689290e+43
1.02953865370341e+44
3.62740226367105e+44
1.25966133607221e+45
4.31285478870805e+45
1.45636609553831e+46
4.85184424532906e+46
1.59515932996786e+47
5.17710964112752e+47
1.65911678863753e+48
5.25156107579611e+48
1.64222593411989e+49
5.07478199645561e+49
1.55004706563729e+50
4.68074131530639e+50
1.39772692312924e+51
4.12819529752570e+51
1.20619465199713e+52
3.48722356741939e+52
9.97770019228733e+52
2.82585334752942e+53
7.92346014185438e+53
2.19989148199598e+54
6.04896909187380e+54
1.64750022095637e+55
4.44530606416683e+55
1.18843617253379e+56
3.14855995103276e+56
8.26745688495155e+56
2.15186918364563e+57
5.55267236567658e+57
1.42064991321323e+58
3.60434091920170e+58
9.06925851197330e+58
2.26347998912426e+59
5.60390635349657e+59
1.37645931520063e+60
3.35460822105889e+60
8.11283176249490e+60
1.94715459809676e+61
4.63841456106369e+61
1.09678764607598e+62
2.57454792579347e+62
5.99991854357867e+62
1.38833774353303e+63
3.18998590925431e+63
7.27886629635578e+63
1.64951629999947e+64
3.71281249888417e+64
8.30113984331847e+64
1.84371876131436e+65
4.06824369701150e+65
8.91880983307795e+65
1.94279089597021e+66
4.20528312764385e+66
9.04574923304223e+66
1.93376356266722e+67
4.10866239897250e+67
8.67688573279683e+67
1.82146605776810e+68
3.80100908217291e+68
7.88539756164955e+68
1.62637544993752e+69
3.33515223491747e+69
6.80037271811307e+69
1.37878328826708e+70
2.77989935629762e+70
5.57384558791230e+70
1.11146589164583e+71
2.20432066036618e+71
4.34822942442038e+71
8.53159748720636e+71
1.66513420060815e+72
3.23287884856099e+72
6.24411431551572e+72
1.19981147691978e+73
2.29369182662781e+73
4.36270424170970e+73
8.25645317350390e+73
1.55477072677143e+74
2.91334529744153e+74
5.43234936463625e+74
1.00802329725649e+75
1.86147536063649e+75
3.42108799905880e+75
6.25759583068458e+75
1.13920757541477e+76
2.06426666845589e+76
3.72315847567813e+76
6.68428500194571e+76
1.19456769900860e+77
2.12516835573137e+77
3.76371572543249e+77
6.63582721715346e+77
1.16477420599186e+78
2.03549591589471e+78
3.54155265090077e+78
6.13514848248096e+78
1.05822268683718e+79
1.81744869502719e+79
3.10808313277692e+79
5.29273963329801e+79
8.97506760018206e+79
1.51556957210379e+80
2.54862792423662e+80
4.26815984022759e+80
7.11851936062744e+80
1.18239972034091e+81
1.95602919671055e+81
3.22279923890373e+81
5.28869401918014e+81
8.64432516990107e+81
1.40731476202385e+82
2.28212144533305e+82
3.68623763764877e+82
5.93109015056390e+82
9.50608598709242e+82
1.51772894370212e+83
2.41390992193310e+83
3.82464583169916e+83
6.03689367107851e+83
9.49285048289783e+83
1.48713058822481e+84
2.32102239347553e+84
3.60907234403872e+84
5.59121282674061e+84
8.63015625530795e+84
1.32721532940133e+85
2.03367705345005e+85
3.10490353110108e+85
4.72331918839957e+85
7.15957035843696e+85
1.08137025415758e+86
1.62748451600426e+86
2.44073926757271e+86
3.64749721059863e+86
5.43180887973141e+86
8.06077309658553e+86
1.19206046414546e+87
1.75677367028596e+87
2.58009534226016e+87
3.77628253856625e+87
5.50818183512392e+87
8.00706406782316e+87
1.16002053301957e+88
1.67490966525830e+88
2.41021814412772e+88
3.45673739946821e+88
4.94114087983370e+88
7.03954431945838e+88
9.99594572449475e+88
1.41472082786660e+89
1.99567825638246e+89
2.80600569319411e+89
3.93251202480550e+89
5.49338740201653e+89
7.64899086825136e+89
1.06161444791513e+90
1.46870036263171e+90
2.02538764055901e+90
2.78417465824278e+90
3.81507331886182e+90
5.21113168073894e+90
7.09559040648958e+90
9.63112183416995e+90
1.30317132143021e+91
1.75778936720706e+91
2.36361725719314e+91
3.16837607164333e+91
4.23398914873554e+91
5.64053537051520e+91
7.49121995117337e+91
9.91860076306885e+91
1.30923574332595e+92
1.72289481394935e+92
2.26035662880996e+92
2.95648871573871e+92
3.85531842336156e+92
5.01224974148166e+92
6.49676514948944e+92
8.39570542151747e+92
1.08172349327058e+93
1.38956161905559e+93
1.77969350566276e+93
2.27259373756091e+93
2.89341583790510e+93
3.67295480938338e+93
4.64878187868283e+93
5.86657638408545e+93
7.38168208894089e+93
9.26091749137332e+93
1.15846718555994e+94
1.44493206200901e+94
1.79699954334642e+94
2.22837452044685e+94
2.75531250847582e+94
3.39702500731992e+94
4.17613487638780e+94
5.11918504699767e+94
6.25720353456344e+94
7.62632719960270e+94
9.26848602103878e+94
1.12321487678435e+95
1.35731298677001e+95
1.63554559583283e+95
1.96522890560248e+95
2.35469014788799e+95
2.81336956166951e+95
3.35192593503025e+95
3.98234454022341e+95
4.71804601701476e+95
5.57399446859288e+95
6.56680272999685e+95
7.71483245665549e+95
9.03828636697046e+95
1.05592896658400e+96
1.23019573847405e+96
1.42924441086949e+96
1.65589723323781e+96
1.91318355087320e+96
2.20433717363228e+96
2.53279039890313e+96
2.90216428361405e+96
3.31625477445491e+96
3.77901433087569e+96
4.29452871279761e+96
4.86698865507812e+96
5.50065621410889e+96
6.19982564869258e+96
6.96877878738233e+96
7.81173493722792e+96
8.73279550337626e+96
9.73588361379383e+96
1.08246791766220e+97
1.20025499369908e+97
1.32724792427053e+97
1.46369913708802e+97
1.60980754067655e+97
1.76571087978377e+97
1.93147818266748e+97
2.10710243510411e+97
2.29249362448572e+97
2.48747230353283e+97
2.69176382657487e+97
2.90499341170982e+97
3.12668217917583e+97
3.35624430974379e+97
3.59298545674531e+97
3.83610253144952e+97
4.08468496395582e+97
4.33771752074490e+97
4.59408473579873e+97
4.85257698513839e+97
5.11189820521611e+97
5.37067522440619e+97
5.62746864452181e+97
5.88078517656461e+97
6.12909130256086e+97
6.37082810415508e+97
6.60442706942812e+97
6.82832666297470e+97
7.04098942137095e+97
7.24091931747410e+97
7.42667912313084e+97
7.59690749132269e+97
7.75033547592146e+97
7.88580221029479e+97
8.00226947507502e+97
8.09883490040785e+97
8.17474356869636e+97
8.22939780986409e+97
8.26236501194031e+97
8.27338330465564e+97
8.26236501194031e+97
8.22939780986409e+97
8.17474356869636e+97
8.09883490040785e+97
8.00226947507502e+97
7.88580221029479e+97
7.75033547592146e+97
7.59690749132269e+97
7.42667912313084e+97
7.24091931747410e+97
7.04098942137095e+97
6.82832666297470e+97
6.60442706942812e+97
6.37082810415508e+97
6.12909130256086e+97
5.88078517656461e+97
5.62746864452181e+97
5.37067522440619e+97
5.11189820521611e+97
4.85257698513839e+97
4.59408473579873e+97
4.33771752074490e+97
4.08468496395582e+97
3.83610253144952e+97
3.59298545674531e+97
3.35624430974379e+97
3.12668217917583e+97
2.90499341170982e+97
2.69176382657487e+97
2.48747230353283e+97
2.29249362448572e+97
2.10710243510411e+97
1.93147818266748e+97
1.76571087978377e+97
1.60980754067655e+97
1.46369913708802e+97
1.32724792427053e+97
1.20025499369908e+97
1.08246791766220e+97
9.73588361379383e+96
8.73279550337626e+96
7.81173493722792e+96
6.96877878738233e+96
6.19982564869258e+96
5.50065621410889e+96
4.86698865507812e+96
4.29452871279761e+96
3.77901433087569e+96
3.31625477445491e+96
2.90216428361405e+96
2.53279039890313e+96
2.20433717363228e+96
1.91318355087320e+96
1.65589723323781e+96
1.42924441086949e+96
1.23019573847405e+96
1.05592896658400e+96
9.03828636697046e+95
7.71483245665549e+95
6.56680272999685e+95
5.57399446859288e+95
4.71804601701476e+95
3.98234454022341e+95
3.35192593503025e+95
2.81336956166951e+95
2.35469014788799e+95
1.96522890560248e+95
1.63554559583283e+95
1.35731298677001e+95
1.12321487678435e+95
9.26848602103878e+94
7.62632719960270e+94
6.25720353456344e+94
5.11918504699767e+94
4.17613487638780e+94
3.39702500731992e+94
2.75531250847582e+94
2.22837452044685e+94
1.79699954334642e+94
1.44493206200901e+94
1.15846718555994e+94
9.26091749137332e+93
7.38168208894089e+93
5.86657638408545e+93
4.64878187868283e+93
3.67295480938338e+93
2.89341583790510e+93
2.27259373756091e+93
1.77969350566276e+93
1.38956161905559e+93
1.08172349327058e+93
8.39570542151747e+92
6.49676514948944e+92
5.01224974148166e+92
3.85531842336156e+92
2.95648871573871e+92
2.26035662880996e+92
1.72289481394935e+92
1.30923574332595e+92
9.91860076306885e+91
7.49121995117337e+91
5.64053537051520e+91
4.23398914873554e+91
3.16837607164333e+91
2.36361725719314e+91
1.75778936720706e+91
1.30317132143021e+91
9.63112183416995e+90
7.09559040648958e+90
5.21113168073894e+90
3.81507331886182e+90
2.78417465824278e+90
2.02538764055901e+90
1.46870036263171e+90
1.06161444791513e+90
7.64899086825136e+89
5.49338740201653e+89
3.93251202480550e+89
2.80600569319411e+89
1.99567825638246e+89
1.41472082786660e+89
9.99594572449475e+88
7.03954431945838e+88
4.94114087983370e+88
3.45673739946821e+88
2.41021814412772e+88
1.67490966525830e+88
1.16002053301957e+88
8.00706406782316e+87
5.50818183512392e+87
3.77628253856625e+87
2.58009534226016e+87
1.75677367028596e+87
1.19206046414546e+87
8.06077309658553e+86
5.43180887973141e+86
3.64749721059863e+86
2.44073926757271e+86
1.62748451600426e+86
1.08137025415758e+86
7.15957035843696e+85
4.72331918839957e+85
3.10490353110108e+85
2.03367705345005e+85
1.32721532940133e+85
8.63015625530795e+84
5.59121282674061e+84
3.60907234403872e+84
2.32102239347553e+84
1.48713058822481e+84
9.49285048289783e+83
6.03689367107851e+83
3.82464583169916e+83
2.41390992193310e+83
1.51772894370212e+83
9.50608598709242e+82
5.93109015056390e+82
3.68623763764877e+82
2.28212144533305e+82
1.40731476202385e+82
8.64432516990107e+81
5.28869401918014e+81
3.22279923890373e+81
1.95602919671055e+81
1.18239972034091e+81
7.11851936062744e+80
4.26815984022759e+80
2.54862792423662e+80
1.51556957210379e+80
8.97506760018206e+79
5.29273963329801e+79
3.10808313277692e+79
1.81744869502719e+79
1.05822268683718e+79
6.13514848248096e+78
3.54155265090077e+78
2.03549591589471e+78
1.16477420599186e+78
6.63582721715346e+77
3.76371572543249e+77
2.12516835573137e+77
1.19456769900860e+77
6.68428500194571e+76
3.72315847567813e+76
2.06426666845589e+76
1.13920757541477e+76
6.25759583068458e+75
3.42108799905880e+75
1.86147536063649e+75
1.00802329725649e+75
5.43234936463625e+74
2.91334529744153e+74
1.55477072677143e+74
8.25645317350390e+73
4.36270424170970e+73
2.29369182662781e+73
1.19981147691978e+73
6.24411431551572e+72
3.23287884856099e+72
1.66513420060815e+72
8.53159748720636e+71
4.34822942442038e+71
2.20432066036618e+71
1.11146589164583e+71
5.57384558791230e+70
2.77989935629762e+70
1.37878328826708e+70
6.80037271811307e+69
3.33515223491747e+69
1.62637544993752e+69
7.88539756164955e+68
3.80100908217291e+68
1.82146605776810e+68
8.67688573279683e+67
4.10866239897250e+67
1.93376356266722e+67
9.04574923304223e+66
4.20528312764385e+66
1.94279089597021e+66
8.91880983307795e+65
4.06824369701150e+65
1.84371876131436e+65
8.30113984331847e+64
3.71281249888417e+64
1.64951629999947e+64
7.27886629635578e+63
3.18998590925431e+63
1.38833774353303e+63
5.99991854357867e+62
2.57454792579347e+62
1.09678764607598e+62
4.63841456106369e+61
1.94715459809676e+61
8.11283176249490e+60
3.35460822105889e+60
1.37645931520063e+60
5.60390635349657e+59
2.26347998912426e+59
9.06925851197330e+58
3.60434091920170e+58
1.42064991321323e+58
5.55267236567658e+57
2.15186918364563e+57
8.26745688495155e+56
3.14855995103276e+56
1.18843617253379e+56
4.44530606416683e+55
1.64750022095637e+55
6.04896909187380e+54
2.19989148199598e+54
7.92346014185438e+53
2.82585334752942e+53
9.97770019228733e+52
3.48722356741939e+52
1.20619465199713e+52
4.12819529752570e+51
1.39772692312924e+51
4.68074131530639e+50
1.55004706563729e+50
5.07478199645561e+49
1.64222593411989e+49
5.25156107579611e+48
1.65911678863753e+48
5.17710964112752e+47
1.59515932996786e+47
4.85184424532906e+46
1.45636609553831e+46
4.31285478870805e+45
1.25966133607221e+45
3.62740226367105e+44
1.02953865370341e+44
2.87898944689290e+43
7.92914598817463e+42
2.14997125475835e+42
5.73695969460204e+41
1.50587302445746e+41
3.88649158719880e+40
9.85792746221417e+39
2.45616346510947e+39
6.00823258982123e+38
1.44216863241086e+38
3.39480038930954e+37
7.83206690685005e+36
1.76979276155783e+36
3.91431588355318e+35
8.46764269901172e+34
1.79022989032372e+34
3.69606881976125e+33
7.44523741723401e+32
1.46191238718528e+32
2.79535979365536e+31
5.19955704619261e+30
9.39749521972193e+29
1.64832314024344e+29
2.80209355206723e+28
4.61011524330773e+27
7.32919380789217e+26
1.12404357110191e+26
1.65994153592920e+25
2.35563995744378e+24
3.20529240334402e+23
4.17161335107654e+22
5.17887696123733e+21
6.11423431408404e+20
6.84132961775442e+19
7.22692567922414e+18
7.17578438035901e+17
6.66329659432098e+16
5.75252244325824e+15
458536053874496
33469848630400.0
2214918427152.00
131254471552.000
6856577600.00000
309319296
11716640
357760
8256
128
1