1
128
8256
357760
11716640
309319168
6856561344.00000
131253431168.000
2214873690640.00
33468394693760.0
458497960742656
5.75168439521933e+15
6.66170430777998e+16
7.17311731823248e+17
7.22292513759759e+18
6.83588900284081e+19
6.10745851909628e+20
5.17108522151857e+21
4.16328283992154e+22
3.19696280721237e+23
2.34781129882363e+24
1.65299495801262e+25
1.11820174149470e+26
7.28247399580037e+26
4.57447469014529e+27
2.77608848065283e+28
1.63013017683375e+29
9.27519113365158e+29
5.12039020754971e+30
2.74592796188627e+31
1.43208876655141e+32
7.27110711921144e+32
3.59753932204885e+33
1.73612866512357e+34
8.17902294077139e+34
3.76454930895598e+35
1.69412138863806e+36
7.45941470489921e+36
3.21576827417277e+37
1.35818628523376e+38
5.62326286496721e+38
2.28358867840851e+39
9.10083003249943e+39
3.56122186627723e+40
1.36893298572979e+41
5.17166528754355e+41
1.92102951876877e+42
7.01898745050768e+42
2.52362437377592e+43
8.93202576009994e+43
3.11320751490004e+44
1.06893174509805e+45
3.61676389557972e+45
1.20630466806808e+46
3.96728295195436e+46
1.28693291062675e+47
4.11876815246341e+47
1.30090270823186e+48
4.05602937953967e+48
1.24866122868196e+49
3.79646846380593e+49
1.14026844030605e+50
3.38394565655445e+50
9.92480462029968e+50
2.87735131011551e+51
8.24751338181589e+51
2.33774026886841e+52
6.55380622285622e+52
1.81757918566519e+53
4.98736542200908e+53
1.35425474294238e+54
3.63958378085856e+54
9.68264144907000e+54
2.55031123025433e+55
6.65141557170003e+55
1.71798327194025e+56
4.39509445334989e+56
1.11383432406006e+57
2.79661710249181e+57
6.95761996554819e+57
1.71536809775987e+58
4.19155331500665e+58
1.01522973440051e+59
2.43766789659956e+59
5.80301186191186e+59
1.36976987729598e+60
3.20628594204046e+60
7.44322950810103e+60
1.71383081929585e+61
3.91438546395602e+61
8.86929231397235e+61
1.99380951320601e+62
4.44719567745011e+62
9.84315390562712e+62
2.16204340512528e+63
4.71316188129997e+63
1.01979517793734e+64
2.19028273810449e+64
4.66989577607163e+64
9.88476454885783e+64
2.07734764439412e+65
4.33477515135731e+65
8.98190819984258e+65
1.84818181410878e+66
3.77679607079562e+66
7.66537136394366e+66
1.54525836800920e+67
3.09424035393531e+67
6.15486058681955e+67
1.21623987641451e+68
2.38771310801806e+68
4.65727012889962e+68
9.02591106860206e+68
1.73813876776998e+69
3.32609423127811e+69
6.32504761968566e+69
1.19534745578203e+70
2.24515916226909e+70
4.19125191499031e+70
7.77686681812110e+70
1.43433304537274e+71
2.62965973239349e+71
4.79261646252684e+71
8.68337034616946e+71
1.56410203315729e+72
2.80105184473177e+72
4.98740184114704e+72
8.82962386164602e+72
1.55432490614166e+73
2.72075830781354e+73
4.73590672300690e+73
8.19780294879345e+73
1.41120073538132e+74
2.41597599903780e+74
4.11361987026442e+74
6.96623856537174e+74
1.17335603633680e+75
1.96577098883538e+75
3.27583302054093e+75
5.43012883735281e+75
8.95388702227088e+75
1.46872161246054e+76
2.39666211253331e+76
3.89068786597318e+76
6.28363272149714e+76
1.00965348604616e+77
1.61407296542239e+77
2.56729109621675e+77
4.06293488300319e+77
6.39777333541634e+77
1.00242828164571e+78
1.56287510426183e+78
2.42466956302647e+78
3.74324971513442e+78
5.75073590211134e+78
8.79197960299749e+78
1.33766880744872e+79
2.02543858537323e+79
3.05216354413466e+79
4.57745706637251e+79
6.83247195374448e+79
1.01502726192562e+80
1.50083459609969e+80
2.20877803572006e+80
3.23552020100236e+80
4.71756048094487e+80
6.84668780256797e+80
9.89102901769593e+80
1.42235627727186e+81
2.03605355000821e+81
2.90129343824965e+81
4.11550755231264e+81
5.81154932310065e+81
8.16967130155137e+81
1.14332206844518e+82
1.59290919907424e+82
2.20942283354643e+82
3.05097650062635e+82
4.19447674097759e+82
5.74119360875017e+82
7.82381399695138e+82
1.06153199800194e+83
1.43400979456460e+83
1.92877553908659e+83
2.58302005674564e+83
3.44426249197976e+83
4.57291181508367e+83
6.04537387895361e+83
7.95779565273476e+83
1.04305472632151e+84
1.36135506694788e+84
1.76925705954118e+84
2.28965880442066e+84
2.95063784962172e+84
3.78644148095968e+84
4.83862078638112e+84
6.15731849910371e+84
7.80271860630388e+84
9.84666285698213e+84
1.23744355019974e+85
1.54867127507937e+85
1.93016674524433e+85
2.39572123513762e+85
2.96133569170137e+85
3.64546432364856e+85
4.46926158843374e+85
5.45682692044145e+85
6.63544032950798e+85
8.03578075002085e+85
9.69211777814335e+85
1.16424662473780e+86
1.39286920179684e+86
1.65965564578747e+86
1.96956864421048e+86
2.32794563662817e+86
2.74047687333638e+86
3.21317204006643e+86
3.75231426325653e+86
4.36440047468748e+86
5.05606734090045e+86
5.83400225381676e+86
6.70483923403155e+86
7.67504001432055e+86
8.75076104194957e+86
9.93770765519342e+86
1.12409772395950e+87
1.26648937373111e+87
1.42128364498913e+87
1.58870666200500e+87
1.76885557786060e+87
1.96168202748962e+87
2.16697667486138e+87
2.38435535250785e+87
2.61324730033763e+87
2.85288600397692e+87
3.10230310937639e+87
3.36032584931101e+87
3.62557835848967e+87
3.89648717778787e+87
4.17129115585744e+87
4.44805585003261e+87
4.72469241073698e+87
4.99898080785309e+87
5.26859712765259e+87
5.53114453923833e+87
5.78418740462326e+87
6.02528789125727e+87
6.25204434459276e+87
6.46213059542153e+87
6.65333531597857e+87
6.82360050325443e+87
6.97105815979769e+87
7.09406426274922e+87
7.19122916109306e+87
7.26144361818944e+87
7.30389981953530e+87
7.31810679130228e+87
7.30389981953530e+87
7.26144361818944e+87
7.19122916109306e+87
7.09406426274922e+87
6.97105815979769e+87
6.82360050325443e+87
6.65333531597857e+87
6.46213059542153e+87
6.25204434459276e+87
6.02528789125727e+87
5.78418740462326e+87
5.53114453923833e+87
5.26859712765259e+87
4.99898080785309e+87
4.72469241073698e+87
4.44805585003261e+87
4.17129115585744e+87
3.89648717778787e+87
3.62557835848967e+87
3.36032584931101e+87
3.10230310937639e+87
2.85288600397692e+87
2.61324730033763e+87
2.38435535250785e+87
2.16697667486138e+87
1.96168202748962e+87
1.76885557786060e+87
1.58870666200500e+87
1.42128364498913e+87
1.26648937373111e+87
1.12409772395950e+87
9.93770765519342e+86
8.75076104194957e+86
7.67504001432055e+86
6.70483923403155e+86
5.83400225381676e+86
5.05606734090045e+86
4.36440047468748e+86
3.75231426325653e+86
3.21317204006643e+86
2.74047687333638e+86
2.32794563662817e+86
1.96956864421048e+86
1.65965564578747e+86
1.39286920179684e+86
1.16424662473780e+86
9.69211777814335e+85
8.03578075002085e+85
6.63544032950798e+85
5.45682692044145e+85
4.46926158843374e+85
3.64546432364856e+85
2.96133569170137e+85
2.39572123513762e+85
1.93016674524433e+85
1.54867127507937e+85
1.23744355019974e+85
9.84666285698213e+84
7.80271860630388e+84
6.15731849910371e+84
4.83862078638112e+84
3.78644148095968e+84
2.95063784962172e+84
2.28965880442066e+84
1.76925705954118e+84
1.36135506694788e+84
1.04305472632151e+84
7.95779565273476e+83
6.04537387895361e+83
4.57291181508367e+83
3.44426249197976e+83
2.58302005674564e+83
1.92877553908659e+83
1.43400979456460e+83
1.06153199800194e+83
7.82381399695138e+82
5.74119360875017e+82
4.19447674097759e+82
3.05097650062635e+82
2.20942283354643e+82
1.59290919907424e+82
1.14332206844518e+82
8.16967130155137e+81
5.81154932310065e+81
4.11550755231264e+81
2.90129343824965e+81
2.03605355000821e+81
1.42235627727186e+81
9.89102901769593e+80
6.84668780256797e+80
4.71756048094487e+80
3.23552020100236e+80
2.20877803572006e+80
1.50083459609969e+80
1.01502726192562e+80
6.83247195374448e+79
4.57745706637251e+79
3.05216354413466e+79
2.02543858537323e+79
1.33766880744872e+79
8.79197960299749e+78
5.75073590211134e+78
3.74324971513442e+78
2.42466956302647e+78
1.56287510426183e+78
1.00242828164571e+78
6.39777333541634e+77
4.06293488300319e+77
2.56729109621675e+77
1.61407296542239e+77
1.00965348604616e+77
6.28363272149714e+76
3.89068786597318e+76
2.39666211253331e+76
1.46872161246054e+76
8.95388702227088e+75
5.43012883735281e+75
3.27583302054093e+75
1.96577098883538e+75
1.17335603633680e+75
6.96623856537174e+74
4.11361987026442e+74
2.41597599903780e+74
1.41120073538132e+74
8.19780294879345e+73
4.73590672300690e+73
2.72075830781354e+73
1.55432490614166e+73
8.82962386164602e+72
4.98740184114704e+72
2.80105184473177e+72
1.56410203315729e+72
8.68337034616946e+71
4.79261646252684e+71
2.62965973239349e+71
1.43433304537274e+71
7.77686681812110e+70
4.19125191499031e+70
2.24515916226909e+70
1.19534745578203e+70
6.32504761968566e+69
3.32609423127811e+69
1.73813876776998e+69
9.02591106860206e+68
4.65727012889962e+68
2.38771310801806e+68
1.21623987641451e+68
6.15486058681955e+67
3.09424035393531e+67
1.54525836800920e+67
7.66537136394366e+66
3.77679607079562e+66
1.84818181410878e+66
8.98190819984258e+65
4.33477515135731e+65
2.07734764439412e+65
9.88476454885783e+64
4.66989577607163e+64
2.19028273810449e+64
1.01979517793734e+64
4.71316188129997e+63
2.16204340512528e+63
9.84315390562712e+62
4.44719567745011e+62
1.99380951320601e+62
8.86929231397235e+61
3.91438546395602e+61
1.71383081929585e+61
7.44322950810103e+60
3.20628594204046e+60
1.36976987729598e+60
5.80301186191186e+59
2.43766789659956e+59
1.01522973440051e+59
4.19155331500665e+58
1.71536809775987e+58
6.95761996554819e+57
2.79661710249181e+57
1.11383432406006e+57
4.39509445334989e+56
1.71798327194025e+56
6.65141557170003e+55
2.55031123025433e+55
9.68264144907000e+54
3.63958378085856e+54
1.35425474294238e+54
4.98736542200908e+53
1.81757918566519e+53
6.55380622285622e+52
2.33774026886841e+52
8.24751338181589e+51
2.87735131011551e+51
9.92480462029968e+50
3.38394565655445e+50
1.14026844030605e+50
3.79646846380593e+49
1.24866122868196e+49
4.05602937953967e+48
1.30090270823186e+48
4.11876815246341e+47
1.28693291062675e+47
3.96728295195436e+46
1.20630466806808e+46
3.61676389557972e+45
1.06893174509805e+45
3.11320751490004e+44
8.93202576009994e+43
2.52362437377592e+43
7.01898745050768e+42
1.92102951876877e+42
5.17166528754355e+41
1.36893298572979e+41
3.56122186627723e+40
9.10083003249943e+39
2.28358867840851e+39
5.62326286496721e+38
1.35818628523376e+38
3.21576827417277e+37
7.45941470489921e+36
1.69412138863806e+36
3.76454930895598e+35
8.17902294077139e+34
1.73612866512357e+34
3.59753932204885e+33
7.27110711921144e+32
1.43208876655141e+32
2.74592796188627e+31
5.12039020754971e+30
9.27519113365158e+29
1.63013017683375e+29
2.77608848065283e+28
4.57447469014529e+27
7.28247399580037e+26
1.11820174149470e+26
1.65299495801262e+25
2.34781129882363e+24
3.19696280721237e+23
4.16328283992154e+22
5.17108522151857e+21
6.10745851909628e+20
6.83588900284081e+19
7.22292513759759e+18
7.17311731823248e+17
6.66170430777998e+16
5.75168439521933e+15
458497960742656
33468394693760.0
2214873690640.00
131253431168.000
6856561344.00000
309319168
11716640
357760
8256
128
1