1
128
8256
357760
11716640
309319296
6856577728.00000
131254487936.000
2214919483792.00
33469894407296.0
458537552547648
5.75256199033485e+15
6.66338420854209e+16
7.17595199016447e+17
7.22720831120902e+18
6.84175635205481e+19
6.11481840610339e+20
5.17960900251732e+21
4.17246038942072e+22
3.20620355130170e+23
2.35655649308521e+24
1.66080806853419e+25
1.12481698012369e+26
7.33573567083977e+26
4.61537718882745e+27
2.80613061975810e+28
1.65128554852104e+29
9.41833772517380e+29
5.21364821219737e+30
2.80453285359086e+31
1.46767280184895e+32
7.48019170034735e+32
3.71659603337682e+33
1.80191320213427e+34
8.53217617216508e+34
3.94895144356541e+35
1.78787594972348e+36
7.92400746214609e+36
3.44036752599327e+37
1.46420369501990e+38
6.11229047003734e+38
2.50419107501871e+39
1.00747469915474e+40
3.98230228982301e+40
1.54734329519962e+41
5.91289361230778e+41
2.22317269981583e+42
8.22802859696529e+42
2.99881049446529e+43
1.07672817601967e+44
3.81006727947433e+44
1.32919088280609e+45
4.57322110419025e+45
1.55232596248746e+46
5.20007206749682e+46
1.71963310467269e+47
5.61553625381485e+47
1.81133887694780e+48
5.77272052687638e+48
1.81822889315573e+49
5.66127670930652e+49
1.74294867655942e+50
5.30715732190033e+50
1.59862129008050e+51
4.76465161937672e+51
1.40543577118714e+52
4.10368833890906e+52
1.18633537439793e+53
3.39620348075260e+53
9.62972036789682e+53
2.70486398468133e+54
7.52773818067300e+54
2.07607983879717e+55
5.67485717629586e+55
1.53767956234142e+56
4.13088739695729e+56
1.10040374089488e+57
2.90706403241074e+57
7.61748800355438e+57
1.98007950873084e+58
5.10651335875819e+58
1.30675145584471e+59
3.31850365162109e+59
8.36421117230073e+59
2.09262879576747e+60
5.19748995448875e+60
1.28167453732243e+61
3.13827915367746e+61
7.63099084532523e+61
1.84285199018245e+62
4.42042059851420e+62
1.05327717553338e+63
2.49326783415324e+63
5.86384618310334e+63
1.37032240814771e+64
3.18220172017922e+64
7.34403379170904e+64
1.68453478746149e+65
3.84060036628469e+65
8.70415621954561e+65
1.96108508688559e+66
4.39279946883271e+66
9.78348772992107e+66
2.16663059185896e+67
4.77139756671709e+67
1.04497507145901e+68
2.27612017930143e+68
4.93108015463319e+68
1.06261168763236e+69
2.27782411101529e+69
4.85742012910326e+69
1.03052199300280e+70
2.17520721987174e+70
4.56836600650750e+70
9.54690506261020e+70
1.98531684308710e+71
4.10852665563326e+71
8.46163926031853e+71
1.73443328351841e+72
3.53848616950327e+72
7.18548159722624e+72
1.45242582346828e+73
2.92248669688297e+73
5.85399043801659e+73
1.16738024391413e+74
2.31767812358917e+74
4.58135092621565e+74
9.01680099504365e+74
1.76704807627676e+75
3.44825454310371e+75
6.70074529002806e+75
1.29669303665235e+76
2.49895612807818e+76
4.79627701091937e+76
9.16833631989114e+76
1.74555541705022e+77
3.31016355798498e+77
6.25249803192015e+77
1.17641697674753e+78
2.20489365388273e+78
4.11668299039016e+78
7.65693785869353e+78
1.41881245375693e+79
2.61921431561226e+79
4.81733683235949e+79
8.82767726827128e+79
1.61176836312363e+80
2.93216641729768e+80
5.31517116271423e+80
9.60066176526317e+80
1.72803595425978e+81
3.09944743751657e+81
5.53997338644027e+81
9.86812835290532e+81
1.75177055920056e+82
3.09917716734377e+82
5.46453952204147e+82
9.60306314720271e+82
1.68199974552974e+83
2.93638301453310e+83
5.10952650406712e+83
8.86217165970584e+83
1.53215047201644e+84
2.64042898680870e+84
4.53596057878066e+84
7.76775469079280e+84
1.32605878499834e+85
2.25673489722042e+85
3.82875969346424e+85
6.47596711782300e+85
1.09201636764968e+86
1.83586414296948e+86
3.07714222234692e+86
5.14231725634011e+86
8.56806860457018e+86
1.42340390239616e+87
2.35777725483364e+87
3.89417026655626e+87
6.41316862049973e+87
1.05313451104413e+88
1.72447254551489e+88
2.81577311523162e+88
4.58474869907177e+88
7.44418885641427e+88
1.20534274157484e+89
1.94626653755903e+89
3.13400593517790e+89
5.03280507036267e+89
8.06009499342899e+89
1.28735057067111e+90
2.05062802437086e+90
3.25774444596263e+90
5.16171226310431e+90
8.15687339322438e+90
1.28562175911215e+91
2.02101061607661e+91
3.16880929998240e+91
4.95566453348597e+91
7.73022364392352e+91
1.20274227843767e+92
1.86659188682063e+92
2.88953719060561e+92
4.46185123592725e+92
6.87251120824096e+92
1.05592972748833e+93
1.61837555577596e+93
2.47430829060026e+93
3.77367001026071e+93
5.74136259024241e+93
8.71389337252309e+93
1.31935272842579e+94
1.99281115054783e+94
3.00284549554142e+94
4.51405092773814e+94
6.76973223874638e+94
1.01286830598343e+95
1.51187452123442e+95
2.25146165409883e+95
3.34506149559391e+95
4.95837136121444e+95
7.33286987234533e+95
1.08196552815911e+96
1.59280227941503e+96
2.33950370273297e+96
3.42849406241519e+96
5.01308631968138e+96
7.31363610892022e+96
1.06461385787721e+97
1.54627113986041e+97
2.24087726731958e+97
3.24036136858585e+97
4.67536795236968e+97
6.73114728060961e+97
9.66979495738721e+97
1.38613073084426e+98
1.98268494477691e+98
2.82989033607252e+98
4.03046941654501e+98
5.72816452984633e+98
8.12368036170987e+98
1.14966491539826e+99
1.62358269168828e+99
2.28805134737089e+99
3.21772432414083e+99
4.51572065829298e+99
6.32417511830074e+99
8.83858342126248e+99
1.23272652519102e+100
1.71577136111228e+100
2.38321897778775e+100
3.30357042226864e+100
4.57005541043906e+100
6.30929439514265e+100
8.69289966545170e+100
1.19529794589144e+101
1.64028139827997e+101
2.24643698985865e+101
3.07048372578695e+101
4.18850446359400e+101
5.70234783397258e+101
7.74807560929113e+101
1.05070855603288e+102
1.42207263859544e+102
1.92094607471757e+102
2.58979390917868e+102
3.48477387917410e+102
4.68000226572146e+102
6.27310062986011e+102
8.39239301966028e+102
1.12062253393431e+103
1.49350075636681e+103
1.98667420677097e+103
2.63770058063845e+103
3.49546106185406e+103
4.62344870743678e+103
6.10397383799864e+103
8.04353106538165e+103
1.05796347253735e+104
1.38895065548651e+104
1.82010948281803e+104
2.38070219202183e+104
3.10822023071710e+104
4.05060512574129e+104
5.26904229925936e+104
6.84146843889002e+104
8.86696564523142e+104
1.14712552866722e+105
1.48135527145419e+105
1.90951024186437e+105
2.45697838235931e+105
3.15572630794114e+105
4.04592686276562e+105
5.17796912316963e+105
6.61493562801608e+105
8.43564918422448e+105
1.07384125192135e+106
1.36455889119282e+106
1.73092013962189e+106
2.19177629579072e+106
2.77045912116174e+106
3.49579093372455e+106
4.40330917031753e+106
5.53674788737484e+106
6.94982640201594e+106
8.70840427264878e+106
1.08930722589995e+107
1.36022609837786e+107
1.69559629609136e+107
2.11001796990728e+107
2.62122239972686e+107
3.25070286079376e+107
4.02446364614914e+107
4.97390749573176e+107
6.13688477840484e+107
7.55893127117231e+107
9.29472531937647e+107
1.14097995836328e+108
1.39825475256585e+108
1.71065702985880e+108
2.08934158303794e+108
2.54757686631745e+108
3.10111565768339e+108
3.76862482182488e+108
4.57218249120629e+108
5.53785195700186e+108
6.69634261646611e+108
8.08376945986034e+108
9.74252379814443e+108
1.17222692307351e+109
1.40810782275460e+109
1.68867261461680e+109
2.02181610161233e+109
2.41671689878327e+109
2.88402569516466e+109
3.43607754662536e+109
4.08713067767848e+109
4.85363443279878e+109
5.75452917599388e+109
6.81158108815077e+109
8.04975495142779e+109
9.49762813461682e+109
1.11878490984037e+110
1.31576438197589e+110
1.54493735847512e+110
1.81111476128775e+110
2.11974939470658e+110
2.47700919649459e+110
2.88985697315402e+110
3.36613692136465e+110
3.91466821041059e+110
4.54534586519914e+110
5.26924914546518e+110
6.09875756317866e+110
7.04767461629130e+110
8.13135924207940e+110
9.36686490684232e+110
1.07730861500671e+111
1.23709122899529e+111
1.41833878731215e+111
1.62358793143112e+111
1.85562470219223e+111
2.11750221427585e+111
2.41255868847013e+111
2.74443571901740e+111
3.11709663371766e+111
3.53484478398043e+111
4.00234158082218e+111
4.52462407111280e+111
5.10712182642313e+111
5.75567289489436e+111
6.47653854495365e+111
7.27641650878562e+111
8.16245241362001e+111
9.14224907052197e+111
1.02238732739148e+112
1.14158597509863e+112
1.27272118889128e+112
1.41673988599672e+112
1.57463487605637e+112
1.74744373806170e+112
1.93624722247501e+112
2.14216714173232e+112
2.36636371394133e+112
2.61003232681311e+112
2.87439969173525e+112
3.16071936143385e+112
3.47026658890012e+112
3.80433251018622e+112
4.16421763930386e+112
4.55122466977896e+112
4.96665058440393e+112
5.41177808235262e+112
5.88786634103464e+112
6.39614113880465e+112
6.93778437383665e+112
7.51392302403335e+112
8.12561760266912e+112
8.77385017444670e+112
9.45951200665920e+112
1.01833909400549e+113
1.09461585736578e+113
1.17483573670500e+113
1.25903877723162e+113
1.34724955158228e+113
1.43947591570951e+113
1.53570780581014e+113
1.63591609011042e+113
1.74005148967361e+113
1.84804358259771e+113
1.95979990601120e+113
2.07520517014372e+113
2.19412059843587e+113
2.31638340715316e+113
2.44180643727677e+113
2.57017795055864e+113
2.70126160055004e+113
2.83479658814636e+113
2.97049800974199e+113
3.10805740447032e+113
3.24714350522543e+113
3.38740319624279e+113
3.52846267797404e+113
3.66992883784754e+113
3.81139082328707e+113
3.95242181109142e+113
4.09258096498666e+113
4.23141557088033e+113
4.36846333710335e+113
4.50325484475291e+113
4.63531613117911e+113
4.76417138772143e+113
4.88934575102729e+113
5.01036816570414e+113
5.12677429469390e+113
5.23810945263954e+113
5.34393153665856e+113
5.44381392836585e+113
5.53734834071196e+113
5.62414758323372e+113
5.70384821965670e+113
5.77611309244588e+113
5.84063368986822e+113
5.89713233240038e+113
5.94536415687537e+113
5.98511887859530e+113
6.01622231372334e+113
6.03853764658139e+113
6.05196642899238e+113
6.05644930148512e+113
6.05196642899238e+113
6.03853764658139e+113
6.01622231372334e+113
5.98511887859530e+113
5.94536415687537e+113
5.89713233240038e+113
5.84063368986822e+113
5.77611309244588e+113
5.70384821965670e+113
5.62414758323372e+113
5.53734834071196e+113
5.44381392836585e+113
5.34393153665856e+113
5.23810945263954e+113
5.12677429469390e+113
5.01036816570414e+113
4.88934575102729e+113
4.76417138772143e+113
4.63531613117911e+113
4.50325484475291e+113
4.36846333710335e+113
4.23141557088033e+113
4.09258096498666e+113
3.95242181109142e+113
3.81139082328707e+113
3.66992883784754e+113
3.52846267797404e+113
3.38740319624279e+113
3.24714350522543e+113
3.10805740447032e+113
2.97049800974199e+113
2.83479658814636e+113
2.70126160055004e+113
2.57017795055864e+113
2.44180643727677e+113
2.31638340715316e+113
2.19412059843587e+113
2.07520517014372e+113
1.95979990601120e+113
1.84804358259771e+113
1.74005148967361e+113
1.63591609011042e+113
1.53570780581014e+113
1.43947591570951e+113
1.34724955158228e+113
1.25903877723162e+113
1.17483573670500e+113
1.09461585736578e+113
1.01833909400549e+113
9.45951200665920e+112
8.77385017444670e+112
8.12561760266912e+112
7.51392302403335e+112
6.93778437383665e+112
6.39614113880465e+112
5.88786634103464e+112
5.41177808235262e+112
4.96665058440393e+112
4.55122466977896e+112
4.16421763930386e+112
3.80433251018622e+112
3.47026658890012e+112
3.16071936143385e+112
2.87439969173525e+112
2.61003232681311e+112
2.36636371394133e+112
2.14216714173232e+112
1.93624722247501e+112
1.74744373806170e+112
1.57463487605637e+112
1.41673988599672e+112
1.27272118889128e+112
1.14158597509863e+112
1.02238732739148e+112
9.14224907052197e+111
8.16245241362001e+111
7.27641650878562e+111
6.47653854495365e+111
5.75567289489436e+111
5.10712182642313e+111
4.52462407111280e+111
4.00234158082218e+111
3.53484478398043e+111
3.11709663371766e+111
2.74443571901740e+111
2.41255868847013e+111
2.11750221427585e+111
1.85562470219223e+111
1.62358793143112e+111
1.41833878731215e+111
1.23709122899529e+111
1.07730861500671e+111
9.36686490684232e+110
8.13135924207940e+110
7.04767461629130e+110
6.09875756317866e+110
5.26924914546518e+110
4.54534586519914e+110
3.91466821041059e+110
3.36613692136465e+110
2.88985697315402e+110
2.47700919649459e+110
2.11974939470658e+110
1.81111476128775e+110
1.54493735847512e+110
1.31576438197589e+110
1.11878490984037e+110
9.49762813461682e+109
8.04975495142779e+109
6.81158108815077e+109
5.75452917599388e+109
4.85363443279878e+109
4.08713067767848e+109
3.43607754662536e+109
2.88402569516466e+109
2.41671689878327e+109
2.02181610161233e+109
1.68867261461680e+109
1.40810782275460e+109
1.17222692307351e+109
9.74252379814443e+108
8.08376945986034e+108
6.69634261646611e+108
5.53785195700186e+108
4.57218249120629e+108
3.76862482182488e+108
3.10111565768339e+108
2.54757686631745e+108
2.08934158303794e+108
1.71065702985880e+108
1.39825475256585e+108
1.14097995836328e+108
9.29472531937647e+107
7.55893127117231e+107
6.13688477840484e+107
4.97390749573176e+107
4.02446364614914e+107
3.25070286079376e+107
2.62122239972686e+107
2.11001796990728e+107
1.69559629609136e+107
1.36022609837786e+107
1.08930722589995e+107
8.70840427264878e+106
6.94982640201594e+106
5.53674788737484e+106
4.40330917031753e+106
3.49579093372455e+106
2.77045912116174e+106
2.19177629579072e+106
1.73092013962189e+106
1.36455889119282e+106
1.07384125192135e+106
8.43564918422448e+105
6.61493562801608e+105
5.17796912316963e+105
4.04592686276562e+105
3.15572630794114e+105
2.45697838235931e+105
1.90951024186437e+105
1.48135527145419e+105
1.14712552866722e+105
8.86696564523142e+104
6.84146843889002e+104
5.26904229925936e+104
4.05060512574129e+104
3.10822023071710e+104
2.38070219202183e+104
1.82010948281803e+104
1.38895065548651e+104
1.05796347253735e+104
8.04353106538165e+103
6.10397383799864e+103
4.62344870743678e+103
3.49546106185406e+103
2.63770058063845e+103
1.98667420677097e+103
1.49350075636681e+103
1.12062253393431e+103
8.39239301966028e+102
6.27310062986011e+102
4.68000226572146e+102
3.48477387917410e+102
2.58979390917868e+102
1.92094607471757e+102
1.42207263859544e+102
1.05070855603288e+102
7.74807560929113e+101
5.70234783397258e+101
4.18850446359400e+101
3.07048372578695e+101
2.24643698985865e+101
1.64028139827997e+101
1.19529794589144e+101
8.69289966545170e+100
6.30929439514265e+100
4.57005541043906e+100
3.30357042226864e+100
2.38321897778775e+100
1.71577136111228e+100
1.23272652519102e+100
8.83858342126248e+99
6.32417511830074e+99
4.51572065829298e+99
3.21772432414083e+99
2.28805134737089e+99
1.62358269168828e+99
1.14966491539826e+99
8.12368036170987e+98
5.72816452984633e+98
4.03046941654501e+98
2.82989033607252e+98
1.98268494477691e+98
1.38613073084426e+98
9.66979495738721e+97
6.73114728060961e+97
4.67536795236968e+97
3.24036136858585e+97
2.24087726731958e+97
1.54627113986041e+97
1.06461385787721e+97
7.31363610892022e+96
5.01308631968138e+96
3.42849406241519e+96
2.33950370273297e+96
1.59280227941503e+96
1.08196552815911e+96
7.33286987234533e+95
4.95837136121444e+95
3.34506149559391e+95
2.25146165409883e+95
1.51187452123442e+95
1.01286830598343e+95
6.76973223874638e+94
4.51405092773814e+94
3.00284549554142e+94
1.99281115054783e+94
1.31935272842579e+94
8.71389337252309e+93
5.74136259024241e+93
3.77367001026071e+93
2.47430829060026e+93
1.61837555577596e+93
1.05592972748833e+93
6.87251120824096e+92
4.46185123592725e+92
2.88953719060561e+92
1.86659188682063e+92
1.20274227843767e+92
7.73022364392352e+91
4.95566453348597e+91
3.16880929998240e+91
2.02101061607661e+91
1.28562175911215e+91
8.15687339322438e+90
5.16171226310431e+90
3.25774444596263e+90
2.05062802437086e+90
1.28735057067111e+90
8.06009499342899e+89
5.03280507036267e+89
3.13400593517790e+89
1.94626653755903e+89
1.20534274157484e+89
7.44418885641427e+88
4.58474869907177e+88
2.81577311523162e+88
1.72447254551489e+88
1.05313451104413e+88
6.41316862049973e+87
3.89417026655626e+87
2.35777725483364e+87
1.42340390239616e+87
8.56806860457018e+86
5.14231725634011e+86
3.07714222234692e+86
1.83586414296948e+86
1.09201636764968e+86
6.47596711782300e+85
3.82875969346424e+85
2.25673489722042e+85
1.32605878499834e+85
7.76775469079280e+84
4.53596057878066e+84
2.64042898680870e+84
1.53215047201644e+84
8.86217165970584e+83
5.10952650406712e+83
2.93638301453310e+83
1.68199974552974e+83
9.60306314720271e+82
5.46453952204147e+82
3.09917716734377e+82
1.75177055920056e+82
9.86812835290532e+81
5.53997338644027e+81
3.09944743751657e+81
1.72803595425978e+81
9.60066176526317e+80
5.31517116271423e+80
2.93216641729768e+80
1.61176836312363e+80
8.82767726827128e+79
4.81733683235949e+79
2.61921431561226e+79
1.41881245375693e+79
7.65693785869353e+78
4.11668299039016e+78
2.20489365388273e+78
1.17641697674753e+78
6.25249803192015e+77
3.31016355798498e+77
1.74555541705022e+77
9.16833631989114e+76
4.79627701091937e+76
2.49895612807818e+76
1.29669303665235e+76
6.70074529002806e+75
3.44825454310371e+75
1.76704807627676e+75
9.01680099504365e+74
4.58135092621565e+74
2.31767812358917e+74
1.16738024391413e+74
5.85399043801659e+73
2.92248669688297e+73
1.45242582346828e+73
7.18548159722624e+72
3.53848616950327e+72
1.73443328351841e+72
8.46163926031853e+71
4.10852665563326e+71
1.98531684308710e+71
9.54690506261020e+70
4.56836600650750e+70
2.17520721987174e+70
1.03052199300280e+70
4.85742012910326e+69
2.27782411101529e+69
1.06261168763236e+69
4.93108015463319e+68
2.27612017930143e+68
1.04497507145901e+68
4.77139756671709e+67
2.16663059185896e+67
9.78348772992107e+66
4.39279946883271e+66
1.96108508688559e+66
8.70415621954561e+65
3.84060036628469e+65
1.68453478746149e+65
7.34403379170904e+64
3.18220172017922e+64
1.37032240814771e+64
5.86384618310334e+63
2.49326783415324e+63
1.05327717553338e+63
4.42042059851420e+62
1.84285199018245e+62
7.63099084532523e+61
3.13827915367746e+61
1.28167453732243e+61
5.19748995448875e+60
2.09262879576747e+60
8.36421117230073e+59
3.31850365162109e+59
1.30675145584471e+59
5.10651335875819e+58
1.98007950873084e+58
7.61748800355438e+57
2.90706403241074e+57
1.10040374089488e+57
4.13088739695729e+56
1.53767956234142e+56
5.67485717629586e+55
2.07607983879717e+55
7.52773818067300e+54
2.70486398468133e+54
9.62972036789682e+53
3.39620348075260e+53
1.18633537439793e+53
4.10368833890906e+52
1.40543577118714e+52
4.76465161937672e+51
1.59862129008050e+51
5.30715732190033e+50
1.74294867655942e+50
5.66127670930652e+49
1.81822889315573e+49
5.77272052687638e+48
1.81133887694780e+48
5.61553625381485e+47
1.71963310467269e+47
5.20007206749682e+46
1.55232596248746e+46
4.57322110419025e+45
1.32919088280609e+45
3.81006727947433e+44
1.07672817601967e+44
2.99881049446529e+43
8.22802859696529e+42
2.22317269981583e+42
5.91289361230778e+41
1.54734329519962e+41
3.98230228982301e+40
1.00747469915474e+40
2.50419107501871e+39
6.11229047003734e+38
1.46420369501990e+38
3.44036752599327e+37
7.92400746214609e+36
1.78787594972348e+36
3.94895144356541e+35
8.53217617216508e+34
1.80191320213427e+34
3.71659603337682e+33
7.48019170034735e+32
1.46767280184895e+32
2.80453285359086e+31
5.21364821219737e+30
9.41833772517380e+29
1.65128554852104e+29
2.80613061975810e+28
4.61537718882745e+27
7.33573567083977e+26
1.12481698012369e+26
1.66080806853419e+25
2.35655649308521e+24
3.20620355130170e+23
4.17246038942072e+22
5.17960900251732e+21
6.11481840610339e+20
6.84175635205481e+19
7.22720831120902e+18
7.17595199016447e+17
6.66338420854209e+16
5.75256199033485e+15
458537552547648
33469894407296.0
2214919483792.00
131254487936.000
6856577728.00000
309319296
11716640
357760
8256
128
1