1
128
8256
357760
11716640
309319296
6856577728.00000
131254487808.000
2214919467536.00
33469893366912.0
458537507811136
5.75256053639821e+15
6.66338039922809e+16
7.17594360967367e+17
7.22719238827653e+18
6.84172968114296e+19
6.11477839973614e+20
5.17955459385985e+21
4.17239262591686e+22
3.20612562328643e+23
2.35647317008228e+24
1.66072474558206e+25
1.12473865662811e+26
7.33504055093347e+26
4.61479247174763e+27
2.80566284777554e+28
1.65092856647081e+29
9.41573177480098e+29
5.21182406463652e+30
2.80330571565020e+31
1.46687784334483e+32
7.47522331817227e+32
3.71359521378544e+33
1.80015893786468e+34
8.52223576991337e+34
3.94348451134173e+35
1.78495415622565e+36
7.90881530889220e+36
3.43267414403955e+37
1.46040550174346e+38
6.09399242838984e+38
2.49558151933673e+39
1.00351499038579e+40
3.96448716394459e+40
1.53949681009938e+41
5.87903869634316e+41
2.20885372209758e+42
8.16862479689758e+42
2.97462345813923e+43
1.06705746042280e+44
3.77207709856105e+44
1.31452058349225e+45
4.51750649655972e+45
1.53150697776361e+46
5.12349492534615e+46
1.69189555194246e+47
5.51655823616926e+47
1.77653114481369e+48
5.65204012126136e+48
1.77696474293200e+49
5.52208000018638e+49
1.69660997507705e+50
5.15487449464594e+50
1.54920407395695e+51
4.60625386627648e+51
1.35527299438066e+52
3.94669186779156e+52
1.13776362906589e+53
3.24762061180401e+53
9.18020257735406e+53
2.57033482742273e+54
7.12938142936757e+54
1.95934359525375e+55
5.33624276322648e+55
1.44043690893886e+56
3.85435730724068e+56
1.02252084245612e+57
2.68977729160719e+57
7.01688075397163e+57
1.81557167461966e+58
4.65994139993039e+58
1.18658778828949e+59
2.99795223924466e+59
7.51634179454406e+59
1.87023177007182e+60
4.61891721067033e+60
1.13236952675742e+61
2.75604017732824e+61
6.66004531061550e+61
1.59811046513601e+62
3.80817533657412e+62
9.01257841241140e+62
2.11857352070310e+63
4.94697528863263e+63
1.14756163183586e+64
2.64478135807732e+64
6.05644085634180e+64
1.37814435944953e+65
3.11642140951379e+65
7.00383255584713e+65
1.56446733560953e+66
3.47360709456907e+66
7.66672442526169e+66
1.68222764029060e+67
3.66974172817873e+67
7.95960368325192e+67
1.71664824167107e+68
3.68157095831253e+68
7.85189482040271e+68
1.66545169265985e+69
3.51343658581913e+69
7.37225555626766e+69
1.53872830168621e+70
3.19478308440252e+70
6.59876613894548e+70
1.35596839867346e+71
2.77220229860244e+71
5.63912030725715e+71
1.14138193381016e+72
2.29882267002141e+72
4.60740088002898e+72
9.18974294416090e+72
1.82418097681014e+73
3.60387430826645e+73
7.08643921909866e+73
1.38695507357014e+74
2.70203780981703e+74
5.24002781096803e+74
1.01159573568921e+75
1.94414814930852e+75
3.71978719291987e+75
7.08582270450537e+75
1.34388675217093e+76
2.53776680866096e+76
4.77170452188948e+76
8.93396007779569e+76
1.66563048859736e+77
3.09237945814612e+77
5.71743663050786e+77
1.05273517012729e+78
1.93045892441222e+78
3.52565547887002e+78
6.41314432600556e+78
1.16189721551087e+79
2.09673451391703e+79
3.76887263797990e+79
6.74815088056217e+79
1.20358346176155e+80
2.13844618354234e+80
3.78497918316858e+80
6.67396437927016e+80
1.17238823705958e+81
2.05181386838972e+81
3.57762632731712e+81
6.21518243615109e+81
1.07578593899421e+82
1.85533328573754e+82
3.18825414027974e+82
5.45920636824478e+82
9.31455612412824e+82
1.58365731612372e+83
2.68309972223845e+83
4.53000803583585e+83
7.62179966446726e+83
1.27797446248807e+84
2.13551413846048e+84
3.55637664325536e+84
5.90265390087611e+84
9.76405616663244e+84
1.60977644297794e+85
2.64522153365335e+85
4.33239868037777e+85
7.07250453166146e+85
1.15081350698842e+86
1.86651670148577e+86
3.01760379942791e+86
4.86299739103383e+86
7.81205498568040e+86
1.25098995169528e+87
1.99699671805242e+87
3.17792390497518e+87
5.04149978204914e+87
7.97321588342135e+87
1.25710656667336e+88
1.97598049697443e+88
3.09650854859282e+88
4.83780063535062e+88
7.53557836682973e+88
1.17026695571670e+89
1.81200635089670e+89
2.79735452688049e+89
4.30580975033407e+89
6.60827507070273e+89
1.01123866626836e+90
1.54297093272713e+90
2.34750487274191e+90
3.56127912407556e+90
5.38718971735857e+90
8.12608162826604e+90
1.22227400423695e+91
1.83328592777032e+91
2.74202710518235e+91
4.08976909685308e+91
6.08298666248443e+91
9.02259406831424e+91
1.33458988579928e+92
1.96866310270370e+92
2.89605877570679e+92
4.24874734013920e+92
6.21637353028233e+92
9.07070397560409e+92
1.32001098609346e+93
1.91580657416154e+93
2.77311686243599e+93
4.00342648045058e+93
5.76431133316127e+93
8.27788785551720e+93
1.18563982023698e+94
1.69375923678086e+94
2.41335222912756e+94
3.42976448784667e+94
4.86168480393261e+94
6.87373072883406e+94
9.69361344233440e+94
1.36354834372456e+95
1.91315953258827e+95
2.67751383679057e+95
3.73780112874243e+95
5.20485425601802e+95
7.22957564538914e+95
1.00168870370833e+96
1.38443420125547e+96
1.90868923927870e+96
2.62497537208114e+96
3.60119001607894e+96
4.92834707482356e+96
6.72813314592573e+96
9.16282664866537e+96
1.24482836366515e+97
1.68708925615380e+97
2.28096513777001e+97
3.07648370971485e+97
4.13951361197337e+97
5.55656027937097e+97
7.44094373304439e+97
9.94073510385705e+97
1.32489251430413e+98
1.76164173669056e+98
2.33685857881812e+98
3.09263183499810e+98
4.08326892616464e+98
5.37866747953273e+98
7.06856575830689e+98
9.26788656043738e+98
1.21234377357529e+99
1.58222909835264e+99
2.06022309001260e+99
2.67647504346694e+99
3.46911693674512e+99
4.48625718702894e+99
5.78844007181811e+99
7.45167127621694e+99
9.57112967183986e+99
1.22657084481536e+100
1.56835555777997e+100
2.00088148228894e+100
2.54698046428501e+100
3.23489140517016e+100
4.09945423377164e+100
5.18354642781829e+100
6.53980647581792e+100
8.23269572505663e+100
1.03409580150529e+101
1.29605454179961e+101
1.62080883643630e+101
2.02249994823840e+101
2.51823126740743e+101
3.12863723247123e+101
3.87855021162065e+101
4.79777986850896e+101
5.92202123031648e+101
7.29390948005890e+101
8.96424139960134e+101
1.09933853799487e+102
1.34529039712101e+102
1.64274150403522e+102
2.00167197080054e+102
2.43382273064117e+102
2.95297095913857e+102
3.57524182956744e+102
4.31946017641170e+102
5.20754577879568e+102
6.26495607724809e+102
7.52118019353201e+102
9.01028812395362e+102
1.07715389104766e+103
1.28500514492252e+103
1.52975413600296e+103
1.81731270005570e+103
2.15442072510535e+103
2.54874131075670e+103
3.00896343898549e+103
3.54491219827992e+103
4.16766649759866e+103
4.88968408356144e+103
5.72493353286107e+103
6.68903273159194e+103
7.79939317385770e+103
9.07536921385023e+103
1.05384111892125e+104
1.22122211000267e+104
1.41229092788640e+104
1.62991502252337e+104
1.87723355053618e+104
2.15767213390378e+104
2.47495682135212e+104
2.83312695851053e+104
3.23654664574751e+104
3.68991443687208e+104
4.19827090826140e+104
4.76700370719033e+104
5.40184967097580e+104
6.10889359582258e+104
6.89456322680050e+104
7.76562003903079e+104
8.72914538572918e+104
9.79252160202738e+104
1.09634076751932e+105
1.22497091226313e+105
1.36595417594040e+105
1.52011890873570e+105
1.68830530985200e+105
1.87135983563222e+105
2.07012892991911e+105
2.28545208019111e+105
2.51815421301149e+105
2.76903745316040e+105
3.03887228237345e+105
3.32838814575004e+105
3.63826356645507e+105
3.96911584213443e+105
4.32149040928541e+105
4.69584997443962e+105
5.09256352318010e+105
5.51189532946616e+105
5.95399409821003e+105
6.41888238326703e+105
6.90644643069468e+105
7.41642660304628e+105
7.94840854434198e+105
8.50181524698230e+105
9.07590018103636e+105
9.66974164288733e+105
1.02822384740280e+106
1.09121072917932e+106
1.15578813619646e+106
1.22179112285204e+106
1.28903671984057e+106
1.35732437592194e+106
1.42643659853540e+106
1.49613979636424e+106
1.56618532432887e+106
1.63631072871485e+106
1.70624118727083e+106
1.77569113618393e+106
1.84436607290675e+106
1.91196452092218e+106
1.97818013974195e+106
2.04270396079601e+106
2.10522672743345e+106
2.16544131507379e+106
2.22304520566464e+106
2.27774298906311e+106
2.32924886279952e+106
2.37728910093525e+106
2.42160446241527e+106
2.46195250945706e+106
2.49810980711802e+106
2.52987397624347e+106
2.55706557350657e+106
2.57952977419124e+106
2.59713783571328e+106
2.60978832258689e+106
2.61740807658183e+106
2.61995291913082e+106
2.61740807658183e+106
2.60978832258689e+106
2.59713783571328e+106
2.57952977419124e+106
2.55706557350657e+106
2.52987397624347e+106
2.49810980711802e+106
2.46195250945706e+106
2.42160446241527e+106
2.37728910093525e+106
2.32924886279952e+106
2.27774298906311e+106
2.22304520566464e+106
2.16544131507379e+106
2.10522672743345e+106
2.04270396079601e+106
1.97818013974195e+106
1.91196452092218e+106
1.84436607290675e+106
1.77569113618393e+106
1.70624118727083e+106
1.63631072871485e+106
1.56618532432887e+106
1.49613979636424e+106
1.42643659853540e+106
1.35732437592194e+106
1.28903671984057e+106
1.22179112285204e+106
1.15578813619646e+106
1.09121072917932e+106
1.02822384740280e+106
9.66974164288733e+105
9.07590018103636e+105
8.50181524698230e+105
7.94840854434198e+105
7.41642660304628e+105
6.90644643069468e+105
6.41888238326703e+105
5.95399409821003e+105
5.51189532946616e+105
5.09256352318010e+105
4.69584997443962e+105
4.32149040928541e+105
3.96911584213443e+105
3.63826356645507e+105
3.32838814575004e+105
3.03887228237345e+105
2.76903745316040e+105
2.51815421301149e+105
2.28545208019111e+105
2.07012892991911e+105
1.87135983563222e+105
1.68830530985200e+105
1.52011890873570e+105
1.36595417594040e+105
1.22497091226313e+105
1.09634076751932e+105
9.79252160202738e+104
8.72914538572918e+104
7.76562003903079e+104
6.89456322680050e+104
6.10889359582258e+104
5.40184967097580e+104
4.76700370719033e+104
4.19827090826140e+104
3.68991443687208e+104
3.23654664574751e+104
2.83312695851053e+104
2.47495682135212e+104
2.15767213390378e+104
1.87723355053618e+104
1.62991502252337e+104
1.41229092788640e+104
1.22122211000267e+104
1.05384111892125e+104
9.07536921385023e+103
7.79939317385770e+103
6.68903273159194e+103
5.72493353286107e+103
4.88968408356144e+103
4.16766649759866e+103
3.54491219827992e+103
3.00896343898549e+103
2.54874131075670e+103
2.15442072510535e+103
1.81731270005570e+103
1.52975413600296e+103
1.28500514492252e+103
1.07715389104766e+103
9.01028812395362e+102
7.52118019353201e+102
6.26495607724809e+102
5.20754577879568e+102
4.31946017641170e+102
3.57524182956744e+102
2.95297095913857e+102
2.43382273064117e+102
2.00167197080054e+102
1.64274150403522e+102
1.34529039712101e+102
1.09933853799487e+102
8.96424139960134e+101
7.29390948005890e+101
5.92202123031648e+101
4.79777986850896e+101
3.87855021162065e+101
3.12863723247123e+101
2.51823126740743e+101
2.02249994823840e+101
1.62080883643630e+101
1.29605454179961e+101
1.03409580150529e+101
8.23269572505663e+100
6.53980647581792e+100
5.18354642781829e+100
4.09945423377164e+100
3.23489140517016e+100
2.54698046428501e+100
2.00088148228894e+100
1.56835555777997e+100
1.22657084481536e+100
9.57112967183986e+99
7.45167127621694e+99
5.78844007181811e+99
4.48625718702894e+99
3.46911693674512e+99
2.67647504346694e+99
2.06022309001260e+99
1.58222909835264e+99
1.21234377357529e+99
9.26788656043738e+98
7.06856575830689e+98
5.37866747953273e+98
4.08326892616464e+98
3.09263183499810e+98
2.33685857881812e+98
1.76164173669056e+98
1.32489251430413e+98
9.94073510385705e+97
7.44094373304439e+97
5.55656027937097e+97
4.13951361197337e+97
3.07648370971485e+97
2.28096513777001e+97
1.68708925615380e+97
1.24482836366515e+97
9.16282664866537e+96
6.72813314592573e+96
4.92834707482356e+96
3.60119001607894e+96
2.62497537208114e+96
1.90868923927870e+96
1.38443420125547e+96
1.00168870370833e+96
7.22957564538914e+95
5.20485425601802e+95
3.73780112874243e+95
2.67751383679057e+95
1.91315953258827e+95
1.36354834372456e+95
9.69361344233440e+94
6.87373072883406e+94
4.86168480393261e+94
3.42976448784667e+94
2.41335222912756e+94
1.69375923678086e+94
1.18563982023698e+94
8.27788785551720e+93
5.76431133316127e+93
4.00342648045058e+93
2.77311686243599e+93
1.91580657416154e+93
1.32001098609346e+93
9.07070397560409e+92
6.21637353028233e+92
4.24874734013920e+92
2.89605877570679e+92
1.96866310270370e+92
1.33458988579928e+92
9.02259406831424e+91
6.08298666248443e+91
4.08976909685308e+91
2.74202710518235e+91
1.83328592777032e+91
1.22227400423695e+91
8.12608162826604e+90
5.38718971735857e+90
3.56127912407556e+90
2.34750487274191e+90
1.54297093272713e+90
1.01123866626836e+90
6.60827507070273e+89
4.30580975033407e+89
2.79735452688049e+89
1.81200635089670e+89
1.17026695571670e+89
7.53557836682973e+88
4.83780063535062e+88
3.09650854859282e+88
1.97598049697443e+88
1.25710656667336e+88
7.97321588342135e+87
5.04149978204914e+87
3.17792390497518e+87
1.99699671805242e+87
1.25098995169528e+87
7.81205498568040e+86
4.86299739103383e+86
3.01760379942791e+86
1.86651670148577e+86
1.15081350698842e+86
7.07250453166146e+85
4.33239868037777e+85
2.64522153365335e+85
1.60977644297794e+85
9.76405616663244e+84
5.90265390087611e+84
3.55637664325536e+84
2.13551413846048e+84
1.27797446248807e+84
7.62179966446726e+83
4.53000803583585e+83
2.68309972223845e+83
1.58365731612372e+83
9.31455612412824e+82
5.45920636824478e+82
3.18825414027974e+82
1.85533328573754e+82
1.07578593899421e+82
6.21518243615109e+81
3.57762632731712e+81
2.05181386838972e+81
1.17238823705958e+81
6.67396437927016e+80
3.78497918316858e+80
2.13844618354234e+80
1.20358346176155e+80
6.74815088056217e+79
3.76887263797990e+79
2.09673451391703e+79
1.16189721551087e+79
6.41314432600556e+78
3.52565547887002e+78
1.93045892441222e+78
1.05273517012729e+78
5.71743663050786e+77
3.09237945814612e+77
1.66563048859736e+77
8.93396007779569e+76
4.77170452188948e+76
2.53776680866096e+76
1.34388675217093e+76
7.08582270450537e+75
3.71978719291987e+75
1.94414814930852e+75
1.01159573568921e+75
5.24002781096803e+74
2.70203780981703e+74
1.38695507357014e+74
7.08643921909866e+73
3.60387430826645e+73
1.82418097681014e+73
9.18974294416090e+72
4.60740088002898e+72
2.29882267002141e+72
1.14138193381016e+72
5.63912030725715e+71
2.77220229860244e+71
1.35596839867346e+71
6.59876613894548e+70
3.19478308440252e+70
1.53872830168621e+70
7.37225555626766e+69
3.51343658581913e+69
1.66545169265985e+69
7.85189482040271e+68
3.68157095831253e+68
1.71664824167107e+68
7.95960368325192e+67
3.66974172817873e+67
1.68222764029060e+67
7.66672442526169e+66
3.47360709456907e+66
1.56446733560953e+66
7.00383255584713e+65
3.11642140951379e+65
1.37814435944953e+65
6.05644085634180e+64
2.64478135807732e+64
1.14756163183586e+64
4.94697528863263e+63
2.11857352070310e+63
9.01257841241140e+62
3.80817533657412e+62
1.59811046513601e+62
6.66004531061550e+61
2.75604017732824e+61
1.13236952675742e+61
4.61891721067033e+60
1.87023177007182e+60
7.51634179454406e+59
2.99795223924466e+59
1.18658778828949e+59
4.65994139993039e+58
1.81557167461966e+58
7.01688075397163e+57
2.68977729160719e+57
1.02252084245612e+57
3.85435730724068e+56
1.44043690893886e+56
5.33624276322648e+55
1.95934359525375e+55
7.12938142936757e+54
2.57033482742273e+54
9.18020257735406e+53
3.24762061180401e+53
1.13776362906589e+53
3.94669186779156e+52
1.35527299438066e+52
4.60625386627648e+51
1.54920407395695e+51
5.15487449464594e+50
1.69660997507705e+50
5.52208000018638e+49
1.77696474293200e+49
5.65204012126136e+48
1.77653114481369e+48
5.51655823616926e+47
1.69189555194246e+47
5.12349492534615e+46
1.53150697776361e+46
4.51750649655972e+45
1.31452058349225e+45
3.77207709856105e+44
1.06705746042280e+44
2.97462345813923e+43
8.16862479689758e+42
2.20885372209758e+42
5.87903869634316e+41
1.53949681009938e+41
3.96448716394459e+40
1.00351499038579e+40
2.49558151933673e+39
6.09399242838984e+38
1.46040550174346e+38
3.43267414403955e+37
7.90881530889220e+36
1.78495415622565e+36
3.94348451134173e+35
8.52223576991337e+34
1.80015893786468e+34
3.71359521378544e+33
7.47522331817227e+32
1.46687784334483e+32
2.80330571565020e+31
5.21182406463652e+30
9.41573177480098e+29
1.65092856647081e+29
2.80566284777554e+28
4.61479247174763e+27
7.33504055093347e+26
1.12473865662811e+26
1.66072474558206e+25
2.35647317008228e+24
3.20612562328643e+23
4.17239262591686e+22
5.17955459385985e+21
6.11477839973614e+20
6.84172968114296e+19
7.22719238827653e+18
7.17594360967367e+17
6.66338039922809e+16
5.75256053639821e+15
458537507811136
33469893366912.0
2214919467536.00
131254487808.000
6856577728.00000
309319296
11716640
357760
8256
128
1