1
128
8256
357760
11716512
309302912
6855520960.00000
131208694656.000
2213419762128.00
33430302594176.0
457659978760000
5.73576436954560e+15
6.63504291237176e+16
7.13313606226627e+17
7.16857210943498e+18
6.76823190948454e+19
6.02970991006930e+20
5.08803303383087e+21
4.08033044634938e+22
3.11910353197918e+23
2.27883615421503e+24
1.59510032284175e+25
1.07200452579666e+26
6.93096960532914e+26
4.31876253881306e+27
2.59779783869827e+28
1.51072795600624e+29
8.50558987875162e+29
4.64211767873077e+30
2.45887529972935e+31
1.26544631205137e+32
6.33406925229588e+32
3.08651767855219e+33
1.46551228716450e+34
6.78590963943534e+34
3.06665762408469e+35
1.35357176198560e+36
5.83925457656677e+36
2.46364290838148e+37
1.01720983153396e+38
4.11253259474814e+38
1.62897425953830e+39
6.32488580510271e+39
2.40846689836954e+40
8.99877408392666e+40
3.30047014874903e+41
1.18878642208656e+42
4.20672848159687e+42
1.46307519518774e+43
5.00301269279428e+43
1.68264878631923e+44
5.56800577709901e+44
1.81339042312883e+45
5.81438226512043e+45
1.83597205292539e+46
5.71088098084183e+46
1.75038699869262e+47
5.28778332223382e+47
1.57482413773590e+48
4.62503849679803e+48
1.33975558364636e+49
3.82878532729614e+49
1.07973300398301e+50
3.00526623897294e+50
8.25750428715016e+50
2.24026259351064e+51
6.00226775720431e+51
1.58846402014329e+52
4.15299660806783e+52
1.07285740720326e+53
2.73898903850300e+53
6.91155481964967e+53
1.72411204048697e+54
4.25230540054497e+54
1.03708794369542e+55
2.50149644603625e+55
5.96810546512416e+55
1.40858390060337e+56
3.28922971135291e+56
7.60019812786676e+56
1.73790981796441e+57
3.93325441102385e+57
8.81147717292430e+57
1.95418320065647e+58
4.29089947014818e+58
9.32917507085180e+58
2.00860276780199e+59
4.28295625360569e+59
9.04552285843910e+59
1.89236420899092e+60
3.92189765449457e+60
8.05279571848434e+60
1.63829988465472e+61
3.30272813166346e+61
6.59812319407645e+61
1.30638362145150e+62
2.56364212378484e+62
4.98669983137137e+62
9.61546225691397e+62
1.83805865913687e+63
3.48346289934568e+63
6.54568704172185e+63
1.21960831399845e+64
2.25338166652491e+64
4.12881889711167e+64
7.50274850530053e+64
1.35221126063810e+65
2.41726242320750e+65
4.28630447482368e+65
7.53956808267691e+65
1.31564231552113e+66
2.27761455855734e+66
3.91197631995692e+66
6.66665244745942e+66
1.12729223795775e+67
1.89148675854701e+67
3.14940609463157e+67
5.20394367811369e+67
8.53364552336286e+67
1.38884492424596e+68
2.24341007288547e+68
3.59680996798539e+68
5.72397823453690e+68
9.04206076688629e+68
1.41789065229237e+69
2.20719360442899e+69
3.41095978517152e+69
5.23319567989414e+69
7.97125868202578e+69
1.20551152502372e+70
1.81015175829374e+70
2.69880826275790e+70
3.99536466392262e+70
5.87329414132072e+70
8.57356147833992e+70
1.24281904134882e+71
1.78909852715776e+71
2.55771790324411e+71
3.63140799583761e+71
5.12050924649495e+71
7.17097759927635e+71
9.97428523138046e+71
1.37795243584463e+72
1.89080279357618e+72
2.57708102017493e+72
3.48890971603938e+72
4.69181563245741e+72
6.26745402678994e+72
8.31667239996431e+72
1.09628937009777e+73
1.43557763721655e+73
1.86750810080037e+73
2.41346411315475e+73
3.09862992795423e+73
3.95236303282938e+73
5.00852334179113e+73
6.30573341331835e+73
7.88754025158437e+73
9.80244632472188e+73
1.21037755559860e+74
1.48493395918552e+74
1.81008710023505e+74
2.19231935668975e+74
2.63831057210082e+74
3.15479617596173e+74
3.74839465488411e+74
4.42540531561475e+74
5.19157886414774e+74
6.05186507216182e+74
7.01014363802776e+74
8.06894618065390e+74
9.22917902051407e+74
1.04898578827331e+75
1.18478667778230e+75
1.32977539569945e+75
1.48315778952970e+75
1.64388156449729e+75
1.81063445736114e+75
1.98185064472357e+75
2.15572600732284e+75
2.33024253660405e+75
2.50320178714643e+75
2.67226686573807e+75
2.83501202597461e+75
2.98897852949315e+75
3.13173506553308e+75
3.26094071295170e+75
3.37440820427957e+75
3.47016512710217e+75
3.54651068589205e+75
3.60206575287688e+75
3.63581415805458e+75
3.64713349729888e+75
3.63581415805458e+75
3.60206575287688e+75
3.54651068589205e+75
3.47016512710217e+75
3.37440820427957e+75
3.26094071295170e+75
3.13173506553308e+75
2.98897852949315e+75
2.83501202597461e+75
2.67226686573807e+75
2.50320178714643e+75
2.33024253660405e+75
2.15572600732284e+75
1.98185064472357e+75
1.81063445736114e+75
1.64388156449729e+75
1.48315778952970e+75
1.32977539569945e+75
1.18478667778230e+75
1.04898578827331e+75
9.22917902051407e+74
8.06894618065390e+74
7.01014363802776e+74
6.05186507216182e+74
5.19157886414774e+74
4.42540531561475e+74
3.74839465488411e+74
3.15479617596173e+74
2.63831057210082e+74
2.19231935668975e+74
1.81008710023505e+74
1.48493395918552e+74
1.21037755559860e+74
9.80244632472188e+73
7.88754025158437e+73
6.30573341331835e+73
5.00852334179113e+73
3.95236303282938e+73
3.09862992795423e+73
2.41346411315475e+73
1.86750810080037e+73
1.43557763721655e+73
1.09628937009777e+73
8.31667239996431e+72
6.26745402678994e+72
4.69181563245741e+72
3.48890971603938e+72
2.57708102017493e+72
1.89080279357618e+72
1.37795243584463e+72
9.97428523138046e+71
7.17097759927635e+71
5.12050924649495e+71
3.63140799583761e+71
2.55771790324411e+71
1.78909852715776e+71
1.24281904134882e+71
8.57356147833992e+70
5.87329414132072e+70
3.99536466392262e+70
2.69880826275790e+70
1.81015175829374e+70
1.20551152502372e+70
7.97125868202578e+69
5.23319567989414e+69
3.41095978517152e+69
2.20719360442899e+69
1.41789065229237e+69
9.04206076688629e+68
5.72397823453690e+68
3.59680996798539e+68
2.24341007288547e+68
1.38884492424596e+68
8.53364552336286e+67
5.20394367811369e+67
3.14940609463157e+67
1.89148675854701e+67
1.12729223795775e+67
6.66665244745942e+66
3.91197631995692e+66
2.27761455855734e+66
1.31564231552113e+66
7.53956808267691e+65
4.28630447482368e+65
2.41726242320750e+65
1.35221126063810e+65
7.50274850530053e+64
4.12881889711167e+64
2.25338166652491e+64
1.21960831399845e+64
6.54568704172185e+63
3.48346289934568e+63
1.83805865913687e+63
9.61546225691397e+62
4.98669983137137e+62
2.56364212378484e+62
1.30638362145150e+62
6.59812319407645e+61
3.30272813166346e+61
1.63829988465472e+61
8.05279571848434e+60
3.92189765449457e+60
1.89236420899092e+60
9.04552285843910e+59
4.28295625360569e+59
2.00860276780199e+59
9.32917507085180e+58
4.29089947014818e+58
1.95418320065647e+58
8.81147717292430e+57
3.93325441102385e+57
1.73790981796441e+57
7.60019812786676e+56
3.28922971135291e+56
1.40858390060337e+56
5.96810546512416e+55
2.50149644603625e+55
1.03708794369542e+55
4.25230540054497e+54
1.72411204048697e+54
6.91155481964967e+53
2.73898903850300e+53
1.07285740720326e+53
4.15299660806783e+52
1.58846402014329e+52
6.00226775720431e+51
2.24026259351064e+51
8.25750428715016e+50
3.00526623897294e+50
1.07973300398301e+50
3.82878532729614e+49
1.33975558364636e+49
4.62503849679803e+48
1.57482413773590e+48
5.28778332223382e+47
1.75038699869262e+47
5.71088098084183e+46
1.83597205292539e+46
5.81438226512043e+45
1.81339042312883e+45
5.56800577709901e+44
1.68264878631923e+44
5.00301269279428e+43
1.46307519518774e+43
4.20672848159687e+42
1.18878642208656e+42
3.30047014874903e+41
8.99877408392666e+40
2.40846689836954e+40
6.32488580510271e+39
1.62897425953830e+39
4.11253259474814e+38
1.01720983153396e+38
2.46364290838148e+37
5.83925457656677e+36
1.35357176198560e+36
3.06665762408469e+35
6.78590963943534e+34
1.46551228716450e+34
3.08651767855219e+33
6.33406925229588e+32
1.26544631205137e+32
2.45887529972935e+31
4.64211767873077e+30
8.50558987875162e+29
1.51072795600624e+29
2.59779783869827e+28
4.31876253881306e+27
6.93096960532914e+26
1.07200452579666e+26
1.59510032284175e+25
2.27883615421503e+24
3.11910353197918e+23
4.08033044634938e+22
5.08803303383087e+21
6.02970991006930e+20
6.76823190948454e+19
7.16857210943498e+18
7.13313606226627e+17
6.63504291237176e+16
5.73576436954560e+15
457659978760000
33430302594176.0
2213419762128.00
131208694656.000
6855520960.00000
309302912
11716512
357760
8256
128
1