1
128
8128
341376
10668000
264566400
5423611200
94525795200
1429702652400
19062702032000
226846154180800
2.4334405630304e+15
2.37260454895464e+16
2.11709328983645e+17
1.73904091665137e+18
1.32167109665504e+19
9.33430212012622e+19
6.14965786737727e+20
3.79228901821599e+21
2.1955357473882e+22
1.19656698232657e+23
6.15377305196522e+23
2.99297143891036e+24
1.37936944575869e+25
6.03474132519425e+25
2.51045239128081e+26
9.94525370392012e+26
3.75709584370316e+27
1.3552381436215e+28
4.67323497800516e+28
1.5421675427417e+29
4.87523932866732e+29
1.47780692150228e+30
4.29907468073391e+30
1.20121204314624e+31
3.2261123444499e+31
8.33412355649557e+31
2.07226855999349e+32
4.96253786735284e+32
1.14520104631219e+33
2.54807232804463e+33
5.46903328946165e+33
1.13287118138848e+34
2.26574236277697e+34
4.37700229172823e+34
8.1704042778927e+34
1.47422511970673e+35
2.57205233650961e+35
4.34033831785996e+35
7.08626664140402e+35
1.11963012934184e+36
1.71237549193457e+36
2.53563293998004e+36
3.63600195166949e+36
5.05000271065207e+36
6.7945491016046e+36
8.85718007887743e+36
1.11880169417399e+37
1.36956759114402e+37
1.62491070135732e+37
1.86864730656091e+37
2.08308224337938e+37
2.25107274687772e+37
2.35826668720523e+37
2.39511460419281e+37
2.35826668720523e+37
2.25107274687772e+37
2.08308224337938e+37
1.86864730656091e+37
1.62491070135732e+37
1.36956759114402e+37
1.11880169417399e+37
8.85718007887743e+36
6.7945491016046e+36
5.05000271065207e+36
3.63600195166949e+36
2.53563293998004e+36
1.71237549193457e+36
1.11963012934184e+36
7.08626664140402e+35
4.34033831785996e+35
2.57205233650961e+35
1.47422511970673e+35
8.1704042778927e+34
4.37700229172823e+34
2.26574236277697e+34
1.13287118138848e+34
5.46903328946165e+33
2.54807232804463e+33
1.14520104631219e+33
4.96253786735284e+32
2.07226855999349e+32
8.33412355649557e+31
3.2261123444499e+31
1.20121204314624e+31
4.29907468073391e+30
1.47780692150228e+30
4.87523932866732e+29
1.5421675427417e+29
4.67323497800516e+28
1.3552381436215e+28
3.75709584370316e+27
9.94525370392012e+26
2.51045239128081e+26
6.03474132519425e+25
1.37936944575869e+25
2.99297143891036e+24
6.15377305196522e+23
1.19656698232657e+23
2.1955357473882e+22
3.79228901821599e+21
6.14965786737727e+20
9.33430212012622e+19
1.32167109665504e+19
1.73904091665137e+18
2.11709328983645e+17
2.37260454895464e+16
2.4334405630304e+15
226846154180800
19062702032000
1429702652400
94525795200
5423611200
264566400
10668000
341376
8128
128
1
