 -768
 -764
 -760
 -756
 -752
 -748
 -744
 -740
 -736
 -732
 -728
 -724
 -720
 -716
 -712
 -708
 -704
 -700
 -696
 -692
 -688
 -684
 -680
 -676
 -672
 -668
 -664
 -660
 -656
 -652
 -648
 -644
 -640
 -636
 -632
 -628
 -624
 -620
 -616
 -612
 -608
 -604
 -600
 -596
 -592
 -588
 -584
 -580
 -576
 -572
 -568
 -564
 -560
 -556
 -552
 -548
 -544
 -540
 -536
 -532
 -528
 -524
 -520
 -516
 -512
 -508
 -504
 -500
 -496
 -492
 -488
 -484
 -480
 -476
 -472
 -468
 -464
 -460
 -456
 -452
 -448
 -444
 -440
 -436
 -432
 -428
 -424
 -420
 -416
 -412
 -408
 -404
 -400
 -396
 -392
 -388
 -384
 -380
 -376
 -372
 -368
 -364
 -360
 -356
 -352
 -348
 -344
 -340
 -336
 -332
 -328
 -324
 -320
 -316
 -312
 -308
 -304
 -300
 -296
 -292
 -288
 -284
 -280
 -276
 -272
 -268
 -264
 -260
 -256
 -252
 -248
 -244
 -240
 -236
 -232
 -228
 -224
 -220
 -216
 -212
 -208
 -204
 -200
 -196
 -192
 -188
 -184
 -180
 -176
 -172
 -168
 -164
 -160
 -156
 -152
 -148
 -144
 -140
 -136
 -132
 -128
 -124
 -120
 -116
 -112
 -108
 -104
 -100
 -96
 -92
 -88
 -84
 -80
 -76
 -72
 -68
 -64
 -60
 -56
 -52
 -48
 -44
 -40
 -36
 -32
 -28
 -24
 -20
 -16
 -12
 -8
 -4
 0
 4
 8
 12
 16
 20
 24
 28
 32
 36
 40
 44
 48
 52
 56
 60
 64
 68
 72
 76
 80
 84
 88
 92
 96
 100
 104
 108
 112
 116
 120
 124
 128
 132
 136
 140
 144
 148
 152
 156
 160
 164
 168
 172
 176
 180
 184
 188
 192
 196
 200
 204
 208
 212
 216
 220
 224
 228
 232
 236
 240
 244
 248
 252
 256
 260
 264
 268
 272
 276
 280
 284
 288
 292
 296
 300
 304
 308
 312
 316
 320
 324
 328
 332
 336
 340
 344
 348
 352
 356
 360
 364
 368
 372
 376
 380
 384
 388
 392
 396
 400
 404
 408
 412
 416
 420
 424
 428
 432
 436
 440
 444
 448
 452
 456
 460
 464
 468
 472
 476
 480
 484
 488
 492
 496
 500
 504
 508
 512
 516
 520
 524
 528
 532
 536
 540
 544
 548
 552
 556
 560
 564
 568
 572
 576
 580
 584
 588
 592
 596
 600
 604
 608
 612
 616
 620
 624
 628
 632
 636
 640
 644
 648
 652
 656
 660
 664
 668
 672
 676
 680
 684
 688
 692
 696
 700
 704
 708
 712
 716
 720
 724
 728
 732
 736
 740
 744
 748
 752
 756
 760
 764
 768
