1 5 30 6 35 7 66 426 71 431 36 396
2 0 31 7 30 8 67 427 66 426 37 397
3 1 32 8 31 9 68 428 67 427 38 398
4 2 33 9 32 10 69 429 68 428 39 399
5 3 34 10 33 11 70 430 69 429 40 400
0 4 35 11 34 6 71 431 70 430 41 401
7 11 0 12 5 13 36 396 41 401 42 402
8 6 1 13 0 14 37 397 36 396 43 403
9 7 2 14 1 15 38 398 37 397 44 404
10 8 3 15 2 16 39 399 38 398 45 405
11 9 4 16 3 17 40 400 39 399 46 406
6 10 5 17 4 12 41 401 40 400 47 407
13 17 6 18 11 19 42 402 47 407 48 408
14 12 7 19 6 20 43 403 42 402 49 409
15 13 8 20 7 21 44 404 43 403 50 410
16 14 9 21 8 22 45 405 44 404 51 411
17 15 10 22 9 23 46 406 45 405 52 412
12 16 11 23 10 18 47 407 46 406 53 413
19 23 12 24 17 25 48 408 53 413 54 414
20 18 13 25 12 26 49 409 48 408 55 415
21 19 14 26 13 27 50 410 49 409 56 416
22 20 15 27 14 28 51 411 50 410 57 417
23 21 16 28 15 29 52 412 51 411 58 418
18 22 17 29 16 24 53 413 52 412 59 419
25 29 18 30 23 31 54 414 59 419 60 420
26 24 19 31 18 32 55 415 54 414 61 421
27 25 20 32 19 33 56 416 55 415 62 422
28 26 21 33 20 34 57 417 56 416 63 423
29 27 22 34 21 35 58 418 57 417 64 424
24 28 23 35 22 30 59 419 58 418 65 425
31 35 24 0 29 1 60 420 65 425 66 426
32 30 25 1 24 2 61 421 60 420 67 427
33 31 26 2 25 3 62 422 61 421 68 428
34 32 27 3 26 4 63 423 62 422 69 429
35 33 28 4 27 5 64 424 63 423 70 430
30 34 29 5 28 0 65 425 64 424 71 431
37 41 66 42 71 43 78 6 79 7 72 0
38 36 67 43 66 44 79 7 80 8 73 1
39 37 68 44 67 45 80 8 81 9 74 2
40 38 69 45 68 46 81 9 82 10 75 3
41 39 70 46 69 47 82 10 83 11 76 4
36 40 71 47 70 42 83 11 78 6 77 5
43 47 36 48 41 49 84 12 85 13 78 6
44 42 37 49 36 50 85 13 86 14 79 7
45 43 38 50 37 51 86 14 87 15 80 8
46 44 39 51 38 52 87 15 88 16 81 9
47 45 40 52 39 53 88 16 89 17 82 10
42 46 41 53 40 48 89 17 84 12 83 11
49 53 42 54 47 55 90 18 91 19 84 12
50 48 43 55 42 56 91 19 92 20 85 13
51 49 44 56 43 57 92 20 93 21 86 14
52 50 45 57 44 58 93 21 94 22 87 15
53 51 46 58 45 59 94 22 95 23 88 16
48 52 47 59 46 54 95 23 90 18 89 17
55 59 48 60 53 61 96 24 97 25 90 18
56 54 49 61 48 62 97 25 98 26 91 19
57 55 50 62 49 63 98 26 99 27 92 20
58 56 51 63 50 64 99 27 100 28 93 21
59 57 52 64 51 65 100 28 101 29 94 22
54 58 53 65 52 60 101 29 96 24 95 23
61 65 54 66 59 67 102 30 103 31 96 24
62 60 55 67 54 68 103 31 104 32 97 25
63 61 56 68 55 69 104 32 105 33 98 26
64 62 57 69 56 70 105 33 106 34 99 27
65 63 58 70 57 71 106 34 107 35 100 28
60 64 59 71 58 66 107 35 102 30 101 29
67 71 60 36 65 37 72 0 73 1 102 30
68 66 61 37 60 38 73 1 74 2 103 31
69 67 62 38 61 39 74 2 75 3 104 32
70 68 63 39 62 40 75 3 76 4 105 33
71 69 64 40 63 41 76 4 77 5 106 34
66 70 65 41 64 36 77 5 72 0 107 35
73 77 102 78 107 79 138 66 143 71 108 36
74 72 103 79 102 80 139 67 138 66 109 37
75 73 104 80 103 81 140 68 139 67 110 38
76 74 105 81 104 82 141 69 140 68 111 39
77 75 106 82 105 83 142 70 141 69 112 40
72 76 107 83 106 78 143 71 142 70 113 41
79 83 72 84 77 85 108 36 113 41 114 42
80 78 73 85 72 86 109 37 108 36 115 43
81 79 74 86 73 87 110 38 109 37 116 44
82 80 75 87 74 88 111 39 110 38 117 45
83 81 76 88 75 89 112 40 111 39 118 46
78 82 77 89 76 84 113 41 112 40 119 47
85 89 78 90 83 91 114 42 119 47 120 48
86 84 79 91 78 92 115 43 114 42 121 49
87 85 80 92 79 93 116 44 115 43 122 50
88 86 81 93 80 94 117 45 116 44 123 51
89 87 82 94 81 95 118 46 117 45 124 52
84 88 83 95 82 90 119 47 118 46 125 53
91 95 84 96 89 97 120 48 125 53 126 54
92 90 85 97 84 98 121 49 120 48 127 55
93 91 86 98 85 99 122 50 121 49 128 56
94 92 87 99 86 100 123 51 122 50 129 57
95 93 88 100 87 101 124 52 123 51 130 58
90 94 89 101 88 96 125 53 124 52 131 59
97 101 90 102 95 103 126 54 131 59 132 60
98 96 91 103 90 104 127 55 126 54 133 61
99 97 92 104 91 105 128 56 127 55 134 62
100 98 93 105 92 106 129 57 128 56 135 63
101 99 94 106 93 107 130 58 129 57 136 64
96 100 95 107 94 102 131 59 130 58 137 65
103 107 96 72 101 73 132 60 137 65 138 66
104 102 97 73 96 74 133 61 132 60 139 67
105 103 98 74 97 75 134 62 133 61 140 68
106 104 99 75 98 76 135 63 134 62 141 69
107 105 100 76 99 77 136 64 135 63 142 70
102 106 101 77 100 72 137 65 136 64 143 71
109 113 138 114 143 115 150 78 151 79 144 72
110 108 139 115 138 116 151 79 152 80 145 73
111 109 140 116 139 117 152 80 153 81 146 74
112 110 141 117 140 118 153 81 154 82 147 75
113 111 142 118 141 119 154 82 155 83 148 76
108 112 143 119 142 114 155 83 150 78 149 77
115 119 108 120 113 121 156 84 157 85 150 78
116 114 109 121 108 122 157 85 158 86 151 79
117 115 110 122 109 123 158 86 159 87 152 80
118 116 111 123 110 124 159 87 160 88 153 81
119 117 112 124 111 125 160 88 161 89 154 82
114 118 113 125 112 120 161 89 156 84 155 83
121 125 114 126 119 127 162 90 163 91 156 84
122 120 115 127 114 128 163 91 164 92 157 85
123 121 116 128 115 129 164 92 165 93 158 86
124 122 117 129 116 130 165 93 166 94 159 87
125 123 118 130 117 131 166 94 167 95 160 88
120 124 119 131 118 126 167 95 162 90 161 89
127 131 120 132 125 133 168 96 169 97 162 90
128 126 121 133 120 134 169 97 170 98 163 91
129 127 122 134 121 135 170 98 171 99 164 92
130 128 123 135 122 136 171 99 172 100 165 93
131 129 124 136 123 137 172 100 173 101 166 94
126 130 125 137 124 132 173 101 168 96 167 95
133 137 126 138 131 139 174 102 175 103 168 96
134 132 127 139 126 140 175 103 176 104 169 97
135 133 128 140 127 141 176 104 177 105 170 98
136 134 129 141 128 142 177 105 178 106 171 99
137 135 130 142 129 143 178 106 179 107 172 100
132 136 131 143 130 138 179 107 174 102 173 101
139 143 132 108 137 109 144 72 145 73 174 102
140 138 133 109 132 110 145 73 146 74 175 103
141 139 134 110 133 111 146 74 147 75 176 104
142 140 135 111 134 112 147 75 148 76 177 105
143 141 136 112 135 113 148 76 149 77 178 106
138 142 137 113 136 108 149 77 144 72 179 107
145 149 174 150 179 151 210 138 215 143 180 108
146 144 175 151 174 152 211 139 210 138 181 109
147 145 176 152 175 153 212 140 211 139 182 110
148 146 177 153 176 154 213 141 212 140 183 111
149 147 178 154 177 155 214 142 213 141 184 112
144 148 179 155 178 150 215 143 214 142 185 113
151 155 144 156 149 157 180 108 185 113 186 114
152 150 145 157 144 158 181 109 180 108 187 115
153 151 146 158 145 159 182 110 181 109 188 116
154 152 147 159 146 160 183 111 182 110 189 117
155 153 148 160 147 161 184 112 183 111 190 118
150 154 149 161 148 156 185 113 184 112 191 119
157 161 150 162 155 163 186 114 191 119 192 120
158 156 151 163 150 164 187 115 186 114 193 121
159 157 152 164 151 165 188 116 187 115 194 122
160 158 153 165 152 166 189 117 188 116 195 123
161 159 154 166 153 167 190 118 189 117 196 124
156 160 155 167 154 162 191 119 190 118 197 125
163 167 156 168 161 169 192 120 197 125 198 126
164 162 157 169 156 170 193 121 192 120 199 127
165 163 158 170 157 171 194 122 193 121 200 128
166 164 159 171 158 172 195 123 194 122 201 129
167 165 160 172 159 173 196 124 195 123 202 130
162 166 161 173 160 168 197 125 196 124 203 131
169 173 162 174 167 175 198 126 203 131 204 132
170 168 163 175 162 176 199 127 198 126 205 133
171 169 164 176 163 177 200 128 199 127 206 134
172 170 165 177 164 178 201 129 200 128 207 135
173 171 166 178 165 179 202 130 201 129 208 136
168 172 167 179 166 174 203 131 202 130 209 137
175 179 168 144 173 145 204 132 209 137 210 138
176 174 169 145 168 146 205 133 204 132 211 139
177 175 170 146 169 147 206 134 205 133 212 140
178 176 171 147 170 148 207 135 206 134 213 141
179 177 172 148 171 149 208 136 207 135 214 142
174 178 173 149 172 144 209 137 208 136 215 143
181 185 210 186 215 187 222 150 223 151 216 144
182 180 211 187 210 188 223 151 224 152 217 145
183 181 212 188 211 189 224 152 225 153 218 146
184 182 213 189 212 190 225 153 226 154 219 147
185 183 214 190 213 191 226 154 227 155 220 148
180 184 215 191 214 186 227 155 222 150 221 149
187 191 180 192 185 193 228 156 229 157 222 150
188 186 181 193 180 194 229 157 230 158 223 151
189 187 182 194 181 195 230 158 231 159 224 152
190 188 183 195 182 196 231 159 232 160 225 153
191 189 184 196 183 197 232 160 233 161 226 154
186 190 185 197 184 192 233 161 228 156 227 155
193 197 186 198 191 199 234 162 235 163 228 156
194 192 187 199 186 200 235 163 236 164 229 157
195 193 188 200 187 201 236 164 237 165 230 158
196 194 189 201 188 202 237 165 238 166 231 159
197 195 190 202 189 203 238 166 239 167 232 160
192 196 191 203 190 198 239 167 234 162 233 161
199 203 192 204 197 205 240 168 241 169 234 162
200 198 193 205 192 206 241 169 242 170 235 163
201 199 194 206 193 207 242 170 243 171 236 164
202 200 195 207 194 208 243 171 244 172 237 165
203 201 196 208 195 209 244 172 245 173 238 166
198 202 197 209 196 204 245 173 240 168 239 167
205 209 198 210 203 211 246 174 247 175 240 168
206 204 199 211 198 212 247 175 248 176 241 169
207 205 200 212 199 213 248 176 249 177 242 170
208 206 201 213 200 214 249 177 250 178 243 171
209 207 202 214 201 215 250 178 251 179 244 172
204 208 203 215 202 210 251 179 246 174 245 173
211 215 204 180 209 181 216 144 217 145 246 174
212 210 205 181 204 182 217 145 218 146 247 175
213 211 206 182 205 183 218 146 219 147 248 176
214 212 207 183 206 184 219 147 220 148 249 177
215 213 208 184 207 185 220 148 221 149 250 178
210 214 209 185 208 180 221 149 216 144 251 179
217 221 246 222 251 223 282 210 287 215 252 180
218 216 247 223 246 224 283 211 282 210 253 181
219 217 248 224 247 225 284 212 283 211 254 182
220 218 249 225 248 226 285 213 284 212 255 183
221 219 250 226 249 227 286 214 285 213 256 184
216 220 251 227 250 222 287 215 286 214 257 185
223 227 216 228 221 229 252 180 257 185 258 186
224 222 217 229 216 230 253 181 252 180 259 187
225 223 218 230 217 231 254 182 253 181 260 188
226 224 219 231 218 232 255 183 254 182 261 189
227 225 220 232 219 233 256 184 255 183 262 190
222 226 221 233 220 228 257 185 256 184 263 191
229 233 222 234 227 235 258 186 263 191 264 192
230 228 223 235 222 236 259 187 258 186 265 193
231 229 224 236 223 237 260 188 259 187 266 194
232 230 225 237 224 238 261 189 260 188 267 195
233 231 226 238 225 239 262 190 261 189 268 196
228 232 227 239 226 234 263 191 262 190 269 197
235 239 228 240 233 241 264 192 269 197 270 198
236 234 229 241 228 242 265 193 264 192 271 199
237 235 230 242 229 243 266 194 265 193 272 200
238 236 231 243 230 244 267 195 266 194 273 201
239 237 232 244 231 245 268 196 267 195 274 202
234 238 233 245 232 240 269 197 268 196 275 203
241 245 234 246 239 247 270 198 275 203 276 204
242 240 235 247 234 248 271 199 270 198 277 205
243 241 236 248 235 249 272 200 271 199 278 206
244 242 237 249 236 250 273 201 272 200 279 207
245 243 238 250 237 251 274 202 273 201 280 208
240 244 239 251 238 246 275 203 274 202 281 209
247 251 240 216 245 217 276 204 281 209 282 210
248 246 241 217 240 218 277 205 276 204 283 211
249 247 242 218 241 219 278 206 277 205 284 212
250 248 243 219 242 220 279 207 278 206 285 213
251 249 244 220 243 221 280 208 279 207 286 214
246 250 245 221 244 216 281 209 280 208 287 215
253 257 282 258 287 259 294 222 295 223 288 216
254 252 283 259 282 260 295 223 296 224 289 217
255 253 284 260 283 261 296 224 297 225 290 218
256 254 285 261 284 262 297 225 298 226 291 219
257 255 286 262 285 263 298 226 299 227 292 220
252 256 287 263 286 258 299 227 294 222 293 221
259 263 252 264 257 265 300 228 301 229 294 222
260 258 253 265 252 266 301 229 302 230 295 223
261 259 254 266 253 267 302 230 303 231 296 224
262 260 255 267 254 268 303 231 304 232 297 225
263 261 256 268 255 269 304 232 305 233 298 226
258 262 257 269 256 264 305 233 300 228 299 227
265 269 258 270 263 271 306 234 307 235 300 228
266 264 259 271 258 272 307 235 308 236 301 229
267 265 260 272 259 273 308 236 309 237 302 230
268 266 261 273 260 274 309 237 310 238 303 231
269 267 262 274 261 275 310 238 311 239 304 232
264 268 263 275 262 270 311 239 306 234 305 233
271 275 264 276 269 277 312 240 313 241 306 234
272 270 265 277 264 278 313 241 314 242 307 235
273 271 266 278 265 279 314 242 315 243 308 236
274 272 267 279 266 280 315 243 316 244 309 237
275 273 268 280 267 281 316 244 317 245 310 238
270 274 269 281 268 276 317 245 312 240 311 239
277 281 270 282 275 283 318 246 319 247 312 240
278 276 271 283 270 284 319 247 320 248 313 241
279 277 272 284 271 285 320 248 321 249 314 242
280 278 273 285 272 286 321 249 322 250 315 243
281 279 274 286 273 287 322 250 323 251 316 244
276 280 275 287 274 282 323 251 318 246 317 245
283 287 276 252 281 253 288 216 289 217 318 246
284 282 277 253 276 254 289 217 290 218 319 247
285 283 278 254 277 255 290 218 291 219 320 248
286 284 279 255 278 256 291 219 292 220 321 249
287 285 280 256 279 257 292 220 293 221 322 250
282 286 281 257 280 252 293 221 288 216 323 251
289 293 318 294 323 295 354 282 359 287 324 252
290 288 319 295 318 296 355 283 354 282 325 253
291 289 320 296 319 297 356 284 355 283 326 254
292 290 321 297 320 298 357 285 356 284 327 255
293 291 322 298 321 299 358 286 357 285 328 256
288 292 323 299 322 294 359 287 358 286 329 257
295 299 288 300 293 301 324 252 329 257 330 258
296 294 289 301 288 302 325 253 324 252 331 259
297 295 290 302 289 303 326 254 325 253 332 260
298 296 291 303 290 304 327 255 326 254 333 261
299 297 292 304 291 305 328 256 327 255 334 262
294 298 293 305 292 300 329 257 328 256 335 263
301 305 294 306 299 307 330 258 335 263 336 264
302 300 295 307 294 308 331 259 330 258 337 265
303 301 296 308 295 309 332 260 331 259 338 266
304 302 297 309 296 310 333 261 332 260 339 267
305 303 298 310 297 311 334 262 333 261 340 268
300 304 299 311 298 306 335 263 334 262 341 269
307 311 300 312 305 313 336 264 341 269 342 270
308 306 301 313 300 314 337 265 336 264 343 271
309 307 302 314 301 315 338 266 337 265 344 272
310 308 303 315 302 316 339 267 338 266 345 273
311 309 304 316 303 317 340 268 339 267 346 274
306 310 305 317 304 312 341 269 340 268 347 275
313 317 306 318 311 319 342 270 347 275 348 276
314 312 307 319 306 320 343 271 342 270 349 277
315 313 308 320 307 321 344 272 343 271 350 278
316 314 309 321 308 322 345 273 344 272 351 279
317 315 310 322 309 323 346 274 345 273 352 280
312 316 311 323 310 318 347 275 346 274 353 281
319 323 312 288 317 289 348 276 353 281 354 282
320 318 313 289 312 290 349 277 348 276 355 283
321 319 314 290 313 291 350 278 349 277 356 284
322 320 315 291 314 292 351 279 350 278 357 285
323 321 316 292 315 293 352 280 351 279 358 286
318 322 317 293 316 288 353 281 352 280 359 287
325 329 354 330 359 331 366 294 367 295 360 288
326 324 355 331 354 332 367 295 368 296 361 289
327 325 356 332 355 333 368 296 369 297 362 290
328 326 357 333 356 334 369 297 370 298 363 291
329 327 358 334 357 335 370 298 371 299 364 292
324 328 359 335 358 330 371 299 366 294 365 293
331 335 324 336 329 337 372 300 373 301 366 294
332 330 325 337 324 338 373 301 374 302 367 295
333 331 326 338 325 339 374 302 375 303 368 296
334 332 327 339 326 340 375 303 376 304 369 297
335 333 328 340 327 341 376 304 377 305 370 298
330 334 329 341 328 336 377 305 372 300 371 299
337 341 330 342 335 343 378 306 379 307 372 300
338 336 331 343 330 344 379 307 380 308 373 301
339 337 332 344 331 345 380 308 381 309 374 302
340 338 333 345 332 346 381 309 382 310 375 303
341 339 334 346 333 347 382 310 383 311 376 304
336 340 335 347 334 342 383 311 378 306 377 305
343 347 336 348 341 349 384 312 385 313 378 306
344 342 337 349 336 350 385 313 386 314 379 307
345 343 338 350 337 351 386 314 387 315 380 308
346 344 339 351 338 352 387 315 388 316 381 309
347 345 340 352 339 353 388 316 389 317 382 310
342 346 341 353 340 348 389 317 384 312 383 311
349 353 342 354 347 355 390 318 391 319 384 312
350 348 343 355 342 356 391 319 392 320 385 313
351 349 344 356 343 357 392 320 393 321 386 314
352 350 345 357 344 358 393 321 394 322 387 315
353 351 346 358 345 359 394 322 395 323 388 316
348 352 347 359 346 354 395 323 390 318 389 317
355 359 348 324 353 325 360 288 361 289 390 318
356 354 349 325 348 326 361 289 362 290 391 319
357 355 350 326 349 327 362 290 363 291 392 320
358 356 351 327 350 328 363 291 364 292 393 321
359 357 352 328 351 329 364 292 365 293 394 322
354 358 353 329 352 324 365 293 360 288 395 323
361 365 390 366 395 367 426 354 431 359 396 324
362 360 391 367 390 368 427 355 426 354 397 325
363 361 392 368 391 369 428 356 427 355 398 326
364 362 393 369 392 370 429 357 428 356 399 327
365 363 394 370 393 371 430 358 429 357 400 328
360 364 395 371 394 366 431 359 430 358 401 329
367 371 360 372 365 373 396 324 401 329 402 330
368 366 361 373 360 374 397 325 396 324 403 331
369 367 362 374 361 375 398 326 397 325 404 332
370 368 363 375 362 376 399 327 398 326 405 333
371 369 364 376 363 377 400 328 399 327 406 334
366 370 365 377 364 372 401 329 400 328 407 335
373 377 366 378 371 379 402 330 407 335 408 336
374 372 367 379 366 380 403 331 402 330 409 337
375 373 368 380 367 381 404 332 403 331 410 338
376 374 369 381 368 382 405 333 404 332 411 339
377 375 370 382 369 383 406 334 405 333 412 340
372 376 371 383 370 378 407 335 406 334 413 341
379 383 372 384 377 385 408 336 413 341 414 342
380 378 373 385 372 386 409 337 408 336 415 343
381 379 374 386 373 387 410 338 409 337 416 344
382 380 375 387 374 388 411 339 410 338 417 345
383 381 376 388 375 389 412 340 411 339 418 346
378 382 377 389 376 384 413 341 412 340 419 347
385 389 378 390 383 391 414 342 419 347 420 348
386 384 379 391 378 392 415 343 414 342 421 349
387 385 380 392 379 393 416 344 415 343 422 350
388 386 381 393 380 394 417 345 416 344 423 351
389 387 382 394 381 395 418 346 417 345 424 352
384 388 383 395 382 390 419 347 418 346 425 353
391 395 384 360 389 361 420 348 425 353 426 354
392 390 385 361 384 362 421 349 420 348 427 355
393 391 386 362 385 363 422 350 421 349 428 356
394 392 387 363 386 364 423 351 422 350 429 357
395 393 388 364 387 365 424 352 423 351 430 358
390 394 389 365 388 360 425 353 424 352 431 359
397 401 426 402 431 403 6 366 7 367 0 360
398 396 427 403 426 404 7 367 8 368 1 361
399 397 428 404 427 405 8 368 9 369 2 362
400 398 429 405 428 406 9 369 10 370 3 363
401 399 430 406 429 407 10 370 11 371 4 364
396 400 431 407 430 402 11 371 6 366 5 365
403 407 396 408 401 409 12 372 13 373 6 366
404 402 397 409 396 410 13 373 14 374 7 367
405 403 398 410 397 411 14 374 15 375 8 368
406 404 399 411 398 412 15 375 16 376 9 369
407 405 400 412 399 413 16 376 17 377 10 370
402 406 401 413 400 408 17 377 12 372 11 371
409 413 402 414 407 415 18 378 19 379 12 372
410 408 403 415 402 416 19 379 20 380 13 373
411 409 404 416 403 417 20 380 21 381 14 374
412 410 405 417 404 418 21 381 22 382 15 375
413 411 406 418 405 419 22 382 23 383 16 376
408 412 407 419 406 414 23 383 18 378 17 377
415 419 408 420 413 421 24 384 25 385 18 378
416 414 409 421 408 422 25 385 26 386 19 379
417 415 410 422 409 423 26 386 27 387 20 380
418 416 411 423 410 424 27 387 28 388 21 381
419 417 412 424 411 425 28 388 29 389 22 382
414 418 413 425 412 420 29 389 24 384 23 383
421 425 414 426 419 427 30 390 31 391 24 384
422 420 415 427 414 428 31 391 32 392 25 385
423 421 416 428 415 429 32 392 33 393 26 386
424 422 417 429 416 430 33 393 34 394 27 387
425 423 418 430 417 431 34 394 35 395 28 388
420 424 419 431 418 426 35 395 30 390 29 389
427 431 420 396 425 397 0 360 1 361 30 390
428 426 421 397 420 398 1 361 2 362 31 391
429 427 422 398 421 399 2 362 3 363 32 392
430 428 423 399 422 400 3 363 4 364 33 393
431 429 424 400 423 401 4 364 5 365 34 394
426 430 425 401 424 396 5 365 0 360 35 395
