1 0 0 0 0 0 0 0 0 0 0 0 0 0 0 0 0 
0 0 0 0 0 0 0 0 0 0 0 0 0 0 0 0 0 
0 16 0 0 0 0 0 0 0 0 0 0 0 0 0 0 0 
0 0 32 0 0 0 0 0 0 0 0 0 0 0 0 0 0 
0 0 88 95.6389 23.9097 0 0 0 8.02018 0 0 0 0 0 0 0 0 
0 0 0 256.722 256.377 193.371 95.9321 64.1614 0 0 0 0 0 0 0 0 0 
0 0 0 207.639 735.063 684.986 704.838 624.544 766.795 0 0 0 0 0 0 0 0 
0 0 0 0 577.104 1664.09 1824.95 1924.24 1602.45 0 0 0 0 0 0 0 0 
0 0 0 0 227.546 1249.73 2919.69 3670.26 4351.11 0 0 0 0 0 0 0 0 
0 0 0 0 0 449.471 1576.31 3139.09 3269.02 0 0 0 0 0 0 0 0 
0 0 0 0 0 126.352 767.888 1393.12 2112.48 0 0 0 0 0 0 0 0 
0 0 0 0 0 0 63.1987 513.407 574.522 0 0 0 0 0 0 0 0 
0 0 0 0 0 0 55.1842 95.4153 119.337 0 0 0 0 0 0 0 0 
0 0 0 0 0 0 0 0 64.2937 0 0 0 0 0 0 0 0 
0 0 0 0 0 0 0 15.7669 0 0 0 0 0 0 0 0 0 
0 0 0 0 0 0 0 0 0 0 0 0 0 0 0 0 0 
0 0 0 0 0 0 0 0 1.97086 0 0 0 0 0 0 0 0 
