1 0 0 0 0 0 0 0 0 0 0 0 0 0 0 0 0 0 0 0 0 0 0 0 0 0 0 0 0 0 0 0 0 0 0 0 0 0 0 0 0 0 0 0 0 0 0 0 0 0 0 0 0 0 0 0 0 0 0 0 0 0 0 0 0 
0 0 0 0 0 0 0 0 0 0 0 0 0 0 0 0 0 0 0 0 0 0 0 0 0 0 0 0 0 0 0 0 0 0 0 0 0 0 0 0 0 0 0 0 0 0 0 0 0 0 0 0 0 0 0 0 0 0 0 0 0 0 0 0 0 
0 64 0 0 0 0 0 0 0 0 0 0 0 0 0 0 0 0 0 0 0 0 0 0 0 0 0 0 0 0 0 0 0 0 0 0 0 0 0 0 0 0 0 0 0 0 0 0 0 0 0 0 0 0 0 0 0 0 0 0 0 0 0 0 0 
0 0 128 0 0 0 0 0 0 0 0 0 0 0 0 0 0 0 0 0 0 0 0 0 0 0 0 0 0 0 0 0 0 0 0 0 0 0 0 0 0 0 0 0 0 0 0 0 0 0 0 0 0 0 0 0 0 0 0 0 0 0 0 0 0 
0 0 1888 383.692 64.1341 0 0 0 0 0 0 0 0 0 0 0 0 0 0 0 0 0 0 0 0 0 0 0 0 0 0 0 0 0 0 0 0 0 0 0 0 0 0 0 0 0 0 0 0 0 0 0 0 0 0 0 0 0 0 0 0 0 0 0 0 
0 0 0 7168.62 1176.31 523.005 129.032 0 0 0 0 0 0 0 0 0 0 0 0 0 0 0 0 0 0 0 0 0 0 0 0 0 0 0 0 0 0 0 0 0 0 0 0 0 0 0 0 0 0 0 0 0 0 0 0 0 0 0 0 0 0 0 0 0 0 
0 0 0 34111.7 27280 6825.77 2567.74 1403.04 386.842 65.5188 0 0 0 0 0 0 0 0 0 0 0 0 0 0 0 0 0 0 0 0 0 0 0 0 0 0 0 0 0 0 0 0 0 0 0 0 0 0 0 0 0 0 0 0 0 0 0 0 0 0 0 0 0 0 0 
0 0 0 0 183703 96942.1 42967.6 16962.1 8769.53 4795.55 2023.79 526.02 125.659 0 0 0 0 0 0 0 0 0 0 0 0 0 0 0 0 0 0 0 0 0 0 0 0 0 0 0 0 0 0 0 0 0 0 0 0 0 0 0 0 0 0 0 0 0 0 0 0 0 0 0 0 
0 0 0 0 423153 829021 409550 220793 119941 58583.1 33314.2 19894.5 9747.75 4410.55 1531.05 402.479 79.1673 0 0 0 0 0 0 0 17.2248 0 0 0 0 0 0 0 14.9283 0 0 0 0 0 0 0 0 0 0 0 0 0 0 0 0 0 0 0 0 0 0 0 0 0 0 0 0 0 0 0 0 
0 0 0 0 0 2.86217e+06 3.32744e+06 1.98862e+06 1.12797e+06 716654 421825 247548 152380 94837.3 55763.8 29258 13383.6 5858.91 2272.74 834.108 383.78 249.104 282.138 268.603 0 274.29 270.215 267.723 248.279 249.769 243.047 261.73 0 0 0 0 0 0 0 0 0 0 0 0 0 0 0 0 0 0 0 0 0 0 0 0 0 0 0 0 0 0 0 0 0 
0 0 0 0 0 3.82903e+06 1.46107e+07 1.35101e+07 9.34668e+06 6.09555e+06 4.03614e+06 2.68428e+06 1.80813e+06 1.17285e+06 758602 519005 338399 209296 122833 69231.5 38216.8 20587.8 13388.2 10725.3 11598.3 9670.88 9026.87 9123.66 8873.42 8978.63 9535.88 9431.24 10737.2 0 0 0 0 0 0 0 0 0 0 0 0 0 0 0 0 0 0 0 0 0 0 0 0 0 0 0 0 0 0 0 0 
0 0 0 0 0 0 3.0331e+07 6.3802e+07 5.72736e+07 4.32044e+07 3.15968e+07 2.21369e+07 1.59999e+07 1.12545e+07 8.11192e+06 5.83289e+06 4.13406e+06 2.86708e+06 2.06724e+06 1.46054e+06 1.02694e+06 699932 513083 365762 290995 241477 225935 218533 216886 211843 213773 209015 208395 0 0 0 0 0 0 0 0 0 0 0 0 0 0 0 0 0 0 0 0 0 0 0 0 0 0 0 0 0 0 0 0 
0 0 0 0 0 0 2.625e+07 1.69352e+08 2.62821e+08 2.46569e+08 1.99057e+08 1.56915e+08 1.18972e+08 9.07625e+07 6.92835e+07 5.19756e+07 3.96798e+07 3.0773e+07 2.35117e+07 1.79098e+07 1.39206e+07 1.07287e+07 8.13947e+06 6.56963e+06 5.28314e+06 4.45547e+06 3.95848e+06 3.57794e+06 3.34431e+06 3.30443e+06 3.18629e+06 3.25207e+06 3.26918e+06 0 0 0 0 0 0 0 0 0 0 0 0 0 0 0 0 0 0 0 0 0 0 0 0 0 0 0 0 0 0 0 0 
0 0 0 0 0 0 0 2.3274e+08 7.86692e+08 1.067e+09 1.04546e+09 9.05906e+08 7.49707e+08 6.09333e+08 4.91205e+08 3.95069e+08 3.17388e+08 2.52722e+08 2.06915e+08 1.70053e+08 1.34959e+08 1.11264e+08 9.11897e+07 7.43356e+07 6.42419e+07 5.59832e+07 4.95775e+07 4.62373e+07 4.34057e+07 4.00055e+07 3.89303e+07 3.77525e+07 3.66312e+07 0 0 0 0 0 0 0 0 0 0 0 0 0 0 0 0 0 0 0 0 0 0 0 0 0 0 0 0 0 0 0 0 
0 0 0 0 0 0 0 1.39585e+08 1.38297e+09 3.30434e+09 4.2677e+09 4.33852e+09 3.98311e+09 3.49392e+09 2.99499e+09 2.55698e+09 2.13035e+09 1.78874e+09 1.51051e+09 1.28387e+09 1.07943e+09 9.01146e+08 7.80566e+08 6.84204e+08 5.96867e+08 5.21353e+08 4.7164e+08 4.40845e+08 4.12483e+08 3.96418e+08 3.82626e+08 3.70762e+08 3.70122e+08 0 0 0 0 0 0 0 0 0 0 0 0 0 0 0 0 0 0 0 0 0 0 0 0 0 0 0 0 0 0 0 0 
0 0 0 0 0 0 0 0 1.34005e+09 6.66904e+09 1.31586e+10 1.67546e+10 1.77064e+10 1.70545e+10 1.56788e+10 1.39902e+10 1.24837e+10 1.09565e+10 9.60933e+09 8.37304e+09 7.2747e+09 6.39559e+09 5.63169e+09 5.04689e+09 4.53203e+09 4.15113e+09 3.88271e+09 3.55981e+09 3.37659e+09 3.20768e+09 3.05266e+09 2.99499e+09 3.0006e+09 0 0 0 0 0 0 0 0 0 0 0 0 0 0 0 0 0 0 0 0 0 0 0 0 0 0 0 0 0 0 0 0 
0 0 0 0 0 0 0 0 5.85754e+08 8.31131e+09 2.83993e+10 5.05236e+10 6.44858e+10 7.0515e+10 7.06728e+10 6.80644e+10 6.30346e+10 5.81962e+10 5.27997e+10 4.77689e+10 4.32344e+10 3.92022e+10 3.572e+10 3.25019e+10 2.97785e+10 2.80157e+10 2.61318e+10 2.44833e+10 2.34054e+10 2.2341e+10 2.18023e+10 2.13502e+10 2.13923e+10 0 0 0 0 0 0 0 0 0 0 0 0 0 0 0 0 0 0 0 0 0 0 0 0 0 0 0 0 0 0 0 0 
0 0 0 0 0 0 0 0 0 5.93013e+09 4.09109e+10 1.11307e+11 1.86437e+11 2.41228e+11 2.71316e+11 2.82398e+11 2.82449e+11 2.72282e+11 2.60406e+11 2.43301e+11 2.27426e+11 2.11984e+11 1.98223e+11 1.83233e+11 1.74341e+11 1.6382e+11 1.5651e+11 1.49126e+11 1.422e+11 1.37941e+11 1.34649e+11 1.33127e+11 1.34426e+11 0 0 0 0 0 0 0 0 0 0 0 0 0 0 0 0 0 0 0 0 0 0 0 0 0 0 0 0 0 0 0 0 
0 0 0 0 0 0 0 0 0 1.96212e+09 3.7654e+10 1.7433e+11 4.11752e+11 6.66079e+11 8.74741e+11 1.01133e+12 1.09169e+12 1.12214e+12 1.11884e+12 1.09804e+12 1.06903e+12 1.02142e+12 9.77156e+11 9.44081e+11 9.02919e+11 8.70089e+11 8.29571e+11 7.97239e+11 7.77935e+11 7.61792e+11 7.47592e+11 7.44979e+11 7.35585e+11 0 0 0 0 0 0 0 0 0 0 0 0 0 0 0 0 0 0 0 0 0 0 0 0 0 0 0 0 0 0 0 0 
0 0 0 0 0 0 0 0 0 0 2.05031e+10 1.86394e+11 6.71158e+11 1.44371e+12 2.30056e+12 3.0563e+12 3.63593e+12 4.04575e+12 4.27292e+12 4.39662e+12 4.43496e+12 4.40992e+12 4.34908e+12 4.25448e+12 4.1562e+12 4.07864e+12 3.96208e+12 3.91522e+12 3.8279e+12 3.7538e+12 3.72633e+12 3.73021e+12 3.72667e+12 0 0 0 0 0 0 0 0 0 0 0 0 0 0 0 0 0 0 0 0 0 0 0 0 0 0 0 0 0 0 0 0 
0 0 0 0 0 0 0 0 0 0 5.29898e+09 1.31261e+11 7.85204e+11 2.38835e+12 4.82404e+12 7.63313e+12 1.02712e+13 1.2519e+13 1.42527e+13 1.55138e+13 1.64329e+13 1.70048e+13 1.73079e+13 1.73968e+13 1.74901e+13 1.73655e+13 1.73044e+13 1.70096e+13 1.69301e+13 1.70243e+13 1.68554e+13 1.6679e+13 1.66804e+13 0 0 0 0 0 0 0 0 0 0 0 0 0 0 0 0 0 0 0 0 0 0 0 0 0 0 0 0 0 0 0 0 
0 0 0 0 0 0 0 0 0 0 0 5.59926e+10 6.43574e+11 2.94676e+12 7.96337e+12 1.54263e+13 2.42838e+13 3.30765e+13 4.12446e+13 4.81021e+13 5.35908e+13 5.80357e+13 6.13557e+13 6.38559e+13 6.57782e+13 6.6806e+13 6.73809e+13 6.75347e+13 6.77562e+13 6.82916e+13 6.82593e+13 6.83386e+13 6.85944e+13 0 0 0 0 0 0 0 0 0 0 0 0 0 0 0 0 0 0 0 0 0 0 0 0 0 0 0 0 0 0 0 0 
0 0 0 0 0 0 0 0 0 0 0 1.1607e+10 3.56237e+11 2.64654e+12 1.00441e+13 2.49363e+13 4.70082e+13 7.38068e+13 1.02026e+14 1.29416e+14 1.54212e+14 1.75676e+14 1.93131e+14 2.09257e+14 2.19546e+14 2.29437e+14 2.35797e+14 2.42257e+14 2.47269e+14 2.49839e+14 2.50706e+14 2.52145e+14 2.51558e+14 0 0 0 0 0 0 0 0 0 0 0 0 0 0 0 0 0 0 0 0 0 0 0 0 0 0 0 0 0 0 0 0 
0 0 0 0 0 0 0 0 0 0 0 0 1.22068e+11 1.70828e+12 9.54548e+12 3.15797e+13 7.35338e+13 1.35771e+14 2.1288e+14 2.97536e+14 3.82487e+14 4.63461e+14 5.4011e+14 6.02383e+14 6.61124e+14 7.08976e+14 7.49585e+14 7.80097e+14 8.0943e+14 8.22079e+14 8.3592e+14 8.47565e+14 8.46476e+14 0 0 0 0 0 0 0 0 0 0 0 0 0 0 0 0 0 0 0 0 0 0 0 0 0 0 0 0 0 0 0 0 
0 0 0 0 0 0 0 0 0 0 0 0 2.07235e+10 7.60203e+11 6.80388e+12 3.10425e+13 9.25362e+13 2.05523e+14 3.71891e+14 5.83055e+14 8.23831e+14 1.07335e+15 1.31776e+15 1.55205e+15 1.76501e+15 1.9584e+15 2.11776e+15 2.25005e+15 2.36401e+15 2.4505e+15 2.51184e+15 2.52517e+15 2.53617e+15 0 0 0 0 0 0 0 0 0 0 0 0 0 0 0 0 0 0 0 0 0 0 0 0 0 0 0 0 0 0 0 0 
0 0 0 0 0 0 0 0 0 0 0 0 0 2.13674e+11 3.51538e+12 2.3296e+13 9.14723e+13 2.51364e+14 5.38503e+14 9.6226e+14 1.50618e+15 2.13748e+15 2.81848e+15 3.50594e+15 4.15887e+15 4.77136e+15 5.32596e+15 5.81569e+15 6.16703e+15 6.49262e+15 6.7184e+15 6.86125e+15 6.93438e+15 0 0 0 0 0 0 0 0 0 0 0 0 0 0 0 0 0 0 0 0 0 0 0 0 0 0 0 0 0 0 0 0 
0 0 0 0 0 0 0 0 0 0 0 0 0 3.02542e+10 1.28409e+12 1.33922e+13 7.13069e+13 2.4842e+14 6.40777e+14 1.32476e+15 2.3332e+15 3.64927e+15 5.19218e+15 6.86612e+15 8.60386e+15 1.02896e+16 1.19143e+16 1.32995e+16 1.45006e+16 1.55146e+16 1.61557e+16 1.66041e+16 1.67636e+16 0 0 0 0 0 0 0 0 0 0 0 0 0 0 0 0 0 0 0 0 0 0 0 0 0 0 0 0 0 0 0 0 
0 0 0 0 0 0 0 0 0 0 0 0 0 0 3.02452e+11 5.66505e+12 4.32757e+13 1.95775e+14 6.17551e+14 1.51043e+15 3.0415e+15 5.28405e+15 8.1999e+15 1.16991e+16 1.55226e+16 1.95143e+16 2.3406e+16 2.7009e+16 3.01894e+16 3.26422e+16 3.46976e+16 3.58645e+16 3.62618e+16 0 0 0 0 0 0 0 0 0 0 0 0 0 0 0 0 0 0 0 0 0 0 0 0 0 0 0 0 0 0 0 0 
0 0 0 0 0 0 0 0 0 0 0 0 0 0 3.63727e+10 1.73003e+12 2.03234e+13 1.22961e+14 4.88288e+14 1.42387e+15 3.30795e+15 6.48292e+15 1.11274e+16 1.71414e+16 2.42963e+16 3.21609e+16 4.01733e+16 4.81462e+16 5.53561e+16 6.12887e+16 6.57651e+16 6.8616e+16 6.94139e+16 0 0 0 0 0 0 0 0 0 0 0 0 0 0 0 0 0 0 0 0 0 0 0 0 0 0 0 0 0 0 0 0 
0 0 0 0 0 0 0 0 0 0 0 0 0 0 0 3.46653e+11 7.21115e+12 6.14518e+13 3.11201e+14 1.10498e+15 3.01768e+15 6.70547e+15 1.27563e+16 2.14957e+16 3.28368e+16 4.61211e+16 6.06689e+16 7.52243e+16 8.8955e+16 1.0118e+17 1.10021e+17 1.15675e+17 1.178e+17 0 0 0 0 0 0 0 0 0 0 0 0 0 0 0 0 0 0 0 0 0 0 0 0 0 0 0 0 0 0 0 0 
0 0 0 0 0 0 0 0 0 0 0 0 0 0 0 3.60434e+10 1.8645e+12 2.40375e+13 1.60787e+14 7.0535e+14 2.27688e+15 5.84353e+15 1.24947e+16 2.31042e+16 3.80459e+16 5.7069e+16 7.90718e+16 1.0255e+17 1.25348e+17 1.45525e+17 1.6184e+17 1.7184e+17 1.75298e+17 0 0 0 0 0 0 0 0 0 0 0 0 0 0 0 0 0 0 0 0 0 0 0 0 0 0 0 0 0 0 0 0 
0 0 0 0 0 0 0 0 0 0 0 0 0 0 0 0 3.2216e+11 7.28e+12 6.71782e+13 3.70576e+14 1.43679e+15 4.26726e+15 1.03201e+16 2.11689e+16 3.7979e+16 6.10668e+16 8.96008e+16 1.21506e+17 1.54046e+17 1.84083e+17 2.08054e+17 2.24011e+17 2.29393e+17 0 0 0 0 0 0 0 0 0 0 0 0 0 0 0 0 0 0 0 0 0 0 0 0 0 0 0 0 0 0 0 0 
0 0 0 0 0 0 0 0 0 0 0 0 0 0 0 0 2.94986e+10 1.60901e+12 2.2296e+13 1.60769e+14 7.58394e+14 2.64052e+15 7.25034e+15 1.65372e+16 3.24452e+16 5.62514e+16 8.76555e+16 1.24796e+17 1.64648e+17 2.01985e+17 2.333e+17 2.53987e+17 2.61072e+17 0 0 0 0 0 0 0 0 0 0 0 0 0 0 0 0 0 0 0 0 0 0 0 0 0 0 0 0 0 0 0 0 
0 0 0 0 0 0 0 0 0 0 0 0 0 0 0 0 0 2.44682e+11 5.8067e+12 5.67836e+13 3.3338e+14 1.37257e+15 4.33992e+15 1.10947e+16 2.39297e+16 4.4731e+16 7.438e+16 1.11769e+17 1.53278e+17 1.94269e+17 2.29198e+17 2.5252e+17 2.60634e+17 0 0 0 0 0 0 0 0 0 0 0 0 0 0 0 0 0 0 0 0 0 0 0 0 0 0 0 0 0 0 0 0 
0 0 0 0 0 0 0 0 0 0 0 0 0 0 0 0 0 2.01543e+10 1.12559e+12 1.62535e+13 1.22457e+14 6.07996e+14 2.21933e+15 6.3899e+15 1.51678e+16 3.07867e+16 5.47216e+16 8.66004e+16 1.2416e+17 1.63047e+17 1.96155e+17 2.18712e+17 2.27638e+17 0 0 0 0 0 0 0 0 0 0 0 0 0 0 0 0 0 0 0 0 0 0 0 0 0 0 0 0 0 0 0 0 
0 0 0 0 0 0 0 0 0 0 0 0 0 0 0 0 0 0 1.52468e+11 3.70236e+12 3.73907e+13 2.27316e+14 9.66082e+14 3.16955e+15 8.35993e+15 1.84949e+16 3.51582e+16 5.90116e+16 8.83521e+16 1.19456e+17 1.47773e+17 1.67342e+17 1.73473e+17 0 0 0 0 0 0 0 0 0 0 0 0 0 0 0 0 0 0 0 0 0 0 0 0 0 0 0 0 0 0 0 0 
0 0 0 0 0 0 0 0 0 0 0 0 0 0 0 0 0 0 1.1608e+10 6.37318e+11 9.37661e+12 7.20207e+13 3.67433e+14 1.36277e+15 4.00827e+15 9.64868e+15 1.97673e+16 3.51019e+16 5.49792e+16 7.71269e+16 9.7546e+16 1.12144e+17 1.17796e+17 0 0 0 0 0 0 0 0 0 0 0 0 0 0 0 0 0 0 0 0 0 0 0 0 0 0 0 0 0 0 0 0 
0 0 0 0 0 0 0 0 0 0 0 0 0 0 0 0 0 0 0 7.86204e+10 1.88516e+12 1.92123e+13 1.1771e+14 5.08476e+14 1.67267e+15 4.43176e+15 9.7691e+15 1.84119e+16 3.02963e+16 4.39511e+16 5.70159e+16 6.66254e+16 7e+16 0 0 0 0 0 0 0 0 0 0 0 0 0 0 0 0 0 0 0 0 0 0 0 0 0 0 0 0 0 0 0 0 
0 0 0 0 0 0 0 0 0 0 0 0 0 0 0 0 0 0 0 5.68896e+09 2.95199e+11 4.26758e+12 3.27585e+13 1.65668e+14 6.14242e+14 1.79182e+15 4.27475e+15 8.54898e+15 1.4741e+16 2.22977e+16 2.9641e+16 3.49869e+16 3.70215e+16 0 0 0 0 0 0 0 0 0 0 0 0 0 0 0 0 0 0 0 0 0 0 0 0 0 0 0 0 0 0 0 0 
0 0 0 0 0 0 0 0 0 0 0 0 0 0 0 0 0 0 0 0 3.3575e+10 7.7813e+11 7.74051e+12 4.68898e+13 1.98762e+14 6.41519e+14 1.65412e+15 3.54361e+15 6.44636e+15 1.00491e+16 1.3735e+16 1.65279e+16 1.75489e+16 0 0 0 0 0 0 0 0 0 0 0 0 0 0 0 0 0 0 0 0 0 0 0 0 0 0 0 0 0 0 0 0 
0 0 0 0 0 0 0 0 0 0 0 0 0 0 0 0 0 0 0 0 2.41195e+09 1.12711e+11 1.55413e+12 1.1548e+13 5.68332e+13 2.0443e+14 5.76996e+14 1.32009e+15 2.51506e+15 4.08336e+15 5.75068e+15 6.99583e+15 7.47911e+15 0 0 0 0 0 0 0 0 0 0 0 0 0 0 0 0 0 0 0 0 0 0 0 0 0 0 0 0 0 0 0 0 
0 0 0 0 0 0 0 0 0 0 0 0 0 0 0 0 0 0 0 0 0 1.2001e+10 2.59637e+11 2.46979e+12 1.42951e+13 5.81438e+13 1.79426e+14 4.40134e+14 8.85812e+14 1.50517e+15 2.16584e+15 2.70384e+15 2.8997e+15 0 0 0 0 0 0 0 0 0 0 0 0 0 0 0 0 0 0 0 0 0 0 0 0 0 0 0 0 0 0 0 0 
0 0 0 0 0 0 0 0 0 0 0 0 0 0 0 0 0 0 0 0 0 9.15724e+08 3.55536e+10 4.49679e+11 3.18888e+12 1.48391e+13 5.051e+13 1.33334e+14 2.84408e+14 4.99222e+14 7.41654e+14 9.37224e+14 1.01453e+15 0 0 0 0 0 0 0 0 0 0 0 0 0 0 0 0 0 0 0 0 0 0 0 0 0 0 0 0 0 0 0 0 
0 0 0 0 0 0 0 0 0 0 0 0 0 0 0 0 0 0 0 0 0 0 3.66932e+09 7.08468e+10 6.25295e+11 3.35268e+12 1.27663e+13 3.65884e+13 8.29001e+13 1.52991e+14 2.34297e+14 2.99979e+14 3.26303e+14 0 0 0 0 0 0 0 0 0 0 0 0 0 0 0 0 0 0 0 0 0 0 0 0 0 0 0 0 0 0 0 0 
0 0 0 0 0 0 0 0 0 0 0 0 0 0 0 0 0 0 0 0 0 0 3.19854e+08 9.51382e+09 1.06987e+11 6.92401e+11 2.94671e+12 9.19663e+12 2.2232e+13 4.28002e+13 6.73611e+13 8.84517e+13 9.61458e+13 0 0 0 0 0 0 0 0 0 0 0 0 0 0 0 0 0 0 0 0 0 0 0 0 0 0 0 0 0 0 0 0 
0 0 0 0 0 0 0 0 0 0 0 0 0 0 0 0 0 0 0 0 0 0 0 9.68612e+08 1.62363e+10 1.27096e+11 6.13631e+11 2.11374e+12 5.47127e+12 1.109e+13 1.81534e+13 2.41438e+13 2.64082e+13 0 0 0 0 0 0 0 0 0 0 0 0 0 0 0 0 0 0 0 0 0 0 0 0 0 0 0 0 0 0 0 0 
0 0 0 0 0 0 0 0 0 0 0 0 0 0 0 0 0 0 0 0 0 0 0 1.04324e+08 2.20643e+09 2.08393e+10 1.18489e+11 4.48735e+11 1.24758e+12 2.66961e+12 4.49339e+12 6.11658e+12 6.82775e+12 0 0 0 0 0 0 0 0 0 0 0 0 0 0 0 0 0 0 0 0 0 0 0 0 0 0 0 0 0 0 0 0 
0 0 0 0 0 0 0 0 0 0 0 0 0 0 0 0 0 0 0 0 0 0 0 0 2.25529e+08 3.15343e+09 2.09771e+10 8.86578e+10 2.65726e+11 5.98912e+11 1.03833e+12 1.44729e+12 1.62206e+12 0 0 0 0 0 0 0 0 0 0 0 0 0 0 0 0 0 0 0 0 0 0 0 0 0 0 0 0 0 0 0 0 
0 0 0 0 0 0 0 0 0 0 0 0 0 0 0 0 0 0 0 0 0 0 0 0 3.13954e+07 4.51395e+08 3.42084e+09 1.62505e+10 5.32395e+10 1.26783e+11 2.31552e+11 3.26191e+11 3.66155e+11 0 0 0 0 0 0 0 0 0 0 0 0 0 0 0 0 0 0 0 0 0 0 0 0 0 0 0 0 0 0 0 0 
0 0 0 0 0 0 0 0 0 0 0 0 0 0 0 0 0 0 0 0 0 0 0 0 0 4.55409e+07 5.35332e+08 2.90285e+09 1.02152e+10 2.56366e+10 4.86277e+10 7.0278e+10 7.96668e+10 0 0 0 0 0 0 0 0 0 0 0 0 0 0 0 0 0 0 0 0 0 0 0 0 0 0 0 0 0 0 0 0 
0 0 0 0 0 0 0 0 0 0 0 0 0 0 0 0 0 0 0 0 0 0 0 0 0 8.56128e+06 8.18108e+07 4.75061e+08 1.86782e+09 5.03681e+09 9.79154e+09 1.46008e+10 1.65225e+10 0 0 0 0 0 0 0 0 0 0 0 0 0 0 0 0 0 0 0 0 0 0 0 0 0 0 0 0 0 0 0 0 
0 0 0 0 0 0 0 0 0 0 0 0 0 0 0 0 0 0 0 0 0 0 0 0 0 0 7.83813e+06 8.13804e+07 3.38231e+08 9.52479e+08 1.963e+09 2.93355e+09 3.40122e+09 0 0 0 0 0 0 0 0 0 0 0 0 0 0 0 0 0 0 0 0 0 0 0 0 0 0 0 0 0 0 0 0 
0 0 0 0 0 0 0 0 0 0 0 0 0 0 0 0 0 0 0 0 0 0 0 0 0 0 2.06495e+06 1.29605e+07 5.65294e+07 1.82996e+08 3.79009e+08 5.89993e+08 6.75836e+08 0 0 0 0 0 0 0 0 0 0 0 0 0 0 0 0 0 0 0 0 0 0 0 0 0 0 0 0 0 0 0 0 
0 0 0 0 0 0 0 0 0 0 0 0 0 0 0 0 0 0 0 0 0 0 0 0 0 0 0 1.09052e+06 1.07985e+07 3.30496e+07 7.30371e+07 1.19171e+08 1.35521e+08 0 0 0 0 0 0 0 0 0 0 0 0 0 0 0 0 0 0 0 0 0 0 0 0 0 0 0 0 0 0 0 0 
0 0 0 0 0 0 0 0 0 0 0 0 0 0 0 0 0 0 0 0 0 0 0 0 0 0 0 426955 1.70775e+06 5.6106e+06 1.51869e+07 2.22548e+07 2.81405e+07 0 0 0 0 0 0 0 0 0 0 0 0 0 0 0 0 0 0 0 0 0 0 0 0 0 0 0 0 0 0 0 0 
0 0 0 0 0 0 0 0 0 0 0 0 0 0 0 0 0 0 0 0 0 0 0 0 0 0 0 0 111895 1.25346e+06 2.41918e+06 4.6462e+06 5.17537e+06 0 0 0 0 0 0 0 0 0 0 0 0 0 0 0 0 0 0 0 0 0 0 0 0 0 0 0 0 0 0 0 0 
0 0 0 0 0 0 0 0 0 0 0 0 0 0 0 0 0 0 0 0 0 0 0 0 0 0 0 0 73103.8 171416 463567 959866 927955 0 0 0 0 0 0 0 0 0 0 0 0 0 0 0 0 0 0 0 0 0 0 0 0 0 0 0 0 0 0 0 0 
0 0 0 0 0 0 0 0 0 0 0 0 0 0 0 0 0 0 0 0 0 0 0 0 0 0 0 0 0 7640.64 117617 112592 237592 0 0 0 0 0 0 0 0 0 0 0 0 0 0 0 0 0 0 0 0 0 0 0 0 0 0 0 0 0 0 0 0 
0 0 0 0 0 0 0 0 0 0 0 0 0 0 0 0 0 0 0 0 0 0 0 0 0 0 0 0 0 9881.36 11551.1 32700.5 37376.1 0 0 0 0 0 0 0 0 0 0 0 0 0 0 0 0 0 0 0 0 0 0 0 0 0 0 0 0 0 0 0 0 
0 0 0 0 0 0 0 0 0 0 0 0 0 0 0 0 0 0 0 0 0 0 0 0 0 0 0 0 0 0 255.173 7713.39 2066.14 0 0 0 0 0 0 0 0 0 0 0 0 0 0 0 0 0 0 0 0 0 0 0 0 0 0 0 0 0 0 0 0 
0 0 0 0 0 0 0 0 0 0 0 0 0 0 0 0 0 0 0 0 0 0 0 0 0 0 0 0 0 0 981.219 383.726 1938.67 0 0 0 0 0 0 0 0 0 0 0 0 0 0 0 0 0 0 0 0 0 0 0 0 0 0 0 0 0 0 0 0 
0 0 0 0 0 0 0 0 0 0 0 0 0 0 0 0 0 0 0 0 0 0 0 0 0 0 0 0 0 0 0 0 256.862 0 0 0 0 0 0 0 0 0 0 0 0 0 0 0 0 0 0 0 0 0 0 0 0 0 0 0 0 0 0 0 0 
0 0 0 0 0 0 0 0 0 0 0 0 0 0 0 0 0 0 0 0 0 0 0 0 0 0 0 0 0 0 0 63.3045 0 0 0 0 0 0 0 0 0 0 0 0 0 0 0 0 0 0 0 0 0 0 0 0 0 0 0 0 0 0 0 0 0 
0 0 0 0 0 0 0 0 0 0 0 0 0 0 0 0 0 0 0 0 0 0 0 0 0 0 0 0 0 0 0 0 0 0 0 0 0 0 0 0 0 0 0 0 0 0 0 0 0 0 0 0 0 0 0 0 0 0 0 0 0 0 0 0 0 
0 0 0 0 0 0 0 0 0 0 0 0 0 0 0 0 0 0 0 0 0 0 0 0 0 0 0 0 0 0 0 0 1.97826 0 0 0 0 0 0 0 0 0 0 0 0 0 0 0 0 0 0 0 0 0 0 0 0 0 0 0 0 0 0 0 0 
