1 0 0 0 0 0 0 0 0 0 0 0 0 0 0 0 0 0 0 0 0 0 0 0 0 0 0 0 0 0 0 0 0 0 0 0 0 0 0 0 0 0 0 0 0 0 0 0 0 0 0 0 0 0 0 0 0 0 0 0 0 0 0 0 0 
0 0 0 0 0 0 0 0 0 0 0 0 0 0 0 0 0 0 0 0 0 0 0 0 0 0 0 0 0 0 0 0 0 0 0 0 0 0 0 0 0 0 0 0 0 0 0 0 0 0 0 0 0 0 0 0 0 0 0 0 0 0 0 0 0 
0 64 0 0 0 0 0 0 0 0 0 0 0 0 0 0 0 0 0 0 0 0 0 0 0 0 0 0 0 0 0 0 0 0 0 0 0 0 0 0 0 0 0 0 0 0 0 0 0 0 0 0 0 0 0 0 0 0 0 0 0 0 0 0 0 
0 0 128 0 0 0 0 0 0 0 0 0 0 0 0 0 0 0 0 0 0 0 0 0 0 0 0 0 0 0 0 0 0 0 0 0 0 0 0 0 0 0 0 0 0 0 0 0 0 0 0 0 0 0 0 0 0 0 0 0 0 0 0 0 0 
0 0 1888 376.832 64.2499 0 0 0 0 0 0 0 0 0 0 0 0 0 0 0 0 0 0 0 0 0 0 0 0 0 0 0 0 0 0 0 0 0 0 0 0 0 0 0 0 0 0 0 0 0 0 0 0 0 0 0 0 0 0 0 0 0 0 0 0 
0 0 0 7182.34 1095.14 499.287 145.102 0 0 0 0 0 0 0 0 0 0 0 0 0 0 0 0 0 0 0 0 0 0 0 0 0 0 0 0 0 0 0 0 0 0 0 0 0 0 0 0 0 0 0 0 0 0 0 0 0 0 0 0 0 0 0 0 0 0 
0 0 0 34104.8 27512.9 7140.82 2518.99 1405.02 371.564 80.6292 0 0 0 0 0 0 0 0 0 0 0 0 0 0 0 0 0 0 0 0 0 0 0 0 0 0 0 0 0 0 0 0 0 0 0 0 0 0 0 0 0 0 0 0 0 0 0 0 0 0 0 0 0 0 0 
0 0 0 0 183480 98751.5 43713.8 17219.4 8436.34 4567.57 2162.1 595.997 156.617 0 0 0 0 0 0 0 0 0 0 0 0 0 0 0 0 0 0 0 0 0 0 0 0 0 0 0 0 0 0 0 0 0 0 0 0 0 0 0 0 0 0 0 0 0 0 0 0 0 0 0 0 
0 0 0 0 423224 828410 415095 233578 121604 61630.1 33663.6 21338.2 10326.3 5101.83 1469.87 471.983 87.4797 0 0 0 0 0 0 0 17.796 0 0 0 0 0 0 0 13.0918 0 0 0 0 0 0 0 0 0 0 0 0 0 0 0 0 0 0 0 0 0 0 0 0 0 0 0 0 0 0 0 0 
0 0 0 0 0 2.85682e+06 3.33661e+06 2.01207e+06 1.14916e+06 748020 444943 268284 172172 103220 64531.3 31287.5 13038.3 4990.59 1762.14 572.221 438.916 316.694 272.085 250.716 0 190.864 214.146 217.717 232.158 247.655 209.751 277.446 0 0 0 0 0 0 0 0 0 0 0 0 0 0 0 0 0 0 0 0 0 0 0 0 0 0 0 0 0 0 0 0 0 
0 0 0 0 0 3.83289e+06 1.45635e+07 1.35635e+07 9.46191e+06 6.21765e+06 4.09655e+06 2.77164e+06 1.86508e+06 1.20691e+06 770682 520743 331923 193611 109146 64519.9 39304.6 20084.5 13757.4 10375.7 9974.69 8065.54 7725.69 8389.95 9320.24 9406.62 9858.27 10106.5 10841 0 0 0 0 0 0 0 0 0 0 0 0 0 0 0 0 0 0 0 0 0 0 0 0 0 0 0 0 0 0 0 0 
0 0 0 0 0 0 3.03722e+07 6.39952e+07 5.89227e+07 4.31997e+07 3.14176e+07 2.21422e+07 1.59141e+07 1.16803e+07 8.12534e+06 6.03239e+06 3.87923e+06 2.72209e+06 1.93573e+06 1.41189e+06 1.08545e+06 659430 476690 351321 262376 217762 209526 213548 211494 199920 215789 218838 189616 0 0 0 0 0 0 0 0 0 0 0 0 0 0 0 0 0 0 0 0 0 0 0 0 0 0 0 0 0 0 0 0 
0 0 0 0 0 0 2.62406e+07 1.68677e+08 2.63751e+08 2.48085e+08 1.98956e+08 1.61235e+08 1.19423e+08 8.94555e+07 6.57481e+07 4.99904e+07 4.02464e+07 2.93037e+07 2.44701e+07 1.73433e+07 1.38249e+07 1.07757e+07 7.91983e+06 6.72333e+06 5.29015e+06 4.12984e+06 3.65578e+06 3.48025e+06 3.49706e+06 3.46753e+06 3.04662e+06 3.1703e+06 3.28727e+06 0 0 0 0 0 0 0 0 0 0 0 0 0 0 0 0 0 0 0 0 0 0 0 0 0 0 0 0 0 0 0 0 
0 0 0 0 0 0 0 2.33102e+08 7.79354e+08 1.06345e+09 1.05487e+09 9.18357e+08 7.65404e+08 6.01758e+08 4.83301e+08 3.84438e+08 3.09269e+08 2.4918e+08 2.06239e+08 1.73766e+08 1.31716e+08 1.06102e+08 8.73113e+07 6.95278e+07 5.78854e+07 5.24395e+07 4.84384e+07 4.63066e+07 3.98984e+07 3.95872e+07 3.97809e+07 3.91849e+07 3.85456e+07 0 0 0 0 0 0 0 0 0 0 0 0 0 0 0 0 0 0 0 0 0 0 0 0 0 0 0 0 0 0 0 0 
0 0 0 0 0 0 0 1.39615e+08 1.38776e+09 3.32757e+09 4.29286e+09 4.38399e+09 4.02255e+09 3.52017e+09 2.98027e+09 2.55334e+09 2.13423e+09 1.87209e+09 1.49758e+09 1.22043e+09 1.06517e+09 8.83229e+08 7.71857e+08 6.52284e+08 6.05428e+08 5.28371e+08 4.86973e+08 4.46774e+08 4.11172e+08 3.99189e+08 3.82848e+08 3.6726e+08 3.78293e+08 0 0 0 0 0 0 0 0 0 0 0 0 0 0 0 0 0 0 0 0 0 0 0 0 0 0 0 0 0 0 0 0 
0 0 0 0 0 0 0 0 1.33968e+09 6.65672e+09 1.30296e+10 1.68849e+10 1.80406e+10 1.73309e+10 1.58873e+10 1.39954e+10 1.24207e+10 1.05674e+10 9.33415e+09 8.22296e+09 7.07825e+09 6.4195e+09 5.4851e+09 4.90167e+09 4.43641e+09 4.1484e+09 3.7746e+09 3.45114e+09 3.46795e+09 3.18179e+09 3.17259e+09 3.11428e+09 3.09434e+09 0 0 0 0 0 0 0 0 0 0 0 0 0 0 0 0 0 0 0 0 0 0 0 0 0 0 0 0 0 0 0 0 
0 0 0 0 0 0 0 0 5.85963e+08 8.27007e+09 2.87002e+10 5.02619e+10 6.4618e+10 7.09628e+10 6.95487e+10 6.81231e+10 6.33322e+10 5.81188e+10 5.16955e+10 4.79272e+10 4.25839e+10 3.86957e+10 3.55323e+10 3.29961e+10 2.97152e+10 2.76237e+10 2.55851e+10 2.48545e+10 2.33001e+10 2.29775e+10 2.21546e+10 2.23586e+10 2.18095e+10 0 0 0 0 0 0 0 0 0 0 0 0 0 0 0 0 0 0 0 0 0 0 0 0 0 0 0 0 0 0 0 0 
0 0 0 0 0 0 0 0 0 5.96402e+09 4.0623e+10 1.11434e+11 1.87238e+11 2.40788e+11 2.73838e+11 2.82374e+11 2.86597e+11 2.73367e+11 2.60616e+11 2.42075e+11 2.30424e+11 2.11679e+11 1.93653e+11 1.86298e+11 1.7217e+11 1.6494e+11 1.56326e+11 1.5027e+11 1.38779e+11 1.41168e+11 1.38823e+11 1.38875e+11 1.35392e+11 0 0 0 0 0 0 0 0 0 0 0 0 0 0 0 0 0 0 0 0 0 0 0 0 0 0 0 0 0 0 0 0 
0 0 0 0 0 0 0 0 0 1.96044e+09 3.76443e+10 1.74078e+11 4.08896e+11 6.6772e+11 8.7323e+11 1.02212e+12 1.09613e+12 1.13831e+12 1.1296e+12 1.11693e+12 1.06493e+12 1.01736e+12 9.68874e+11 9.17316e+11 8.79748e+11 8.90484e+11 8.56434e+11 8.09477e+11 7.9486e+11 7.72886e+11 7.6265e+11 7.62919e+11 7.42859e+11 0 0 0 0 0 0 0 0 0 0 0 0 0 0 0 0 0 0 0 0 0 0 0 0 0 0 0 0 0 0 0 0 
0 0 0 0 0 0 0 0 0 0 2.06122e+10 1.86565e+11 6.71593e+11 1.44111e+12 2.30609e+12 3.04284e+12 3.66449e+12 4.063e+12 4.30716e+12 4.33431e+12 4.43782e+12 4.43962e+12 4.3633e+12 4.3239e+12 4.31732e+12 4.11054e+12 3.98074e+12 3.86101e+12 3.947e+12 3.74196e+12 3.81167e+12 3.63409e+12 3.7057e+12 0 0 0 0 0 0 0 0 0 0 0 0 0 0 0 0 0 0 0 0 0 0 0 0 0 0 0 0 0 0 0 0 
0 0 0 0 0 0 0 0 0 0 5.28122e+09 1.31263e+11 7.86956e+11 2.39208e+12 4.82955e+12 7.64951e+12 1.02692e+13 1.24993e+13 1.44181e+13 1.58426e+13 1.66448e+13 1.71563e+13 1.73249e+13 1.77397e+13 1.75803e+13 1.72641e+13 1.68952e+13 1.72848e+13 1.69117e+13 1.68579e+13 1.65145e+13 1.63895e+13 1.65937e+13 0 0 0 0 0 0 0 0 0 0 0 0 0 0 0 0 0 0 0 0 0 0 0 0 0 0 0 0 0 0 0 0 
0 0 0 0 0 0 0 0 0 0 0 5.59838e+10 6.43062e+11 2.93632e+12 7.95345e+12 1.5445e+13 2.43062e+13 3.36911e+13 4.15451e+13 4.84793e+13 5.42885e+13 5.88963e+13 6.22641e+13 6.41534e+13 6.46142e+13 6.62793e+13 6.8177e+13 6.86498e+13 6.83126e+13 6.78966e+13 6.73769e+13 6.72989e+13 6.89141e+13 0 0 0 0 0 0 0 0 0 0 0 0 0 0 0 0 0 0 0 0 0 0 0 0 0 0 0 0 0 0 0 0 
0 0 0 0 0 0 0 0 0 0 0 1.1636e+10 3.55748e+11 2.66043e+12 1.00059e+13 2.49472e+13 4.69368e+13 7.34098e+13 1.0174e+14 1.29372e+14 1.5403e+14 1.78135e+14 1.95767e+14 2.06355e+14 2.20271e+14 2.30099e+14 2.36579e+14 2.41586e+14 2.48242e+14 2.52705e+14 2.51638e+14 2.53978e+14 2.51976e+14 0 0 0 0 0 0 0 0 0 0 0 0 0 0 0 0 0 0 0 0 0 0 0 0 0 0 0 0 0 0 0 0 
0 0 0 0 0 0 0 0 0 0 0 0 1.22288e+11 1.69786e+12 9.61968e+12 3.15364e+13 7.40696e+13 1.35641e+14 2.13894e+14 2.98725e+14 3.85566e+14 4.64794e+14 5.42441e+14 6.13599e+14 6.63093e+14 7.08459e+14 7.53937e+14 7.80037e+14 7.96e+14 8.14008e+14 8.28929e+14 8.4483e+14 8.42311e+14 0 0 0 0 0 0 0 0 0 0 0 0 0 0 0 0 0 0 0 0 0 0 0 0 0 0 0 0 0 0 0 0 
0 0 0 0 0 0 0 0 0 0 0 0 2.08497e+10 7.63336e+11 6.75617e+12 3.09974e+13 9.18673e+13 2.05204e+14 3.70076e+14 5.82586e+14 8.26061e+14 1.06882e+15 1.30983e+15 1.53842e+15 1.77184e+15 1.95599e+15 2.12372e+15 2.23873e+15 2.35119e+15 2.42112e+15 2.50318e+15 2.53625e+15 2.56089e+15 0 0 0 0 0 0 0 0 0 0 0 0 0 0 0 0 0 0 0 0 0 0 0 0 0 0 0 0 0 0 0 0 
0 0 0 0 0 0 0 0 0 0 0 0 0 2.14333e+11 3.51874e+12 2.33156e+13 9.13154e+13 2.51643e+14 5.39771e+14 9.57517e+14 1.50284e+15 2.15277e+15 2.8386e+15 3.52996e+15 4.16996e+15 4.79382e+15 5.34189e+15 5.83135e+15 6.23324e+15 6.4273e+15 6.7619e+15 6.86406e+15 6.94132e+15 0 0 0 0 0 0 0 0 0 0 0 0 0 0 0 0 0 0 0 0 0 0 0 0 0 0 0 0 0 0 0 0 
0 0 0 0 0 0 0 0 0 0 0 0 0 3.03765e+10 1.29022e+12 1.33996e+13 7.14619e+13 2.47899e+14 6.40522e+14 1.3315e+15 2.32339e+15 3.61966e+15 5.1746e+15 6.8455e+15 8.61785e+15 1.03445e+16 1.19168e+16 1.33407e+16 1.4475e+16 1.57122e+16 1.60884e+16 1.66718e+16 1.68674e+16 0 0 0 0 0 0 0 0 0 0 0 0 0 0 0 0 0 0 0 0 0 0 0 0 0 0 0 0 0 0 0 0 
0 0 0 0 0 0 0 0 0 0 0 0 0 0 3.03608e+11 5.67516e+12 4.34093e+13 1.96005e+14 6.15985e+14 1.50822e+15 3.03566e+15 5.2964e+15 8.23014e+15 1.17049e+16 1.54222e+16 1.94932e+16 2.33839e+16 2.70373e+16 3.0364e+16 3.27598e+16 3.50099e+16 3.57912e+16 3.64144e+16 0 0 0 0 0 0 0 0 0 0 0 0 0 0 0 0 0 0 0 0 0 0 0 0 0 0 0 0 0 0 0 0 
0 0 0 0 0 0 0 0 0 0 0 0 0 0 3.63042e+10 1.73694e+12 2.03222e+13 1.23035e+14 4.87812e+14 1.42039e+15 3.34115e+15 6.47726e+15 1.10736e+16 1.71769e+16 2.44156e+16 3.20529e+16 4.01219e+16 4.81573e+16 5.56789e+16 6.14317e+16 6.58384e+16 6.86909e+16 6.9262e+16 0 0 0 0 0 0 0 0 0 0 0 0 0 0 0 0 0 0 0 0 0 0 0 0 0 0 0 0 0 0 0 0 
0 0 0 0 0 0 0 0 0 0 0 0 0 0 0 3.47418e+11 7.2071e+12 6.1648e+13 3.1295e+14 1.10463e+15 2.9833e+15 6.73267e+15 1.27806e+16 2.14071e+16 3.27872e+16 4.6134e+16 6.06027e+16 7.53293e+16 8.87033e+16 1.01354e+17 1.09985e+17 1.16142e+17 1.17183e+17 0 0 0 0 0 0 0 0 0 0 0 0 0 0 0 0 0 0 0 0 0 0 0 0 0 0 0 0 0 0 0 0 
0 0 0 0 0 0 0 0 0 0 0 0 0 0 0 3.63018e+10 1.88295e+12 2.39459e+13 1.60629e+14 7.08636e+14 2.28986e+15 5.80608e+15 1.24536e+16 2.30723e+16 3.79692e+16 5.72523e+16 7.95015e+16 1.01943e+17 1.24991e+17 1.44935e+17 1.61122e+17 1.69377e+17 1.75851e+17 0 0 0 0 0 0 0 0 0 0 0 0 0 0 0 0 0 0 0 0 0 0 0 0 0 0 0 0 0 0 0 0 
0 0 0 0 0 0 0 0 0 0 0 0 0 0 0 0 3.23588e+11 7.30544e+12 6.70981e+13 3.69332e+14 1.43867e+15 4.27904e+15 1.03566e+16 2.13189e+16 3.81168e+16 6.08766e+16 8.92448e+16 1.22118e+17 1.53346e+17 1.82763e+17 2.07462e+17 2.24965e+17 2.28133e+17 0 0 0 0 0 0 0 0 0 0 0 0 0 0 0 0 0 0 0 0 0 0 0 0 0 0 0 0 0 0 0 0 
0 0 0 0 0 0 0 0 0 0 0 0 0 0 0 0 2.98537e+10 1.6301e+12 2.23419e+13 1.61233e+14 7.57504e+14 2.64929e+15 7.26594e+15 1.64457e+16 3.23946e+16 5.61756e+16 8.76655e+16 1.24443e+17 1.64819e+17 2.03332e+17 2.33831e+17 2.55648e+17 2.61248e+17 0 0 0 0 0 0 0 0 0 0 0 0 0 0 0 0 0 0 0 0 0 0 0 0 0 0 0 0 0 0 0 0 
0 0 0 0 0 0 0 0 0 0 0 0 0 0 0 0 0 2.47572e+11 5.83375e+12 5.66758e+13 3.33745e+14 1.36809e+15 4.32182e+15 1.11218e+16 2.38865e+16 4.4869e+16 7.43324e+16 1.11997e+17 1.5423e+17 1.93616e+17 2.29924e+17 2.52581e+17 2.63446e+17 0 0 0 0 0 0 0 0 0 0 0 0 0 0 0 0 0 0 0 0 0 0 0 0 0 0 0 0 0 0 0 0 
0 0 0 0 0 0 0 0 0 0 0 0 0 0 0 0 0 2.03988e+10 1.1441e+12 1.65112e+13 1.22214e+14 6.09066e+14 2.22695e+15 6.40116e+15 1.5188e+16 3.08653e+16 5.48356e+16 8.67302e+16 1.24038e+17 1.6488e+17 1.96436e+17 2.19171e+17 2.26139e+17 0 0 0 0 0 0 0 0 0 0 0 0 0 0 0 0 0 0 0 0 0 0 0 0 0 0 0 0 0 0 0 0 
0 0 0 0 0 0 0 0 0 0 0 0 0 0 0 0 0 0 1.5588e+11 3.73951e+12 3.73128e+13 2.27919e+14 9.65493e+14 3.15021e+15 8.36385e+15 1.83583e+16 3.51491e+16 5.88512e+16 8.83172e+16 1.18622e+17 1.47478e+17 1.66143e+17 1.73793e+17 0 0 0 0 0 0 0 0 0 0 0 0 0 0 0 0 0 0 0 0 0 0 0 0 0 0 0 0 0 0 0 0 
0 0 0 0 0 0 0 0 0 0 0 0 0 0 0 0 0 0 1.16557e+10 6.50737e+11 9.4583e+12 7.18708e+13 3.6432e+14 1.36303e+15 4.01371e+15 9.63937e+15 1.96258e+16 3.49034e+16 5.47974e+16 7.65451e+16 9.72542e+16 1.11881e+17 1.16616e+17 0 0 0 0 0 0 0 0 0 0 0 0 0 0 0 0 0 0 0 0 0 0 0 0 0 0 0 0 0 0 0 0 
0 0 0 0 0 0 0 0 0 0 0 0 0 0 0 0 0 0 0 8.00079e+10 1.89884e+12 1.91596e+13 1.1941e+14 5.11263e+14 1.6662e+15 4.46399e+15 9.82176e+15 1.84441e+16 3.02399e+16 4.42165e+16 5.7107e+16 6.65366e+16 7.04364e+16 0 0 0 0 0 0 0 0 0 0 0 0 0 0 0 0 0 0 0 0 0 0 0 0 0 0 0 0 0 0 0 0 
0 0 0 0 0 0 0 0 0 0 0 0 0 0 0 0 0 0 0 5.77201e+09 3.00439e+11 4.29867e+12 3.30081e+13 1.65052e+14 6.17779e+14 1.80853e+15 4.31365e+15 8.62646e+15 1.47497e+16 2.22814e+16 2.95882e+16 3.52641e+16 3.70622e+16 0 0 0 0 0 0 0 0 0 0 0 0 0 0 0 0 0 0 0 0 0 0 0 0 0 0 0 0 0 0 0 0 
0 0 0 0 0 0 0 0 0 0 0 0 0 0 0 0 0 0 0 0 3.42946e+10 7.88004e+11 7.68687e+12 4.7363e+13 2.02008e+14 6.48074e+14 1.67289e+15 3.5814e+15 6.45427e+15 9.98731e+15 1.37004e+16 1.66428e+16 1.76919e+16 0 0 0 0 0 0 0 0 0 0 0 0 0 0 0 0 0 0 0 0 0 0 0 0 0 0 0 0 0 0 0 0 
0 0 0 0 0 0 0 0 0 0 0 0 0 0 0 0 0 0 0 0 2.47821e+09 1.14022e+11 1.56678e+12 1.15875e+13 5.67325e+13 2.0248e+14 5.76912e+14 1.32602e+15 2.56476e+15 4.16159e+15 5.8099e+15 6.96695e+15 7.44304e+15 0 0 0 0 0 0 0 0 0 0 0 0 0 0 0 0 0 0 0 0 0 0 0 0 0 0 0 0 0 0 0 0 
0 0 0 0 0 0 0 0 0 0 0 0 0 0 0 0 0 0 0 0 0 1.21981e+10 2.67205e+11 2.47147e+12 1.43257e+13 5.80624e+13 1.80427e+14 4.43039e+14 8.83997e+14 1.50189e+15 2.1466e+15 2.67114e+15 2.88874e+15 0 0 0 0 0 0 0 0 0 0 0 0 0 0 0 0 0 0 0 0 0 0 0 0 0 0 0 0 0 0 0 0 
0 0 0 0 0 0 0 0 0 0 0 0 0 0 0 0 0 0 0 0 0 9.32398e+08 3.57786e+10 4.59667e+11 3.18992e+12 1.49002e+13 4.94024e+13 1.3357e+14 2.86065e+14 5.02779e+14 7.43577e+14 9.37345e+14 1.00416e+15 0 0 0 0 0 0 0 0 0 0 0 0 0 0 0 0 0 0 0 0 0 0 0 0 0 0 0 0 0 0 0 0 
0 0 0 0 0 0 0 0 0 0 0 0 0 0 0 0 0 0 0 0 0 0 3.73608e+09 7.33628e+10 6.21728e+11 3.41643e+12 1.28047e+13 3.62887e+13 8.3129e+13 1.5425e+14 2.37385e+14 3.0279e+14 3.24878e+14 0 0 0 0 0 0 0 0 0 0 0 0 0 0 0 0 0 0 0 0 0 0 0 0 0 0 0 0 0 0 0 0 
0 0 0 0 0 0 0 0 0 0 0 0 0 0 0 0 0 0 0 0 0 0 3.21254e+08 9.70679e+09 1.10116e+11 6.81245e+11 2.99989e+12 9.13434e+12 2.20078e+13 4.30708e+13 6.71802e+13 8.80371e+13 9.68346e+13 0 0 0 0 0 0 0 0 0 0 0 0 0 0 0 0 0 0 0 0 0 0 0 0 0 0 0 0 0 0 0 0 
0 0 0 0 0 0 0 0 0 0 0 0 0 0 0 0 0 0 0 0 0 0 0 9.82089e+08 1.65186e+10 1.27786e+11 6.27734e+11 2.09036e+12 5.42985e+12 1.10104e+13 1.82212e+13 2.4336e+13 2.67296e+13 0 0 0 0 0 0 0 0 0 0 0 0 0 0 0 0 0 0 0 0 0 0 0 0 0 0 0 0 0 0 0 0 
0 0 0 0 0 0 0 0 0 0 0 0 0 0 0 0 0 0 0 0 0 0 0 1.0336e+08 2.23277e+09 2.11845e+10 1.18068e+11 4.56939e+11 1.25567e+12 2.6296e+12 4.50688e+12 6.00233e+12 6.71518e+12 0 0 0 0 0 0 0 0 0 0 0 0 0 0 0 0 0 0 0 0 0 0 0 0 0 0 0 0 0 0 0 0 
0 0 0 0 0 0 0 0 0 0 0 0 0 0 0 0 0 0 0 0 0 0 0 0 2.23594e+08 3.20702e+09 2.14268e+10 9.0619e+10 2.65536e+11 6.17454e+11 1.04657e+12 1.48971e+12 1.61352e+12 0 0 0 0 0 0 0 0 0 0 0 0 0 0 0 0 0 0 0 0 0 0 0 0 0 0 0 0 0 0 0 0 
0 0 0 0 0 0 0 0 0 0 0 0 0 0 0 0 0 0 0 0 0 0 0 0 3.09606e+07 4.55218e+08 3.48693e+09 1.65112e+10 5.47592e+10 1.29098e+11 2.29025e+11 3.29962e+11 3.69851e+11 0 0 0 0 0 0 0 0 0 0 0 0 0 0 0 0 0 0 0 0 0 0 0 0 0 0 0 0 0 0 0 0 
0 0 0 0 0 0 0 0 0 0 0 0 0 0 0 0 0 0 0 0 0 0 0 0 0 4.47428e+07 5.51121e+08 2.95757e+09 1.04502e+10 2.55075e+10 4.91495e+10 7.00322e+10 8.03897e+10 0 0 0 0 0 0 0 0 0 0 0 0 0 0 0 0 0 0 0 0 0 0 0 0 0 0 0 0 0 0 0 0 
0 0 0 0 0 0 0 0 0 0 0 0 0 0 0 0 0 0 0 0 0 0 0 0 0 8.49187e+06 8.32895e+07 4.84546e+08 1.86267e+09 5.04827e+09 9.80855e+09 1.46307e+10 1.64093e+10 0 0 0 0 0 0 0 0 0 0 0 0 0 0 0 0 0 0 0 0 0 0 0 0 0 0 0 0 0 0 0 0 
0 0 0 0 0 0 0 0 0 0 0 0 0 0 0 0 0 0 0 0 0 0 0 0 0 0 7.58308e+06 8.40518e+07 3.46351e+08 9.68482e+08 1.95559e+09 3.02332e+09 3.44343e+09 0 0 0 0 0 0 0 0 0 0 0 0 0 0 0 0 0 0 0 0 0 0 0 0 0 0 0 0 0 0 0 0 
0 0 0 0 0 0 0 0 0 0 0 0 0 0 0 0 0 0 0 0 0 0 0 0 0 0 2.08704e+06 1.30314e+07 5.88888e+07 1.85029e+08 3.76734e+08 5.98896e+08 6.81383e+08 0 0 0 0 0 0 0 0 0 0 0 0 0 0 0 0 0 0 0 0 0 0 0 0 0 0 0 0 0 0 0 0 
0 0 0 0 0 0 0 0 0 0 0 0 0 0 0 0 0 0 0 0 0 0 0 0 0 0 0 1.06515e+06 1.11981e+07 3.38676e+07 7.56549e+07 1.16352e+08 1.35138e+08 0 0 0 0 0 0 0 0 0 0 0 0 0 0 0 0 0 0 0 0 0 0 0 0 0 0 0 0 0 0 0 0 
0 0 0 0 0 0 0 0 0 0 0 0 0 0 0 0 0 0 0 0 0 0 0 0 0 0 0 428693 1.70186e+06 5.73585e+06 1.54072e+07 2.22404e+07 2.81748e+07 0 0 0 0 0 0 0 0 0 0 0 0 0 0 0 0 0 0 0 0 0 0 0 0 0 0 0 0 0 0 0 0 
0 0 0 0 0 0 0 0 0 0 0 0 0 0 0 0 0 0 0 0 0 0 0 0 0 0 0 0 110706 1.28515e+06 2.55922e+06 4.71053e+06 5.08965e+06 0 0 0 0 0 0 0 0 0 0 0 0 0 0 0 0 0 0 0 0 0 0 0 0 0 0 0 0 0 0 0 0 
0 0 0 0 0 0 0 0 0 0 0 0 0 0 0 0 0 0 0 0 0 0 0 0 0 0 0 0 73276 171867 468103 997965 925996 0 0 0 0 0 0 0 0 0 0 0 0 0 0 0 0 0 0 0 0 0 0 0 0 0 0 0 0 0 0 0 0 
0 0 0 0 0 0 0 0 0 0 0 0 0 0 0 0 0 0 0 0 0 0 0 0 0 0 0 0 0 7533.39 120775 114134 248258 0 0 0 0 0 0 0 0 0 0 0 0 0 0 0 0 0 0 0 0 0 0 0 0 0 0 0 0 0 0 0 0 
0 0 0 0 0 0 0 0 0 0 0 0 0 0 0 0 0 0 0 0 0 0 0 0 0 0 0 0 0 9940.26 11420.8 33806.2 39622.3 0 0 0 0 0 0 0 0 0 0 0 0 0 0 0 0 0 0 0 0 0 0 0 0 0 0 0 0 0 0 0 0 
0 0 0 0 0 0 0 0 0 0 0 0 0 0 0 0 0 0 0 0 0 0 0 0 0 0 0 0 0 0 247.863 7891.11 2013.41 0 0 0 0 0 0 0 0 0 0 0 0 0 0 0 0 0 0 0 0 0 0 0 0 0 0 0 0 0 0 0 0 
0 0 0 0 0 0 0 0 0 0 0 0 0 0 0 0 0 0 0 0 0 0 0 0 0 0 0 0 0 0 989.056 376.955 1999.19 0 0 0 0 0 0 0 0 0 0 0 0 0 0 0 0 0 0 0 0 0 0 0 0 0 0 0 0 0 0 0 0 
0 0 0 0 0 0 0 0 0 0 0 0 0 0 0 0 0 0 0 0 0 0 0 0 0 0 0 0 0 0 0 0 261.858 0 0 0 0 0 0 0 0 0 0 0 0 0 0 0 0 0 0 0 0 0 0 0 0 0 0 0 0 0 0 0 0 
0 0 0 0 0 0 0 0 0 0 0 0 0 0 0 0 0 0 0 0 0 0 0 0 0 0 0 0 0 0 0 63.8101 0 0 0 0 0 0 0 0 0 0 0 0 0 0 0 0 0 0 0 0 0 0 0 0 0 0 0 0 0 0 0 0 0 
0 0 0 0 0 0 0 0 0 0 0 0 0 0 0 0 0 0 0 0 0 0 0 0 0 0 0 0 0 0 0 0 0 0 0 0 0 0 0 0 0 0 0 0 0 0 0 0 0 0 0 0 0 0 0 0 0 0 0 0 0 0 0 0 0 
0 0 0 0 0 0 0 0 0 0 0 0 0 0 0 0 0 0 0 0 0 0 0 0 0 0 0 0 0 0 0 0 1.99406 0 0 0 0 0 0 0 0 0 0 0 0 0 0 0 0 0 0 0 0 0 0 0 0 0 0 0 0 0 0 0 0 
