1 4 20 5 24 6 25 100
2 0 21 6 20 7 26 101
3 1 22 7 21 8 27 102
4 2 23 8 22 9 28 103
0 3 24 9 23 5 29 104
6 9 0 10 4 11 30 105
7 5 1 11 0 12 31 106
8 6 2 12 1 13 32 107
9 7 3 13 2 14 33 108
5 8 4 14 3 10 34 109
11 14 5 15 9 16 35 110
12 10 6 16 5 17 36 111
13 11 7 17 6 18 37 112
14 12 8 18 7 19 38 113
10 13 9 19 8 15 39 114
16 19 10 20 14 21 40 115
17 15 11 21 10 22 41 116
18 16 12 22 11 23 42 117
19 17 13 23 12 24 43 118
15 18 14 24 13 20 44 119
21 24 15 0 19 1 45 120
22 20 16 1 15 2 46 121
23 21 17 2 16 3 47 122
24 22 18 3 17 4 48 123
20 23 19 4 18 0 49 124
26 29 45 30 49 31 50 0
27 25 46 31 45 32 51 1
28 26 47 32 46 33 52 2
29 27 48 33 47 34 53 3
25 28 49 34 48 30 54 4
31 34 25 35 29 36 55 5
32 30 26 36 25 37 56 6
33 31 27 37 26 38 57 7
34 32 28 38 27 39 58 8
30 33 29 39 28 35 59 9
36 39 30 40 34 41 60 10
37 35 31 41 30 42 61 11
38 36 32 42 31 43 62 12
39 37 33 43 32 44 63 13
35 38 34 44 33 40 64 14
41 44 35 45 39 46 65 15
42 40 36 46 35 47 66 16
43 41 37 47 36 48 67 17
44 42 38 48 37 49 68 18
40 43 39 49 38 45 69 19
46 49 40 25 44 26 70 20
47 45 41 26 40 27 71 21
48 46 42 27 41 28 72 22
49 47 43 28 42 29 73 23
45 48 44 29 43 25 74 24
51 54 70 55 74 56 75 25
52 50 71 56 70 57 76 26
53 51 72 57 71 58 77 27
54 52 73 58 72 59 78 28
50 53 74 59 73 55 79 29
56 59 50 60 54 61 80 30
57 55 51 61 50 62 81 31
58 56 52 62 51 63 82 32
59 57 53 63 52 64 83 33
55 58 54 64 53 60 84 34
61 64 55 65 59 66 85 35
62 60 56 66 55 67 86 36
63 61 57 67 56 68 87 37
64 62 58 68 57 69 88 38
60 63 59 69 58 65 89 39
66 69 60 70 64 71 90 40
67 65 61 71 60 72 91 41
68 66 62 72 61 73 92 42
69 67 63 73 62 74 93 43
65 68 64 74 63 70 94 44
71 74 65 50 69 51 95 45
72 70 66 51 65 52 96 46
73 71 67 52 66 53 97 47
74 72 68 53 67 54 98 48
70 73 69 54 68 50 99 49
76 79 95 80 99 81 100 50
77 75 96 81 95 82 101 51
78 76 97 82 96 83 102 52
79 77 98 83 97 84 103 53
75 78 99 84 98 80 104 54
81 84 75 85 79 86 105 55
82 80 76 86 75 87 106 56
83 81 77 87 76 88 107 57
84 82 78 88 77 89 108 58
80 83 79 89 78 85 109 59
86 89 80 90 84 91 110 60
87 85 81 91 80 92 111 61
88 86 82 92 81 93 112 62
89 87 83 93 82 94 113 63
85 88 84 94 83 90 114 64
91 94 85 95 89 96 115 65
92 90 86 96 85 97 116 66
93 91 87 97 86 98 117 67
94 92 88 98 87 99 118 68
90 93 89 99 88 95 119 69
96 99 90 75 94 76 120 70
97 95 91 76 90 77 121 71
98 96 92 77 91 78 122 72
99 97 93 78 92 79 123 73
95 98 94 79 93 75 124 74
101 104 120 105 124 106 0 75
102 100 121 106 120 107 1 76
103 101 122 107 121 108 2 77
104 102 123 108 122 109 3 78
100 103 124 109 123 105 4 79
106 109 100 110 104 111 5 80
107 105 101 111 100 112 6 81
108 106 102 112 101 113 7 82
109 107 103 113 102 114 8 83
105 108 104 114 103 110 9 84
111 114 105 115 109 116 10 85
112 110 106 116 105 117 11 86
113 111 107 117 106 118 12 87
114 112 108 118 107 119 13 88
110 113 109 119 108 115 14 89
116 119 110 120 114 121 15 90
117 115 111 121 110 122 16 91
118 116 112 122 111 123 17 92
119 117 113 123 112 124 18 93
115 118 114 124 113 120 19 94
121 124 115 100 119 101 20 95
122 120 116 101 115 102 21 96
123 121 117 102 116 103 22 97
124 122 118 103 117 104 23 98
120 123 119 104 118 100 24 99
