1 31 992 32
2 0 993 33
3 1 994 34
4 2 995 35
5 3 996 36
6 4 997 37
7 5 998 38
8 6 999 39
9 7 1000 40
10 8 1001 41
11 9 1002 42
12 10 1003 43
13 11 1004 44
14 12 1005 45
15 13 1006 46
16 14 1007 47
17 15 1008 48
18 16 1009 49
19 17 1010 50
20 18 1011 51
21 19 1012 52
22 20 1013 53
23 21 1014 54
24 22 1015 55
25 23 1016 56
26 24 1017 57
27 25 1018 58
28 26 1019 59
29 27 1020 60
30 28 1021 61
31 29 1022 62
0 30 1023 63
33 63 0 64
34 32 1 65
35 33 2 66
36 34 3 67
37 35 4 68
38 36 5 69
39 37 6 70
40 38 7 71
41 39 8 72
42 40 9 73
43 41 10 74
44 42 11 75
45 43 12 76
46 44 13 77
47 45 14 78
48 46 15 79
49 47 16 80
50 48 17 81
51 49 18 82
52 50 19 83
53 51 20 84
54 52 21 85
55 53 22 86
56 54 23 87
57 55 24 88
58 56 25 89
59 57 26 90
60 58 27 91
61 59 28 92
62 60 29 93
63 61 30 94
32 62 31 95
65 95 32 96
66 64 33 97
67 65 34 98
68 66 35 99
69 67 36 100
70 68 37 101
71 69 38 102
72 70 39 103
73 71 40 104
74 72 41 105
75 73 42 106
76 74 43 107
77 75 44 108
78 76 45 109
79 77 46 110
80 78 47 111
81 79 48 112
82 80 49 113
83 81 50 114
84 82 51 115
85 83 52 116
86 84 53 117
87 85 54 118
88 86 55 119
89 87 56 120
90 88 57 121
91 89 58 122
92 90 59 123
93 91 60 124
94 92 61 125
95 93 62 126
64 94 63 127
97 127 64 128
98 96 65 129
99 97 66 130
100 98 67 131
101 99 68 132
102 100 69 133
103 101 70 134
104 102 71 135
105 103 72 136
106 104 73 137
107 105 74 138
108 106 75 139
109 107 76 140
110 108 77 141
111 109 78 142
112 110 79 143
113 111 80 144
114 112 81 145
115 113 82 146
116 114 83 147
117 115 84 148
118 116 85 149
119 117 86 150
120 118 87 151
121 119 88 152
122 120 89 153
123 121 90 154
124 122 91 155
125 123 92 156
126 124 93 157
127 125 94 158
96 126 95 159
129 159 96 160
130 128 97 161
131 129 98 162
132 130 99 163
133 131 100 164
134 132 101 165
135 133 102 166
136 134 103 167
137 135 104 168
138 136 105 169
139 137 106 170
140 138 107 171
141 139 108 172
142 140 109 173
143 141 110 174
144 142 111 175
145 143 112 176
146 144 113 177
147 145 114 178
148 146 115 179
149 147 116 180
150 148 117 181
151 149 118 182
152 150 119 183
153 151 120 184
154 152 121 185
155 153 122 186
156 154 123 187
157 155 124 188
158 156 125 189
159 157 126 190
128 158 127 191
161 191 128 192
162 160 129 193
163 161 130 194
164 162 131 195
165 163 132 196
166 164 133 197
167 165 134 198
168 166 135 199
169 167 136 200
170 168 137 201
171 169 138 202
172 170 139 203
173 171 140 204
174 172 141 205
175 173 142 206
176 174 143 207
177 175 144 208
178 176 145 209
179 177 146 210
180 178 147 211
181 179 148 212
182 180 149 213
183 181 150 214
184 182 151 215
185 183 152 216
186 184 153 217
187 185 154 218
188 186 155 219
189 187 156 220
190 188 157 221
191 189 158 222
160 190 159 223
193 223 160 224
194 192 161 225
195 193 162 226
196 194 163 227
197 195 164 228
198 196 165 229
199 197 166 230
200 198 167 231
201 199 168 232
202 200 169 233
203 201 170 234
204 202 171 235
205 203 172 236
206 204 173 237
207 205 174 238
208 206 175 239
209 207 176 240
210 208 177 241
211 209 178 242
212 210 179 243
213 211 180 244
214 212 181 245
215 213 182 246
216 214 183 247
217 215 184 248
218 216 185 249
219 217 186 250
220 218 187 251
221 219 188 252
222 220 189 253
223 221 190 254
192 222 191 255
225 255 192 256
226 224 193 257
227 225 194 258
228 226 195 259
229 227 196 260
230 228 197 261
231 229 198 262
232 230 199 263
233 231 200 264
234 232 201 265
235 233 202 266
236 234 203 267
237 235 204 268
238 236 205 269
239 237 206 270
240 238 207 271
241 239 208 272
242 240 209 273
243 241 210 274
244 242 211 275
245 243 212 276
246 244 213 277
247 245 214 278
248 246 215 279
249 247 216 280
250 248 217 281
251 249 218 282
252 250 219 283
253 251 220 284
254 252 221 285
255 253 222 286
224 254 223 287
257 287 224 288
258 256 225 289
259 257 226 290
260 258 227 291
261 259 228 292
262 260 229 293
263 261 230 294
264 262 231 295
265 263 232 296
266 264 233 297
267 265 234 298
268 266 235 299
269 267 236 300
270 268 237 301
271 269 238 302
272 270 239 303
273 271 240 304
274 272 241 305
275 273 242 306
276 274 243 307
277 275 244 308
278 276 245 309
279 277 246 310
280 278 247 311
281 279 248 312
282 280 249 313
283 281 250 314
284 282 251 315
285 283 252 316
286 284 253 317
287 285 254 318
256 286 255 319
289 319 256 320
290 288 257 321
291 289 258 322
292 290 259 323
293 291 260 324
294 292 261 325
295 293 262 326
296 294 263 327
297 295 264 328
298 296 265 329
299 297 266 330
300 298 267 331
301 299 268 332
302 300 269 333
303 301 270 334
304 302 271 335
305 303 272 336
306 304 273 337
307 305 274 338
308 306 275 339
309 307 276 340
310 308 277 341
311 309 278 342
312 310 279 343
313 311 280 344
314 312 281 345
315 313 282 346
316 314 283 347
317 315 284 348
318 316 285 349
319 317 286 350
288 318 287 351
321 351 288 352
322 320 289 353
323 321 290 354
324 322 291 355
325 323 292 356
326 324 293 357
327 325 294 358
328 326 295 359
329 327 296 360
330 328 297 361
331 329 298 362
332 330 299 363
333 331 300 364
334 332 301 365
335 333 302 366
336 334 303 367
337 335 304 368
338 336 305 369
339 337 306 370
340 338 307 371
341 339 308 372
342 340 309 373
343 341 310 374
344 342 311 375
345 343 312 376
346 344 313 377
347 345 314 378
348 346 315 379
349 347 316 380
350 348 317 381
351 349 318 382
320 350 319 383
353 383 320 384
354 352 321 385
355 353 322 386
356 354 323 387
357 355 324 388
358 356 325 389
359 357 326 390
360 358 327 391
361 359 328 392
362 360 329 393
363 361 330 394
364 362 331 395
365 363 332 396
366 364 333 397
367 365 334 398
368 366 335 399
369 367 336 400
370 368 337 401
371 369 338 402
372 370 339 403
373 371 340 404
374 372 341 405
375 373 342 406
376 374 343 407
377 375 344 408
378 376 345 409
379 377 346 410
380 378 347 411
381 379 348 412
382 380 349 413
383 381 350 414
352 382 351 415
385 415 352 416
386 384 353 417
387 385 354 418
388 386 355 419
389 387 356 420
390 388 357 421
391 389 358 422
392 390 359 423
393 391 360 424
394 392 361 425
395 393 362 426
396 394 363 427
397 395 364 428
398 396 365 429
399 397 366 430
400 398 367 431
401 399 368 432
402 400 369 433
403 401 370 434
404 402 371 435
405 403 372 436
406 404 373 437
407 405 374 438
408 406 375 439
409 407 376 440
410 408 377 441
411 409 378 442
412 410 379 443
413 411 380 444
414 412 381 445
415 413 382 446
384 414 383 447
417 447 384 448
418 416 385 449
419 417 386 450
420 418 387 451
421 419 388 452
422 420 389 453
423 421 390 454
424 422 391 455
425 423 392 456
426 424 393 457
427 425 394 458
428 426 395 459
429 427 396 460
430 428 397 461
431 429 398 462
432 430 399 463
433 431 400 464
434 432 401 465
435 433 402 466
436 434 403 467
437 435 404 468
438 436 405 469
439 437 406 470
440 438 407 471
441 439 408 472
442 440 409 473
443 441 410 474
444 442 411 475
445 443 412 476
446 444 413 477
447 445 414 478
416 446 415 479
449 479 416 480
450 448 417 481
451 449 418 482
452 450 419 483
453 451 420 484
454 452 421 485
455 453 422 486
456 454 423 487
457 455 424 488
458 456 425 489
459 457 426 490
460 458 427 491
461 459 428 492
462 460 429 493
463 461 430 494
464 462 431 495
465 463 432 496
466 464 433 497
467 465 434 498
468 466 435 499
469 467 436 500
470 468 437 501
471 469 438 502
472 470 439 503
473 471 440 504
474 472 441 505
475 473 442 506
476 474 443 507
477 475 444 508
478 476 445 509
479 477 446 510
448 478 447 511
481 511 448 512
482 480 449 513
483 481 450 514
484 482 451 515
485 483 452 516
486 484 453 517
487 485 454 518
488 486 455 519
489 487 456 520
490 488 457 521
491 489 458 522
492 490 459 523
493 491 460 524
494 492 461 525
495 493 462 526
496 494 463 527
497 495 464 528
498 496 465 529
499 497 466 530
500 498 467 531
501 499 468 532
502 500 469 533
503 501 470 534
504 502 471 535
505 503 472 536
506 504 473 537
507 505 474 538
508 506 475 539
509 507 476 540
510 508 477 541
511 509 478 542
480 510 479 543
513 543 480 544
514 512 481 545
515 513 482 546
516 514 483 547
517 515 484 548
518 516 485 549
519 517 486 550
520 518 487 551
521 519 488 552
522 520 489 553
523 521 490 554
524 522 491 555
525 523 492 556
526 524 493 557
527 525 494 558
528 526 495 559
529 527 496 560
530 528 497 561
531 529 498 562
532 530 499 563
533 531 500 564
534 532 501 565
535 533 502 566
536 534 503 567
537 535 504 568
538 536 505 569
539 537 506 570
540 538 507 571
541 539 508 572
542 540 509 573
543 541 510 574
512 542 511 575
545 575 512 576
546 544 513 577
547 545 514 578
548 546 515 579
549 547 516 580
550 548 517 581
551 549 518 582
552 550 519 583
553 551 520 584
554 552 521 585
555 553 522 586
556 554 523 587
557 555 524 588
558 556 525 589
559 557 526 590
560 558 527 591
561 559 528 592
562 560 529 593
563 561 530 594
564 562 531 595
565 563 532 596
566 564 533 597
567 565 534 598
568 566 535 599
569 567 536 600
570 568 537 601
571 569 538 602
572 570 539 603
573 571 540 604
574 572 541 605
575 573 542 606
544 574 543 607
577 607 544 608
578 576 545 609
579 577 546 610
580 578 547 611
581 579 548 612
582 580 549 613
583 581 550 614
584 582 551 615
585 583 552 616
586 584 553 617
587 585 554 618
588 586 555 619
589 587 556 620
590 588 557 621
591 589 558 622
592 590 559 623
593 591 560 624
594 592 561 625
595 593 562 626
596 594 563 627
597 595 564 628
598 596 565 629
599 597 566 630
600 598 567 631
601 599 568 632
602 600 569 633
603 601 570 634
604 602 571 635
605 603 572 636
606 604 573 637
607 605 574 638
576 606 575 639
609 639 576 640
610 608 577 641
611 609 578 642
612 610 579 643
613 611 580 644
614 612 581 645
615 613 582 646
616 614 583 647
617 615 584 648
618 616 585 649
619 617 586 650
620 618 587 651
621 619 588 652
622 620 589 653
623 621 590 654
624 622 591 655
625 623 592 656
626 624 593 657
627 625 594 658
628 626 595 659
629 627 596 660
630 628 597 661
631 629 598 662
632 630 599 663
633 631 600 664
634 632 601 665
635 633 602 666
636 634 603 667
637 635 604 668
638 636 605 669
639 637 606 670
608 638 607 671
641 671 608 672
642 640 609 673
643 641 610 674
644 642 611 675
645 643 612 676
646 644 613 677
647 645 614 678
648 646 615 679
649 647 616 680
650 648 617 681
651 649 618 682
652 650 619 683
653 651 620 684
654 652 621 685
655 653 622 686
656 654 623 687
657 655 624 688
658 656 625 689
659 657 626 690
660 658 627 691
661 659 628 692
662 660 629 693
663 661 630 694
664 662 631 695
665 663 632 696
666 664 633 697
667 665 634 698
668 666 635 699
669 667 636 700
670 668 637 701
671 669 638 702
640 670 639 703
673 703 640 704
674 672 641 705
675 673 642 706
676 674 643 707
677 675 644 708
678 676 645 709
679 677 646 710
680 678 647 711
681 679 648 712
682 680 649 713
683 681 650 714
684 682 651 715
685 683 652 716
686 684 653 717
687 685 654 718
688 686 655 719
689 687 656 720
690 688 657 721
691 689 658 722
692 690 659 723
693 691 660 724
694 692 661 725
695 693 662 726
696 694 663 727
697 695 664 728
698 696 665 729
699 697 666 730
700 698 667 731
701 699 668 732
702 700 669 733
703 701 670 734
672 702 671 735
705 735 672 736
706 704 673 737
707 705 674 738
708 706 675 739
709 707 676 740
710 708 677 741
711 709 678 742
712 710 679 743
713 711 680 744
714 712 681 745
715 713 682 746
716 714 683 747
717 715 684 748
718 716 685 749
719 717 686 750
720 718 687 751
721 719 688 752
722 720 689 753
723 721 690 754
724 722 691 755
725 723 692 756
726 724 693 757
727 725 694 758
728 726 695 759
729 727 696 760
730 728 697 761
731 729 698 762
732 730 699 763
733 731 700 764
734 732 701 765
735 733 702 766
704 734 703 767
737 767 704 768
738 736 705 769
739 737 706 770
740 738 707 771
741 739 708 772
742 740 709 773
743 741 710 774
744 742 711 775
745 743 712 776
746 744 713 777
747 745 714 778
748 746 715 779
749 747 716 780
750 748 717 781
751 749 718 782
752 750 719 783
753 751 720 784
754 752 721 785
755 753 722 786
756 754 723 787
757 755 724 788
758 756 725 789
759 757 726 790
760 758 727 791
761 759 728 792
762 760 729 793
763 761 730 794
764 762 731 795
765 763 732 796
766 764 733 797
767 765 734 798
736 766 735 799
769 799 736 800
770 768 737 801
771 769 738 802
772 770 739 803
773 771 740 804
774 772 741 805
775 773 742 806
776 774 743 807
777 775 744 808
778 776 745 809
779 777 746 810
780 778 747 811
781 779 748 812
782 780 749 813
783 781 750 814
784 782 751 815
785 783 752 816
786 784 753 817
787 785 754 818
788 786 755 819
789 787 756 820
790 788 757 821
791 789 758 822
792 790 759 823
793 791 760 824
794 792 761 825
795 793 762 826
796 794 763 827
797 795 764 828
798 796 765 829
799 797 766 830
768 798 767 831
801 831 768 832
802 800 769 833
803 801 770 834
804 802 771 835
805 803 772 836
806 804 773 837
807 805 774 838
808 806 775 839
809 807 776 840
810 808 777 841
811 809 778 842
812 810 779 843
813 811 780 844
814 812 781 845
815 813 782 846
816 814 783 847
817 815 784 848
818 816 785 849
819 817 786 850
820 818 787 851
821 819 788 852
822 820 789 853
823 821 790 854
824 822 791 855
825 823 792 856
826 824 793 857
827 825 794 858
828 826 795 859
829 827 796 860
830 828 797 861
831 829 798 862
800 830 799 863
833 863 800 864
834 832 801 865
835 833 802 866
836 834 803 867
837 835 804 868
838 836 805 869
839 837 806 870
840 838 807 871
841 839 808 872
842 840 809 873
843 841 810 874
844 842 811 875
845 843 812 876
846 844 813 877
847 845 814 878
848 846 815 879
849 847 816 880
850 848 817 881
851 849 818 882
852 850 819 883
853 851 820 884
854 852 821 885
855 853 822 886
856 854 823 887
857 855 824 888
858 856 825 889
859 857 826 890
860 858 827 891
861 859 828 892
862 860 829 893
863 861 830 894
832 862 831 895
865 895 832 896
866 864 833 897
867 865 834 898
868 866 835 899
869 867 836 900
870 868 837 901
871 869 838 902
872 870 839 903
873 871 840 904
874 872 841 905
875 873 842 906
876 874 843 907
877 875 844 908
878 876 845 909
879 877 846 910
880 878 847 911
881 879 848 912
882 880 849 913
883 881 850 914
884 882 851 915
885 883 852 916
886 884 853 917
887 885 854 918
888 886 855 919
889 887 856 920
890 888 857 921
891 889 858 922
892 890 859 923
893 891 860 924
894 892 861 925
895 893 862 926
864 894 863 927
897 927 864 928
898 896 865 929
899 897 866 930
900 898 867 931
901 899 868 932
902 900 869 933
903 901 870 934
904 902 871 935
905 903 872 936
906 904 873 937
907 905 874 938
908 906 875 939
909 907 876 940
910 908 877 941
911 909 878 942
912 910 879 943
913 911 880 944
914 912 881 945
915 913 882 946
916 914 883 947
917 915 884 948
918 916 885 949
919 917 886 950
920 918 887 951
921 919 888 952
922 920 889 953
923 921 890 954
924 922 891 955
925 923 892 956
926 924 893 957
927 925 894 958
896 926 895 959
929 959 896 960
930 928 897 961
931 929 898 962
932 930 899 963
933 931 900 964
934 932 901 965
935 933 902 966
936 934 903 967
937 935 904 968
938 936 905 969
939 937 906 970
940 938 907 971
941 939 908 972
942 940 909 973
943 941 910 974
944 942 911 975
945 943 912 976
946 944 913 977
947 945 914 978
948 946 915 979
949 947 916 980
950 948 917 981
951 949 918 982
952 950 919 983
953 951 920 984
954 952 921 985
955 953 922 986
956 954 923 987
957 955 924 988
958 956 925 989
959 957 926 990
928 958 927 991
961 991 928 992
962 960 929 993
963 961 930 994
964 962 931 995
965 963 932 996
966 964 933 997
967 965 934 998
968 966 935 999
969 967 936 1000
970 968 937 1001
971 969 938 1002
972 970 939 1003
973 971 940 1004
974 972 941 1005
975 973 942 1006
976 974 943 1007
977 975 944 1008
978 976 945 1009
979 977 946 1010
980 978 947 1011
981 979 948 1012
982 980 949 1013
983 981 950 1014
984 982 951 1015
985 983 952 1016
986 984 953 1017
987 985 954 1018
988 986 955 1019
989 987 956 1020
990 988 957 1021
991 989 958 1022
960 990 959 1023
993 1023 960 0
994 992 961 1
995 993 962 2
996 994 963 3
997 995 964 4
998 996 965 5
999 997 966 6
1000 998 967 7
1001 999 968 8
1002 1000 969 9
1003 1001 970 10
1004 1002 971 11
1005 1003 972 12
1006 1004 973 13
1007 1005 974 14
1008 1006 975 15
1009 1007 976 16
1010 1008 977 17
1011 1009 978 18
1012 1010 979 19
1013 1011 980 20
1014 1012 981 21
1015 1013 982 22
1016 1014 983 23
1017 1015 984 24
1018 1016 985 25
1019 1017 986 26
1020 1018 987 27
1021 1019 988 28
1022 1020 989 29
1023 1021 990 30
992 1022 991 31
