1 6 42 7 48 8 91 679 97 685 49 637
2 0 43 8 42 9 92 680 91 679 50 638
3 1 44 9 43 10 93 681 92 680 51 639
4 2 45 10 44 11 94 682 93 681 52 640
5 3 46 11 45 12 95 683 94 682 53 641
6 4 47 12 46 13 96 684 95 683 54 642
0 5 48 13 47 7 97 685 96 684 55 643
8 13 0 14 6 15 49 637 55 643 56 644
9 7 1 15 0 16 50 638 49 637 57 645
10 8 2 16 1 17 51 639 50 638 58 646
11 9 3 17 2 18 52 640 51 639 59 647
12 10 4 18 3 19 53 641 52 640 60 648
13 11 5 19 4 20 54 642 53 641 61 649
7 12 6 20 5 14 55 643 54 642 62 650
15 20 7 21 13 22 56 644 62 650 63 651
16 14 8 22 7 23 57 645 56 644 64 652
17 15 9 23 8 24 58 646 57 645 65 653
18 16 10 24 9 25 59 647 58 646 66 654
19 17 11 25 10 26 60 648 59 647 67 655
20 18 12 26 11 27 61 649 60 648 68 656
14 19 13 27 12 21 62 650 61 649 69 657
22 27 14 28 20 29 63 651 69 657 70 658
23 21 15 29 14 30 64 652 63 651 71 659
24 22 16 30 15 31 65 653 64 652 72 660
25 23 17 31 16 32 66 654 65 653 73 661
26 24 18 32 17 33 67 655 66 654 74 662
27 25 19 33 18 34 68 656 67 655 75 663
21 26 20 34 19 28 69 657 68 656 76 664
29 34 21 35 27 36 70 658 76 664 77 665
30 28 22 36 21 37 71 659 70 658 78 666
31 29 23 37 22 38 72 660 71 659 79 667
32 30 24 38 23 39 73 661 72 660 80 668
33 31 25 39 24 40 74 662 73 661 81 669
34 32 26 40 25 41 75 663 74 662 82 670
28 33 27 41 26 35 76 664 75 663 83 671
36 41 28 42 34 43 77 665 83 671 84 672
37 35 29 43 28 44 78 666 77 665 85 673
38 36 30 44 29 45 79 667 78 666 86 674
39 37 31 45 30 46 80 668 79 667 87 675
40 38 32 46 31 47 81 669 80 668 88 676
41 39 33 47 32 48 82 670 81 669 89 677
35 40 34 48 33 42 83 671 82 670 90 678
43 48 35 0 41 1 84 672 90 678 91 679
44 42 36 1 35 2 85 673 84 672 92 680
45 43 37 2 36 3 86 674 85 673 93 681
46 44 38 3 37 4 87 675 86 674 94 682
47 45 39 4 38 5 88 676 87 675 95 683
48 46 40 5 39 6 89 677 88 676 96 684
42 47 41 6 40 0 90 678 89 677 97 685
50 55 91 56 97 57 105 7 106 8 98 0
51 49 92 57 91 58 106 8 107 9 99 1
52 50 93 58 92 59 107 9 108 10 100 2
53 51 94 59 93 60 108 10 109 11 101 3
54 52 95 60 94 61 109 11 110 12 102 4
55 53 96 61 95 62 110 12 111 13 103 5
49 54 97 62 96 56 111 13 105 7 104 6
57 62 49 63 55 64 112 14 113 15 105 7
58 56 50 64 49 65 113 15 114 16 106 8
59 57 51 65 50 66 114 16 115 17 107 9
60 58 52 66 51 67 115 17 116 18 108 10
61 59 53 67 52 68 116 18 117 19 109 11
62 60 54 68 53 69 117 19 118 20 110 12
56 61 55 69 54 63 118 20 112 14 111 13
64 69 56 70 62 71 119 21 120 22 112 14
65 63 57 71 56 72 120 22 121 23 113 15
66 64 58 72 57 73 121 23 122 24 114 16
67 65 59 73 58 74 122 24 123 25 115 17
68 66 60 74 59 75 123 25 124 26 116 18
69 67 61 75 60 76 124 26 125 27 117 19
63 68 62 76 61 70 125 27 119 21 118 20
71 76 63 77 69 78 126 28 127 29 119 21
72 70 64 78 63 79 127 29 128 30 120 22
73 71 65 79 64 80 128 30 129 31 121 23
74 72 66 80 65 81 129 31 130 32 122 24
75 73 67 81 66 82 130 32 131 33 123 25
76 74 68 82 67 83 131 33 132 34 124 26
70 75 69 83 68 77 132 34 126 28 125 27
78 83 70 84 76 85 133 35 134 36 126 28
79 77 71 85 70 86 134 36 135 37 127 29
80 78 72 86 71 87 135 37 136 38 128 30
81 79 73 87 72 88 136 38 137 39 129 31
82 80 74 88 73 89 137 39 138 40 130 32
83 81 75 89 74 90 138 40 139 41 131 33
77 82 76 90 75 84 139 41 133 35 132 34
85 90 77 91 83 92 140 42 141 43 133 35
86 84 78 92 77 93 141 43 142 44 134 36
87 85 79 93 78 94 142 44 143 45 135 37
88 86 80 94 79 95 143 45 144 46 136 38
89 87 81 95 80 96 144 46 145 47 137 39
90 88 82 96 81 97 145 47 146 48 138 40
84 89 83 97 82 91 146 48 140 42 139 41
92 97 84 49 90 50 98 0 99 1 140 42
93 91 85 50 84 51 99 1 100 2 141 43
94 92 86 51 85 52 100 2 101 3 142 44
95 93 87 52 86 53 101 3 102 4 143 45
96 94 88 53 87 54 102 4 103 5 144 46
97 95 89 54 88 55 103 5 104 6 145 47
91 96 90 55 89 49 104 6 98 0 146 48
99 104 140 105 146 106 189 91 195 97 147 49
100 98 141 106 140 107 190 92 189 91 148 50
101 99 142 107 141 108 191 93 190 92 149 51
102 100 143 108 142 109 192 94 191 93 150 52
103 101 144 109 143 110 193 95 192 94 151 53
104 102 145 110 144 111 194 96 193 95 152 54
98 103 146 111 145 105 195 97 194 96 153 55
106 111 98 112 104 113 147 49 153 55 154 56
107 105 99 113 98 114 148 50 147 49 155 57
108 106 100 114 99 115 149 51 148 50 156 58
109 107 101 115 100 116 150 52 149 51 157 59
110 108 102 116 101 117 151 53 150 52 158 60
111 109 103 117 102 118 152 54 151 53 159 61
105 110 104 118 103 112 153 55 152 54 160 62
113 118 105 119 111 120 154 56 160 62 161 63
114 112 106 120 105 121 155 57 154 56 162 64
115 113 107 121 106 122 156 58 155 57 163 65
116 114 108 122 107 123 157 59 156 58 164 66
117 115 109 123 108 124 158 60 157 59 165 67
118 116 110 124 109 125 159 61 158 60 166 68
112 117 111 125 110 119 160 62 159 61 167 69
120 125 112 126 118 127 161 63 167 69 168 70
121 119 113 127 112 128 162 64 161 63 169 71
122 120 114 128 113 129 163 65 162 64 170 72
123 121 115 129 114 130 164 66 163 65 171 73
124 122 116 130 115 131 165 67 164 66 172 74
125 123 117 131 116 132 166 68 165 67 173 75
119 124 118 132 117 126 167 69 166 68 174 76
127 132 119 133 125 134 168 70 174 76 175 77
128 126 120 134 119 135 169 71 168 70 176 78
129 127 121 135 120 136 170 72 169 71 177 79
130 128 122 136 121 137 171 73 170 72 178 80
131 129 123 137 122 138 172 74 171 73 179 81
132 130 124 138 123 139 173 75 172 74 180 82
126 131 125 139 124 133 174 76 173 75 181 83
134 139 126 140 132 141 175 77 181 83 182 84
135 133 127 141 126 142 176 78 175 77 183 85
136 134 128 142 127 143 177 79 176 78 184 86
137 135 129 143 128 144 178 80 177 79 185 87
138 136 130 144 129 145 179 81 178 80 186 88
139 137 131 145 130 146 180 82 179 81 187 89
133 138 132 146 131 140 181 83 180 82 188 90
141 146 133 98 139 99 182 84 188 90 189 91
142 140 134 99 133 100 183 85 182 84 190 92
143 141 135 100 134 101 184 86 183 85 191 93
144 142 136 101 135 102 185 87 184 86 192 94
145 143 137 102 136 103 186 88 185 87 193 95
146 144 138 103 137 104 187 89 186 88 194 96
140 145 139 104 138 98 188 90 187 89 195 97
148 153 189 154 195 155 203 105 204 106 196 98
149 147 190 155 189 156 204 106 205 107 197 99
150 148 191 156 190 157 205 107 206 108 198 100
151 149 192 157 191 158 206 108 207 109 199 101
152 150 193 158 192 159 207 109 208 110 200 102
153 151 194 159 193 160 208 110 209 111 201 103
147 152 195 160 194 154 209 111 203 105 202 104
155 160 147 161 153 162 210 112 211 113 203 105
156 154 148 162 147 163 211 113 212 114 204 106
157 155 149 163 148 164 212 114 213 115 205 107
158 156 150 164 149 165 213 115 214 116 206 108
159 157 151 165 150 166 214 116 215 117 207 109
160 158 152 166 151 167 215 117 216 118 208 110
154 159 153 167 152 161 216 118 210 112 209 111
162 167 154 168 160 169 217 119 218 120 210 112
163 161 155 169 154 170 218 120 219 121 211 113
164 162 156 170 155 171 219 121 220 122 212 114
165 163 157 171 156 172 220 122 221 123 213 115
166 164 158 172 157 173 221 123 222 124 214 116
167 165 159 173 158 174 222 124 223 125 215 117
161 166 160 174 159 168 223 125 217 119 216 118
169 174 161 175 167 176 224 126 225 127 217 119
170 168 162 176 161 177 225 127 226 128 218 120
171 169 163 177 162 178 226 128 227 129 219 121
172 170 164 178 163 179 227 129 228 130 220 122
173 171 165 179 164 180 228 130 229 131 221 123
174 172 166 180 165 181 229 131 230 132 222 124
168 173 167 181 166 175 230 132 224 126 223 125
176 181 168 182 174 183 231 133 232 134 224 126
177 175 169 183 168 184 232 134 233 135 225 127
178 176 170 184 169 185 233 135 234 136 226 128
179 177 171 185 170 186 234 136 235 137 227 129
180 178 172 186 171 187 235 137 236 138 228 130
181 179 173 187 172 188 236 138 237 139 229 131
175 180 174 188 173 182 237 139 231 133 230 132
183 188 175 189 181 190 238 140 239 141 231 133
184 182 176 190 175 191 239 141 240 142 232 134
185 183 177 191 176 192 240 142 241 143 233 135
186 184 178 192 177 193 241 143 242 144 234 136
187 185 179 193 178 194 242 144 243 145 235 137
188 186 180 194 179 195 243 145 244 146 236 138
182 187 181 195 180 189 244 146 238 140 237 139
190 195 182 147 188 148 196 98 197 99 238 140
191 189 183 148 182 149 197 99 198 100 239 141
192 190 184 149 183 150 198 100 199 101 240 142
193 191 185 150 184 151 199 101 200 102 241 143
194 192 186 151 185 152 200 102 201 103 242 144
195 193 187 152 186 153 201 103 202 104 243 145
189 194 188 153 187 147 202 104 196 98 244 146
197 202 238 203 244 204 287 189 293 195 245 147
198 196 239 204 238 205 288 190 287 189 246 148
199 197 240 205 239 206 289 191 288 190 247 149
200 198 241 206 240 207 290 192 289 191 248 150
201 199 242 207 241 208 291 193 290 192 249 151
202 200 243 208 242 209 292 194 291 193 250 152
196 201 244 209 243 203 293 195 292 194 251 153
204 209 196 210 202 211 245 147 251 153 252 154
205 203 197 211 196 212 246 148 245 147 253 155
206 204 198 212 197 213 247 149 246 148 254 156
207 205 199 213 198 214 248 150 247 149 255 157
208 206 200 214 199 215 249 151 248 150 256 158
209 207 201 215 200 216 250 152 249 151 257 159
203 208 202 216 201 210 251 153 250 152 258 160
211 216 203 217 209 218 252 154 258 160 259 161
212 210 204 218 203 219 253 155 252 154 260 162
213 211 205 219 204 220 254 156 253 155 261 163
214 212 206 220 205 221 255 157 254 156 262 164
215 213 207 221 206 222 256 158 255 157 263 165
216 214 208 222 207 223 257 159 256 158 264 166
210 215 209 223 208 217 258 160 257 159 265 167
218 223 210 224 216 225 259 161 265 167 266 168
219 217 211 225 210 226 260 162 259 161 267 169
220 218 212 226 211 227 261 163 260 162 268 170
221 219 213 227 212 228 262 164 261 163 269 171
222 220 214 228 213 229 263 165 262 164 270 172
223 221 215 229 214 230 264 166 263 165 271 173
217 222 216 230 215 224 265 167 264 166 272 174
225 230 217 231 223 232 266 168 272 174 273 175
226 224 218 232 217 233 267 169 266 168 274 176
227 225 219 233 218 234 268 170 267 169 275 177
228 226 220 234 219 235 269 171 268 170 276 178
229 227 221 235 220 236 270 172 269 171 277 179
230 228 222 236 221 237 271 173 270 172 278 180
224 229 223 237 222 231 272 174 271 173 279 181
232 237 224 238 230 239 273 175 279 181 280 182
233 231 225 239 224 240 274 176 273 175 281 183
234 232 226 240 225 241 275 177 274 176 282 184
235 233 227 241 226 242 276 178 275 177 283 185
236 234 228 242 227 243 277 179 276 178 284 186
237 235 229 243 228 244 278 180 277 179 285 187
231 236 230 244 229 238 279 181 278 180 286 188
239 244 231 196 237 197 280 182 286 188 287 189
240 238 232 197 231 198 281 183 280 182 288 190
241 239 233 198 232 199 282 184 281 183 289 191
242 240 234 199 233 200 283 185 282 184 290 192
243 241 235 200 234 201 284 186 283 185 291 193
244 242 236 201 235 202 285 187 284 186 292 194
238 243 237 202 236 196 286 188 285 187 293 195
246 251 287 252 293 253 301 203 302 204 294 196
247 245 288 253 287 254 302 204 303 205 295 197
248 246 289 254 288 255 303 205 304 206 296 198
249 247 290 255 289 256 304 206 305 207 297 199
250 248 291 256 290 257 305 207 306 208 298 200
251 249 292 257 291 258 306 208 307 209 299 201
245 250 293 258 292 252 307 209 301 203 300 202
253 258 245 259 251 260 308 210 309 211 301 203
254 252 246 260 245 261 309 211 310 212 302 204
255 253 247 261 246 262 310 212 311 213 303 205
256 254 248 262 247 263 311 213 312 214 304 206
257 255 249 263 248 264 312 214 313 215 305 207
258 256 250 264 249 265 313 215 314 216 306 208
252 257 251 265 250 259 314 216 308 210 307 209
260 265 252 266 258 267 315 217 316 218 308 210
261 259 253 267 252 268 316 218 317 219 309 211
262 260 254 268 253 269 317 219 318 220 310 212
263 261 255 269 254 270 318 220 319 221 311 213
264 262 256 270 255 271 319 221 320 222 312 214
265 263 257 271 256 272 320 222 321 223 313 215
259 264 258 272 257 266 321 223 315 217 314 216
267 272 259 273 265 274 322 224 323 225 315 217
268 266 260 274 259 275 323 225 324 226 316 218
269 267 261 275 260 276 324 226 325 227 317 219
270 268 262 276 261 277 325 227 326 228 318 220
271 269 263 277 262 278 326 228 327 229 319 221
272 270 264 278 263 279 327 229 328 230 320 222
266 271 265 279 264 273 328 230 322 224 321 223
274 279 266 280 272 281 329 231 330 232 322 224
275 273 267 281 266 282 330 232 331 233 323 225
276 274 268 282 267 283 331 233 332 234 324 226
277 275 269 283 268 284 332 234 333 235 325 227
278 276 270 284 269 285 333 235 334 236 326 228
279 277 271 285 270 286 334 236 335 237 327 229
273 278 272 286 271 280 335 237 329 231 328 230
281 286 273 287 279 288 336 238 337 239 329 231
282 280 274 288 273 289 337 239 338 240 330 232
283 281 275 289 274 290 338 240 339 241 331 233
284 282 276 290 275 291 339 241 340 242 332 234
285 283 277 291 276 292 340 242 341 243 333 235
286 284 278 292 277 293 341 243 342 244 334 236
280 285 279 293 278 287 342 244 336 238 335 237
288 293 280 245 286 246 294 196 295 197 336 238
289 287 281 246 280 247 295 197 296 198 337 239
290 288 282 247 281 248 296 198 297 199 338 240
291 289 283 248 282 249 297 199 298 200 339 241
292 290 284 249 283 250 298 200 299 201 340 242
293 291 285 250 284 251 299 201 300 202 341 243
287 292 286 251 285 245 300 202 294 196 342 244
295 300 336 301 342 302 385 287 391 293 343 245
296 294 337 302 336 303 386 288 385 287 344 246
297 295 338 303 337 304 387 289 386 288 345 247
298 296 339 304 338 305 388 290 387 289 346 248
299 297 340 305 339 306 389 291 388 290 347 249
300 298 341 306 340 307 390 292 389 291 348 250
294 299 342 307 341 301 391 293 390 292 349 251
302 307 294 308 300 309 343 245 349 251 350 252
303 301 295 309 294 310 344 246 343 245 351 253
304 302 296 310 295 311 345 247 344 246 352 254
305 303 297 311 296 312 346 248 345 247 353 255
306 304 298 312 297 313 347 249 346 248 354 256
307 305 299 313 298 314 348 250 347 249 355 257
301 306 300 314 299 308 349 251 348 250 356 258
309 314 301 315 307 316 350 252 356 258 357 259
310 308 302 316 301 317 351 253 350 252 358 260
311 309 303 317 302 318 352 254 351 253 359 261
312 310 304 318 303 319 353 255 352 254 360 262
313 311 305 319 304 320 354 256 353 255 361 263
314 312 306 320 305 321 355 257 354 256 362 264
308 313 307 321 306 315 356 258 355 257 363 265
316 321 308 322 314 323 357 259 363 265 364 266
317 315 309 323 308 324 358 260 357 259 365 267
318 316 310 324 309 325 359 261 358 260 366 268
319 317 311 325 310 326 360 262 359 261 367 269
320 318 312 326 311 327 361 263 360 262 368 270
321 319 313 327 312 328 362 264 361 263 369 271
315 320 314 328 313 322 363 265 362 264 370 272
323 328 315 329 321 330 364 266 370 272 371 273
324 322 316 330 315 331 365 267 364 266 372 274
325 323 317 331 316 332 366 268 365 267 373 275
326 324 318 332 317 333 367 269 366 268 374 276
327 325 319 333 318 334 368 270 367 269 375 277
328 326 320 334 319 335 369 271 368 270 376 278
322 327 321 335 320 329 370 272 369 271 377 279
330 335 322 336 328 337 371 273 377 279 378 280
331 329 323 337 322 338 372 274 371 273 379 281
332 330 324 338 323 339 373 275 372 274 380 282
333 331 325 339 324 340 374 276 373 275 381 283
334 332 326 340 325 341 375 277 374 276 382 284
335 333 327 341 326 342 376 278 375 277 383 285
329 334 328 342 327 336 377 279 376 278 384 286
337 342 329 294 335 295 378 280 384 286 385 287
338 336 330 295 329 296 379 281 378 280 386 288
339 337 331 296 330 297 380 282 379 281 387 289
340 338 332 297 331 298 381 283 380 282 388 290
341 339 333 298 332 299 382 284 381 283 389 291
342 340 334 299 333 300 383 285 382 284 390 292
336 341 335 300 334 294 384 286 383 285 391 293
344 349 385 350 391 351 399 301 400 302 392 294
345 343 386 351 385 352 400 302 401 303 393 295
346 344 387 352 386 353 401 303 402 304 394 296
347 345 388 353 387 354 402 304 403 305 395 297
348 346 389 354 388 355 403 305 404 306 396 298
349 347 390 355 389 356 404 306 405 307 397 299
343 348 391 356 390 350 405 307 399 301 398 300
351 356 343 357 349 358 406 308 407 309 399 301
352 350 344 358 343 359 407 309 408 310 400 302
353 351 345 359 344 360 408 310 409 311 401 303
354 352 346 360 345 361 409 311 410 312 402 304
355 353 347 361 346 362 410 312 411 313 403 305
356 354 348 362 347 363 411 313 412 314 404 306
350 355 349 363 348 357 412 314 406 308 405 307
358 363 350 364 356 365 413 315 414 316 406 308
359 357 351 365 350 366 414 316 415 317 407 309
360 358 352 366 351 367 415 317 416 318 408 310
361 359 353 367 352 368 416 318 417 319 409 311
362 360 354 368 353 369 417 319 418 320 410 312
363 361 355 369 354 370 418 320 419 321 411 313
357 362 356 370 355 364 419 321 413 315 412 314
365 370 357 371 363 372 420 322 421 323 413 315
366 364 358 372 357 373 421 323 422 324 414 316
367 365 359 373 358 374 422 324 423 325 415 317
368 366 360 374 359 375 423 325 424 326 416 318
369 367 361 375 360 376 424 326 425 327 417 319
370 368 362 376 361 377 425 327 426 328 418 320
364 369 363 377 362 371 426 328 420 322 419 321
372 377 364 378 370 379 427 329 428 330 420 322
373 371 365 379 364 380 428 330 429 331 421 323
374 372 366 380 365 381 429 331 430 332 422 324
375 373 367 381 366 382 430 332 431 333 423 325
376 374 368 382 367 383 431 333 432 334 424 326
377 375 369 383 368 384 432 334 433 335 425 327
371 376 370 384 369 378 433 335 427 329 426 328
379 384 371 385 377 386 434 336 435 337 427 329
380 378 372 386 371 387 435 337 436 338 428 330
381 379 373 387 372 388 436 338 437 339 429 331
382 380 374 388 373 389 437 339 438 340 430 332
383 381 375 389 374 390 438 340 439 341 431 333
384 382 376 390 375 391 439 341 440 342 432 334
378 383 377 391 376 385 440 342 434 336 433 335
386 391 378 343 384 344 392 294 393 295 434 336
387 385 379 344 378 345 393 295 394 296 435 337
388 386 380 345 379 346 394 296 395 297 436 338
389 387 381 346 380 347 395 297 396 298 437 339
390 388 382 347 381 348 396 298 397 299 438 340
391 389 383 348 382 349 397 299 398 300 439 341
385 390 384 349 383 343 398 300 392 294 440 342
393 398 434 399 440 400 483 385 489 391 441 343
394 392 435 400 434 401 484 386 483 385 442 344
395 393 436 401 435 402 485 387 484 386 443 345
396 394 437 402 436 403 486 388 485 387 444 346
397 395 438 403 437 404 487 389 486 388 445 347
398 396 439 404 438 405 488 390 487 389 446 348
392 397 440 405 439 399 489 391 488 390 447 349
400 405 392 406 398 407 441 343 447 349 448 350
401 399 393 407 392 408 442 344 441 343 449 351
402 400 394 408 393 409 443 345 442 344 450 352
403 401 395 409 394 410 444 346 443 345 451 353
404 402 396 410 395 411 445 347 444 346 452 354
405 403 397 411 396 412 446 348 445 347 453 355
399 404 398 412 397 406 447 349 446 348 454 356
407 412 399 413 405 414 448 350 454 356 455 357
408 406 400 414 399 415 449 351 448 350 456 358
409 407 401 415 400 416 450 352 449 351 457 359
410 408 402 416 401 417 451 353 450 352 458 360
411 409 403 417 402 418 452 354 451 353 459 361
412 410 404 418 403 419 453 355 452 354 460 362
406 411 405 419 404 413 454 356 453 355 461 363
414 419 406 420 412 421 455 357 461 363 462 364
415 413 407 421 406 422 456 358 455 357 463 365
416 414 408 422 407 423 457 359 456 358 464 366
417 415 409 423 408 424 458 360 457 359 465 367
418 416 410 424 409 425 459 361 458 360 466 368
419 417 411 425 410 426 460 362 459 361 467 369
413 418 412 426 411 420 461 363 460 362 468 370
421 426 413 427 419 428 462 364 468 370 469 371
422 420 414 428 413 429 463 365 462 364 470 372
423 421 415 429 414 430 464 366 463 365 471 373
424 422 416 430 415 431 465 367 464 366 472 374
425 423 417 431 416 432 466 368 465 367 473 375
426 424 418 432 417 433 467 369 466 368 474 376
420 425 419 433 418 427 468 370 467 369 475 377
428 433 420 434 426 435 469 371 475 377 476 378
429 427 421 435 420 436 470 372 469 371 477 379
430 428 422 436 421 437 471 373 470 372 478 380
431 429 423 437 422 438 472 374 471 373 479 381
432 430 424 438 423 439 473 375 472 374 480 382
433 431 425 439 424 440 474 376 473 375 481 383
427 432 426 440 425 434 475 377 474 376 482 384
435 440 427 392 433 393 476 378 482 384 483 385
436 434 428 393 427 394 477 379 476 378 484 386
437 435 429 394 428 395 478 380 477 379 485 387
438 436 430 395 429 396 479 381 478 380 486 388
439 437 431 396 430 397 480 382 479 381 487 389
440 438 432 397 431 398 481 383 480 382 488 390
434 439 433 398 432 392 482 384 481 383 489 391
442 447 483 448 489 449 497 399 498 400 490 392
443 441 484 449 483 450 498 400 499 401 491 393
444 442 485 450 484 451 499 401 500 402 492 394
445 443 486 451 485 452 500 402 501 403 493 395
446 444 487 452 486 453 501 403 502 404 494 396
447 445 488 453 487 454 502 404 503 405 495 397
441 446 489 454 488 448 503 405 497 399 496 398
449 454 441 455 447 456 504 406 505 407 497 399
450 448 442 456 441 457 505 407 506 408 498 400
451 449 443 457 442 458 506 408 507 409 499 401
452 450 444 458 443 459 507 409 508 410 500 402
453 451 445 459 444 460 508 410 509 411 501 403
454 452 446 460 445 461 509 411 510 412 502 404
448 453 447 461 446 455 510 412 504 406 503 405
456 461 448 462 454 463 511 413 512 414 504 406
457 455 449 463 448 464 512 414 513 415 505 407
458 456 450 464 449 465 513 415 514 416 506 408
459 457 451 465 450 466 514 416 515 417 507 409
460 458 452 466 451 467 515 417 516 418 508 410
461 459 453 467 452 468 516 418 517 419 509 411
455 460 454 468 453 462 517 419 511 413 510 412
463 468 455 469 461 470 518 420 519 421 511 413
464 462 456 470 455 471 519 421 520 422 512 414
465 463 457 471 456 472 520 422 521 423 513 415
466 464 458 472 457 473 521 423 522 424 514 416
467 465 459 473 458 474 522 424 523 425 515 417
468 466 460 474 459 475 523 425 524 426 516 418
462 467 461 475 460 469 524 426 518 420 517 419
470 475 462 476 468 477 525 427 526 428 518 420
471 469 463 477 462 478 526 428 527 429 519 421
472 470 464 478 463 479 527 429 528 430 520 422
473 471 465 479 464 480 528 430 529 431 521 423
474 472 466 480 465 481 529 431 530 432 522 424
475 473 467 481 466 482 530 432 531 433 523 425
469 474 468 482 467 476 531 433 525 427 524 426
477 482 469 483 475 484 532 434 533 435 525 427
478 476 470 484 469 485 533 435 534 436 526 428
479 477 471 485 470 486 534 436 535 437 527 429
480 478 472 486 471 487 535 437 536 438 528 430
481 479 473 487 472 488 536 438 537 439 529 431
482 480 474 488 473 489 537 439 538 440 530 432
476 481 475 489 474 483 538 440 532 434 531 433
484 489 476 441 482 442 490 392 491 393 532 434
485 483 477 442 476 443 491 393 492 394 533 435
486 484 478 443 477 444 492 394 493 395 534 436
487 485 479 444 478 445 493 395 494 396 535 437
488 486 480 445 479 446 494 396 495 397 536 438
489 487 481 446 480 447 495 397 496 398 537 439
483 488 482 447 481 441 496 398 490 392 538 440
491 496 532 497 538 498 581 483 587 489 539 441
492 490 533 498 532 499 582 484 581 483 540 442
493 491 534 499 533 500 583 485 582 484 541 443
494 492 535 500 534 501 584 486 583 485 542 444
495 493 536 501 535 502 585 487 584 486 543 445
496 494 537 502 536 503 586 488 585 487 544 446
490 495 538 503 537 497 587 489 586 488 545 447
498 503 490 504 496 505 539 441 545 447 546 448
499 497 491 505 490 506 540 442 539 441 547 449
500 498 492 506 491 507 541 443 540 442 548 450
501 499 493 507 492 508 542 444 541 443 549 451
502 500 494 508 493 509 543 445 542 444 550 452
503 501 495 509 494 510 544 446 543 445 551 453
497 502 496 510 495 504 545 447 544 446 552 454
505 510 497 511 503 512 546 448 552 454 553 455
506 504 498 512 497 513 547 449 546 448 554 456
507 505 499 513 498 514 548 450 547 449 555 457
508 506 500 514 499 515 549 451 548 450 556 458
509 507 501 515 500 516 550 452 549 451 557 459
510 508 502 516 501 517 551 453 550 452 558 460
504 509 503 517 502 511 552 454 551 453 559 461
512 517 504 518 510 519 553 455 559 461 560 462
513 511 505 519 504 520 554 456 553 455 561 463
514 512 506 520 505 521 555 457 554 456 562 464
515 513 507 521 506 522 556 458 555 457 563 465
516 514 508 522 507 523 557 459 556 458 564 466
517 515 509 523 508 524 558 460 557 459 565 467
511 516 510 524 509 518 559 461 558 460 566 468
519 524 511 525 517 526 560 462 566 468 567 469
520 518 512 526 511 527 561 463 560 462 568 470
521 519 513 527 512 528 562 464 561 463 569 471
522 520 514 528 513 529 563 465 562 464 570 472
523 521 515 529 514 530 564 466 563 465 571 473
524 522 516 530 515 531 565 467 564 466 572 474
518 523 517 531 516 525 566 468 565 467 573 475
526 531 518 532 524 533 567 469 573 475 574 476
527 525 519 533 518 534 568 470 567 469 575 477
528 526 520 534 519 535 569 471 568 470 576 478
529 527 521 535 520 536 570 472 569 471 577 479
530 528 522 536 521 537 571 473 570 472 578 480
531 529 523 537 522 538 572 474 571 473 579 481
525 530 524 538 523 532 573 475 572 474 580 482
533 538 525 490 531 491 574 476 580 482 581 483
534 532 526 491 525 492 575 477 574 476 582 484
535 533 527 492 526 493 576 478 575 477 583 485
536 534 528 493 527 494 577 479 576 478 584 486
537 535 529 494 528 495 578 480 577 479 585 487
538 536 530 495 529 496 579 481 578 480 586 488
532 537 531 496 530 490 580 482 579 481 587 489
540 545 581 546 587 547 595 497 596 498 588 490
541 539 582 547 581 548 596 498 597 499 589 491
542 540 583 548 582 549 597 499 598 500 590 492
543 541 584 549 583 550 598 500 599 501 591 493
544 542 585 550 584 551 599 501 600 502 592 494
545 543 586 551 585 552 600 502 601 503 593 495
539 544 587 552 586 546 601 503 595 497 594 496
547 552 539 553 545 554 602 504 603 505 595 497
548 546 540 554 539 555 603 505 604 506 596 498
549 547 541 555 540 556 604 506 605 507 597 499
550 548 542 556 541 557 605 507 606 508 598 500
551 549 543 557 542 558 606 508 607 509 599 501
552 550 544 558 543 559 607 509 608 510 600 502
546 551 545 559 544 553 608 510 602 504 601 503
554 559 546 560 552 561 609 511 610 512 602 504
555 553 547 561 546 562 610 512 611 513 603 505
556 554 548 562 547 563 611 513 612 514 604 506
557 555 549 563 548 564 612 514 613 515 605 507
558 556 550 564 549 565 613 515 614 516 606 508
559 557 551 565 550 566 614 516 615 517 607 509
553 558 552 566 551 560 615 517 609 511 608 510
561 566 553 567 559 568 616 518 617 519 609 511
562 560 554 568 553 569 617 519 618 520 610 512
563 561 555 569 554 570 618 520 619 521 611 513
564 562 556 570 555 571 619 521 620 522 612 514
565 563 557 571 556 572 620 522 621 523 613 515
566 564 558 572 557 573 621 523 622 524 614 516
560 565 559 573 558 567 622 524 616 518 615 517
568 573 560 574 566 575 623 525 624 526 616 518
569 567 561 575 560 576 624 526 625 527 617 519
570 568 562 576 561 577 625 527 626 528 618 520
571 569 563 577 562 578 626 528 627 529 619 521
572 570 564 578 563 579 627 529 628 530 620 522
573 571 565 579 564 580 628 530 629 531 621 523
567 572 566 580 565 574 629 531 623 525 622 524
575 580 567 581 573 582 630 532 631 533 623 525
576 574 568 582 567 583 631 533 632 534 624 526
577 575 569 583 568 584 632 534 633 535 625 527
578 576 570 584 569 585 633 535 634 536 626 528
579 577 571 585 570 586 634 536 635 537 627 529
580 578 572 586 571 587 635 537 636 538 628 530
574 579 573 587 572 581 636 538 630 532 629 531
582 587 574 539 580 540 588 490 589 491 630 532
583 581 575 540 574 541 589 491 590 492 631 533
584 582 576 541 575 542 590 492 591 493 632 534
585 583 577 542 576 543 591 493 592 494 633 535
586 584 578 543 577 544 592 494 593 495 634 536
587 585 579 544 578 545 593 495 594 496 635 537
581 586 580 545 579 539 594 496 588 490 636 538
589 594 630 595 636 596 679 581 685 587 637 539
590 588 631 596 630 597 680 582 679 581 638 540
591 589 632 597 631 598 681 583 680 582 639 541
592 590 633 598 632 599 682 584 681 583 640 542
593 591 634 599 633 600 683 585 682 584 641 543
594 592 635 600 634 601 684 586 683 585 642 544
588 593 636 601 635 595 685 587 684 586 643 545
596 601 588 602 594 603 637 539 643 545 644 546
597 595 589 603 588 604 638 540 637 539 645 547
598 596 590 604 589 605 639 541 638 540 646 548
599 597 591 605 590 606 640 542 639 541 647 549
600 598 592 606 591 607 641 543 640 542 648 550
601 599 593 607 592 608 642 544 641 543 649 551
595 600 594 608 593 602 643 545 642 544 650 552
603 608 595 609 601 610 644 546 650 552 651 553
604 602 596 610 595 611 645 547 644 546 652 554
605 603 597 611 596 612 646 548 645 547 653 555
606 604 598 612 597 613 647 549 646 548 654 556
607 605 599 613 598 614 648 550 647 549 655 557
608 606 600 614 599 615 649 551 648 550 656 558
602 607 601 615 600 609 650 552 649 551 657 559
610 615 602 616 608 617 651 553 657 559 658 560
611 609 603 617 602 618 652 554 651 553 659 561
612 610 604 618 603 619 653 555 652 554 660 562
613 611 605 619 604 620 654 556 653 555 661 563
614 612 606 620 605 621 655 557 654 556 662 564
615 613 607 621 606 622 656 558 655 557 663 565
609 614 608 622 607 616 657 559 656 558 664 566
617 622 609 623 615 624 658 560 664 566 665 567
618 616 610 624 609 625 659 561 658 560 666 568
619 617 611 625 610 626 660 562 659 561 667 569
620 618 612 626 611 627 661 563 660 562 668 570
621 619 613 627 612 628 662 564 661 563 669 571
622 620 614 628 613 629 663 565 662 564 670 572
616 621 615 629 614 623 664 566 663 565 671 573
624 629 616 630 622 631 665 567 671 573 672 574
625 623 617 631 616 632 666 568 665 567 673 575
626 624 618 632 617 633 667 569 666 568 674 576
627 625 619 633 618 634 668 570 667 569 675 577
628 626 620 634 619 635 669 571 668 570 676 578
629 627 621 635 620 636 670 572 669 571 677 579
623 628 622 636 621 630 671 573 670 572 678 580
631 636 623 588 629 589 672 574 678 580 679 581
632 630 624 589 623 590 673 575 672 574 680 582
633 631 625 590 624 591 674 576 673 575 681 583
634 632 626 591 625 592 675 577 674 576 682 584
635 633 627 592 626 593 676 578 675 577 683 585
636 634 628 593 627 594 677 579 676 578 684 586
630 635 629 594 628 588 678 580 677 579 685 587
638 643 679 644 685 645 7 595 8 596 0 588
639 637 680 645 679 646 8 596 9 597 1 589
640 638 681 646 680 647 9 597 10 598 2 590
641 639 682 647 681 648 10 598 11 599 3 591
642 640 683 648 682 649 11 599 12 600 4 592
643 641 684 649 683 650 12 600 13 601 5 593
637 642 685 650 684 644 13 601 7 595 6 594
645 650 637 651 643 652 14 602 15 603 7 595
646 644 638 652 637 653 15 603 16 604 8 596
647 645 639 653 638 654 16 604 17 605 9 597
648 646 640 654 639 655 17 605 18 606 10 598
649 647 641 655 640 656 18 606 19 607 11 599
650 648 642 656 641 657 19 607 20 608 12 600
644 649 643 657 642 651 20 608 14 602 13 601
652 657 644 658 650 659 21 609 22 610 14 602
653 651 645 659 644 660 22 610 23 611 15 603
654 652 646 660 645 661 23 611 24 612 16 604
655 653 647 661 646 662 24 612 25 613 17 605
656 654 648 662 647 663 25 613 26 614 18 606
657 655 649 663 648 664 26 614 27 615 19 607
651 656 650 664 649 658 27 615 21 609 20 608
659 664 651 665 657 666 28 616 29 617 21 609
660 658 652 666 651 667 29 617 30 618 22 610
661 659 653 667 652 668 30 618 31 619 23 611
662 660 654 668 653 669 31 619 32 620 24 612
663 661 655 669 654 670 32 620 33 621 25 613
664 662 656 670 655 671 33 621 34 622 26 614
658 663 657 671 656 665 34 622 28 616 27 615
666 671 658 672 664 673 35 623 36 624 28 616
667 665 659 673 658 674 36 624 37 625 29 617
668 666 660 674 659 675 37 625 38 626 30 618
669 667 661 675 660 676 38 626 39 627 31 619
670 668 662 676 661 677 39 627 40 628 32 620
671 669 663 677 662 678 40 628 41 629 33 621
665 670 664 678 663 672 41 629 35 623 34 622
673 678 665 679 671 680 42 630 43 631 35 623
674 672 666 680 665 681 43 631 44 632 36 624
675 673 667 681 666 682 44 632 45 633 37 625
676 674 668 682 667 683 45 633 46 634 38 626
677 675 669 683 668 684 46 634 47 635 39 627
678 676 670 684 669 685 47 635 48 636 40 628
672 677 671 685 670 679 48 636 42 630 41 629
680 685 672 637 678 638 0 588 1 589 42 630
681 679 673 638 672 639 1 589 2 590 43 631
682 680 674 639 673 640 2 590 3 591 44 632
683 681 675 640 674 641 3 591 4 592 45 633
684 682 676 641 675 642 4 592 5 593 46 634
685 683 677 642 676 643 5 593 6 594 47 635
679 684 678 643 677 637 6 594 0 588 48 636
