1 7 56 8 63 9 120 1016 127 1023 64 960
2 0 57 9 56 10 121 1017 120 1016 65 961
3 1 58 10 57 11 122 1018 121 1017 66 962
4 2 59 11 58 12 123 1019 122 1018 67 963
5 3 60 12 59 13 124 1020 123 1019 68 964
6 4 61 13 60 14 125 1021 124 1020 69 965
7 5 62 14 61 15 126 1022 125 1021 70 966
0 6 63 15 62 8 127 1023 126 1022 71 967
9 15 0 16 7 17 64 960 71 967 72 968
10 8 1 17 0 18 65 961 64 960 73 969
11 9 2 18 1 19 66 962 65 961 74 970
12 10 3 19 2 20 67 963 66 962 75 971
13 11 4 20 3 21 68 964 67 963 76 972
14 12 5 21 4 22 69 965 68 964 77 973
15 13 6 22 5 23 70 966 69 965 78 974
8 14 7 23 6 16 71 967 70 966 79 975
17 23 8 24 15 25 72 968 79 975 80 976
18 16 9 25 8 26 73 969 72 968 81 977
19 17 10 26 9 27 74 970 73 969 82 978
20 18 11 27 10 28 75 971 74 970 83 979
21 19 12 28 11 29 76 972 75 971 84 980
22 20 13 29 12 30 77 973 76 972 85 981
23 21 14 30 13 31 78 974 77 973 86 982
16 22 15 31 14 24 79 975 78 974 87 983
25 31 16 32 23 33 80 976 87 983 88 984
26 24 17 33 16 34 81 977 80 976 89 985
27 25 18 34 17 35 82 978 81 977 90 986
28 26 19 35 18 36 83 979 82 978 91 987
29 27 20 36 19 37 84 980 83 979 92 988
30 28 21 37 20 38 85 981 84 980 93 989
31 29 22 38 21 39 86 982 85 981 94 990
24 30 23 39 22 32 87 983 86 982 95 991
33 39 24 40 31 41 88 984 95 991 96 992
34 32 25 41 24 42 89 985 88 984 97 993
35 33 26 42 25 43 90 986 89 985 98 994
36 34 27 43 26 44 91 987 90 986 99 995
37 35 28 44 27 45 92 988 91 987 100 996
38 36 29 45 28 46 93 989 92 988 101 997
39 37 30 46 29 47 94 990 93 989 102 998
32 38 31 47 30 40 95 991 94 990 103 999
41 47 32 48 39 49 96 992 103 999 104 1000
42 40 33 49 32 50 97 993 96 992 105 1001
43 41 34 50 33 51 98 994 97 993 106 1002
44 42 35 51 34 52 99 995 98 994 107 1003
45 43 36 52 35 53 100 996 99 995 108 1004
46 44 37 53 36 54 101 997 100 996 109 1005
47 45 38 54 37 55 102 998 101 997 110 1006
40 46 39 55 38 48 103 999 102 998 111 1007
49 55 40 56 47 57 104 1000 111 1007 112 1008
50 48 41 57 40 58 105 1001 104 1000 113 1009
51 49 42 58 41 59 106 1002 105 1001 114 1010
52 50 43 59 42 60 107 1003 106 1002 115 1011
53 51 44 60 43 61 108 1004 107 1003 116 1012
54 52 45 61 44 62 109 1005 108 1004 117 1013
55 53 46 62 45 63 110 1006 109 1005 118 1014
48 54 47 63 46 56 111 1007 110 1006 119 1015
57 63 48 0 55 1 112 1008 119 1015 120 1016
58 56 49 1 48 2 113 1009 112 1008 121 1017
59 57 50 2 49 3 114 1010 113 1009 122 1018
60 58 51 3 50 4 115 1011 114 1010 123 1019
61 59 52 4 51 5 116 1012 115 1011 124 1020
62 60 53 5 52 6 117 1013 116 1012 125 1021
63 61 54 6 53 7 118 1014 117 1013 126 1022
56 62 55 7 54 0 119 1015 118 1014 127 1023
65 71 120 72 127 73 136 8 137 9 128 0
66 64 121 73 120 74 137 9 138 10 129 1
67 65 122 74 121 75 138 10 139 11 130 2
68 66 123 75 122 76 139 11 140 12 131 3
69 67 124 76 123 77 140 12 141 13 132 4
70 68 125 77 124 78 141 13 142 14 133 5
71 69 126 78 125 79 142 14 143 15 134 6
64 70 127 79 126 72 143 15 136 8 135 7
73 79 64 80 71 81 144 16 145 17 136 8
74 72 65 81 64 82 145 17 146 18 137 9
75 73 66 82 65 83 146 18 147 19 138 10
76 74 67 83 66 84 147 19 148 20 139 11
77 75 68 84 67 85 148 20 149 21 140 12
78 76 69 85 68 86 149 21 150 22 141 13
79 77 70 86 69 87 150 22 151 23 142 14
72 78 71 87 70 80 151 23 144 16 143 15
81 87 72 88 79 89 152 24 153 25 144 16
82 80 73 89 72 90 153 25 154 26 145 17
83 81 74 90 73 91 154 26 155 27 146 18
84 82 75 91 74 92 155 27 156 28 147 19
85 83 76 92 75 93 156 28 157 29 148 20
86 84 77 93 76 94 157 29 158 30 149 21
87 85 78 94 77 95 158 30 159 31 150 22
80 86 79 95 78 88 159 31 152 24 151 23
89 95 80 96 87 97 160 32 161 33 152 24
90 88 81 97 80 98 161 33 162 34 153 25
91 89 82 98 81 99 162 34 163 35 154 26
92 90 83 99 82 100 163 35 164 36 155 27
93 91 84 100 83 101 164 36 165 37 156 28
94 92 85 101 84 102 165 37 166 38 157 29
95 93 86 102 85 103 166 38 167 39 158 30
88 94 87 103 86 96 167 39 160 32 159 31
97 103 88 104 95 105 168 40 169 41 160 32
98 96 89 105 88 106 169 41 170 42 161 33
99 97 90 106 89 107 170 42 171 43 162 34
100 98 91 107 90 108 171 43 172 44 163 35
101 99 92 108 91 109 172 44 173 45 164 36
102 100 93 109 92 110 173 45 174 46 165 37
103 101 94 110 93 111 174 46 175 47 166 38
96 102 95 111 94 104 175 47 168 40 167 39
105 111 96 112 103 113 176 48 177 49 168 40
106 104 97 113 96 114 177 49 178 50 169 41
107 105 98 114 97 115 178 50 179 51 170 42
108 106 99 115 98 116 179 51 180 52 171 43
109 107 100 116 99 117 180 52 181 53 172 44
110 108 101 117 100 118 181 53 182 54 173 45
111 109 102 118 101 119 182 54 183 55 174 46
104 110 103 119 102 112 183 55 176 48 175 47
113 119 104 120 111 121 184 56 185 57 176 48
114 112 105 121 104 122 185 57 186 58 177 49
115 113 106 122 105 123 186 58 187 59 178 50
116 114 107 123 106 124 187 59 188 60 179 51
117 115 108 124 107 125 188 60 189 61 180 52
118 116 109 125 108 126 189 61 190 62 181 53
119 117 110 126 109 127 190 62 191 63 182 54
112 118 111 127 110 120 191 63 184 56 183 55
121 127 112 64 119 65 128 0 129 1 184 56
122 120 113 65 112 66 129 1 130 2 185 57
123 121 114 66 113 67 130 2 131 3 186 58
124 122 115 67 114 68 131 3 132 4 187 59
125 123 116 68 115 69 132 4 133 5 188 60
126 124 117 69 116 70 133 5 134 6 189 61
127 125 118 70 117 71 134 6 135 7 190 62
120 126 119 71 118 64 135 7 128 0 191 63
129 135 184 136 191 137 248 120 255 127 192 64
130 128 185 137 184 138 249 121 248 120 193 65
131 129 186 138 185 139 250 122 249 121 194 66
132 130 187 139 186 140 251 123 250 122 195 67
133 131 188 140 187 141 252 124 251 123 196 68
134 132 189 141 188 142 253 125 252 124 197 69
135 133 190 142 189 143 254 126 253 125 198 70
128 134 191 143 190 136 255 127 254 126 199 71
137 143 128 144 135 145 192 64 199 71 200 72
138 136 129 145 128 146 193 65 192 64 201 73
139 137 130 146 129 147 194 66 193 65 202 74
140 138 131 147 130 148 195 67 194 66 203 75
141 139 132 148 131 149 196 68 195 67 204 76
142 140 133 149 132 150 197 69 196 68 205 77
143 141 134 150 133 151 198 70 197 69 206 78
136 142 135 151 134 144 199 71 198 70 207 79
145 151 136 152 143 153 200 72 207 79 208 80
146 144 137 153 136 154 201 73 200 72 209 81
147 145 138 154 137 155 202 74 201 73 210 82
148 146 139 155 138 156 203 75 202 74 211 83
149 147 140 156 139 157 204 76 203 75 212 84
150 148 141 157 140 158 205 77 204 76 213 85
151 149 142 158 141 159 206 78 205 77 214 86
144 150 143 159 142 152 207 79 206 78 215 87
153 159 144 160 151 161 208 80 215 87 216 88
154 152 145 161 144 162 209 81 208 80 217 89
155 153 146 162 145 163 210 82 209 81 218 90
156 154 147 163 146 164 211 83 210 82 219 91
157 155 148 164 147 165 212 84 211 83 220 92
158 156 149 165 148 166 213 85 212 84 221 93
159 157 150 166 149 167 214 86 213 85 222 94
152 158 151 167 150 160 215 87 214 86 223 95
161 167 152 168 159 169 216 88 223 95 224 96
162 160 153 169 152 170 217 89 216 88 225 97
163 161 154 170 153 171 218 90 217 89 226 98
164 162 155 171 154 172 219 91 218 90 227 99
165 163 156 172 155 173 220 92 219 91 228 100
166 164 157 173 156 174 221 93 220 92 229 101
167 165 158 174 157 175 222 94 221 93 230 102
160 166 159 175 158 168 223 95 222 94 231 103
169 175 160 176 167 177 224 96 231 103 232 104
170 168 161 177 160 178 225 97 224 96 233 105
171 169 162 178 161 179 226 98 225 97 234 106
172 170 163 179 162 180 227 99 226 98 235 107
173 171 164 180 163 181 228 100 227 99 236 108
174 172 165 181 164 182 229 101 228 100 237 109
175 173 166 182 165 183 230 102 229 101 238 110
168 174 167 183 166 176 231 103 230 102 239 111
177 183 168 184 175 185 232 104 239 111 240 112
178 176 169 185 168 186 233 105 232 104 241 113
179 177 170 186 169 187 234 106 233 105 242 114
180 178 171 187 170 188 235 107 234 106 243 115
181 179 172 188 171 189 236 108 235 107 244 116
182 180 173 189 172 190 237 109 236 108 245 117
183 181 174 190 173 191 238 110 237 109 246 118
176 182 175 191 174 184 239 111 238 110 247 119
185 191 176 128 183 129 240 112 247 119 248 120
186 184 177 129 176 130 241 113 240 112 249 121
187 185 178 130 177 131 242 114 241 113 250 122
188 186 179 131 178 132 243 115 242 114 251 123
189 187 180 132 179 133 244 116 243 115 252 124
190 188 181 133 180 134 245 117 244 116 253 125
191 189 182 134 181 135 246 118 245 117 254 126
184 190 183 135 182 128 247 119 246 118 255 127
193 199 248 200 255 201 264 136 265 137 256 128
194 192 249 201 248 202 265 137 266 138 257 129
195 193 250 202 249 203 266 138 267 139 258 130
196 194 251 203 250 204 267 139 268 140 259 131
197 195 252 204 251 205 268 140 269 141 260 132
198 196 253 205 252 206 269 141 270 142 261 133
199 197 254 206 253 207 270 142 271 143 262 134
192 198 255 207 254 200 271 143 264 136 263 135
201 207 192 208 199 209 272 144 273 145 264 136
202 200 193 209 192 210 273 145 274 146 265 137
203 201 194 210 193 211 274 146 275 147 266 138
204 202 195 211 194 212 275 147 276 148 267 139
205 203 196 212 195 213 276 148 277 149 268 140
206 204 197 213 196 214 277 149 278 150 269 141
207 205 198 214 197 215 278 150 279 151 270 142
200 206 199 215 198 208 279 151 272 144 271 143
209 215 200 216 207 217 280 152 281 153 272 144
210 208 201 217 200 218 281 153 282 154 273 145
211 209 202 218 201 219 282 154 283 155 274 146
212 210 203 219 202 220 283 155 284 156 275 147
213 211 204 220 203 221 284 156 285 157 276 148
214 212 205 221 204 222 285 157 286 158 277 149
215 213 206 222 205 223 286 158 287 159 278 150
208 214 207 223 206 216 287 159 280 152 279 151
217 223 208 224 215 225 288 160 289 161 280 152
218 216 209 225 208 226 289 161 290 162 281 153
219 217 210 226 209 227 290 162 291 163 282 154
220 218 211 227 210 228 291 163 292 164 283 155
221 219 212 228 211 229 292 164 293 165 284 156
222 220 213 229 212 230 293 165 294 166 285 157
223 221 214 230 213 231 294 166 295 167 286 158
216 222 215 231 214 224 295 167 288 160 287 159
225 231 216 232 223 233 296 168 297 169 288 160
226 224 217 233 216 234 297 169 298 170 289 161
227 225 218 234 217 235 298 170 299 171 290 162
228 226 219 235 218 236 299 171 300 172 291 163
229 227 220 236 219 237 300 172 301 173 292 164
230 228 221 237 220 238 301 173 302 174 293 165
231 229 222 238 221 239 302 174 303 175 294 166
224 230 223 239 222 232 303 175 296 168 295 167
233 239 224 240 231 241 304 176 305 177 296 168
234 232 225 241 224 242 305 177 306 178 297 169
235 233 226 242 225 243 306 178 307 179 298 170
236 234 227 243 226 244 307 179 308 180 299 171
237 235 228 244 227 245 308 180 309 181 300 172
238 236 229 245 228 246 309 181 310 182 301 173
239 237 230 246 229 247 310 182 311 183 302 174
232 238 231 247 230 240 311 183 304 176 303 175
241 247 232 248 239 249 312 184 313 185 304 176
242 240 233 249 232 250 313 185 314 186 305 177
243 241 234 250 233 251 314 186 315 187 306 178
244 242 235 251 234 252 315 187 316 188 307 179
245 243 236 252 235 253 316 188 317 189 308 180
246 244 237 253 236 254 317 189 318 190 309 181
247 245 238 254 237 255 318 190 319 191 310 182
240 246 239 255 238 248 319 191 312 184 311 183
249 255 240 192 247 193 256 128 257 129 312 184
250 248 241 193 240 194 257 129 258 130 313 185
251 249 242 194 241 195 258 130 259 131 314 186
252 250 243 195 242 196 259 131 260 132 315 187
253 251 244 196 243 197 260 132 261 133 316 188
254 252 245 197 244 198 261 133 262 134 317 189
255 253 246 198 245 199 262 134 263 135 318 190
248 254 247 199 246 192 263 135 256 128 319 191
257 263 312 264 319 265 376 248 383 255 320 192
258 256 313 265 312 266 377 249 376 248 321 193
259 257 314 266 313 267 378 250 377 249 322 194
260 258 315 267 314 268 379 251 378 250 323 195
261 259 316 268 315 269 380 252 379 251 324 196
262 260 317 269 316 270 381 253 380 252 325 197
263 261 318 270 317 271 382 254 381 253 326 198
256 262 319 271 318 264 383 255 382 254 327 199
265 271 256 272 263 273 320 192 327 199 328 200
266 264 257 273 256 274 321 193 320 192 329 201
267 265 258 274 257 275 322 194 321 193 330 202
268 266 259 275 258 276 323 195 322 194 331 203
269 267 260 276 259 277 324 196 323 195 332 204
270 268 261 277 260 278 325 197 324 196 333 205
271 269 262 278 261 279 326 198 325 197 334 206
264 270 263 279 262 272 327 199 326 198 335 207
273 279 264 280 271 281 328 200 335 207 336 208
274 272 265 281 264 282 329 201 328 200 337 209
275 273 266 282 265 283 330 202 329 201 338 210
276 274 267 283 266 284 331 203 330 202 339 211
277 275 268 284 267 285 332 204 331 203 340 212
278 276 269 285 268 286 333 205 332 204 341 213
279 277 270 286 269 287 334 206 333 205 342 214
272 278 271 287 270 280 335 207 334 206 343 215
281 287 272 288 279 289 336 208 343 215 344 216
282 280 273 289 272 290 337 209 336 208 345 217
283 281 274 290 273 291 338 210 337 209 346 218
284 282 275 291 274 292 339 211 338 210 347 219
285 283 276 292 275 293 340 212 339 211 348 220
286 284 277 293 276 294 341 213 340 212 349 221
287 285 278 294 277 295 342 214 341 213 350 222
280 286 279 295 278 288 343 215 342 214 351 223
289 295 280 296 287 297 344 216 351 223 352 224
290 288 281 297 280 298 345 217 344 216 353 225
291 289 282 298 281 299 346 218 345 217 354 226
292 290 283 299 282 300 347 219 346 218 355 227
293 291 284 300 283 301 348 220 347 219 356 228
294 292 285 301 284 302 349 221 348 220 357 229
295 293 286 302 285 303 350 222 349 221 358 230
288 294 287 303 286 296 351 223 350 222 359 231
297 303 288 304 295 305 352 224 359 231 360 232
298 296 289 305 288 306 353 225 352 224 361 233
299 297 290 306 289 307 354 226 353 225 362 234
300 298 291 307 290 308 355 227 354 226 363 235
301 299 292 308 291 309 356 228 355 227 364 236
302 300 293 309 292 310 357 229 356 228 365 237
303 301 294 310 293 311 358 230 357 229 366 238
296 302 295 311 294 304 359 231 358 230 367 239
305 311 296 312 303 313 360 232 367 239 368 240
306 304 297 313 296 314 361 233 360 232 369 241
307 305 298 314 297 315 362 234 361 233 370 242
308 306 299 315 298 316 363 235 362 234 371 243
309 307 300 316 299 317 364 236 363 235 372 244
310 308 301 317 300 318 365 237 364 236 373 245
311 309 302 318 301 319 366 238 365 237 374 246
304 310 303 319 302 312 367 239 366 238 375 247
313 319 304 256 311 257 368 240 375 247 376 248
314 312 305 257 304 258 369 241 368 240 377 249
315 313 306 258 305 259 370 242 369 241 378 250
316 314 307 259 306 260 371 243 370 242 379 251
317 315 308 260 307 261 372 244 371 243 380 252
318 316 309 261 308 262 373 245 372 244 381 253
319 317 310 262 309 263 374 246 373 245 382 254
312 318 311 263 310 256 375 247 374 246 383 255
321 327 376 328 383 329 392 264 393 265 384 256
322 320 377 329 376 330 393 265 394 266 385 257
323 321 378 330 377 331 394 266 395 267 386 258
324 322 379 331 378 332 395 267 396 268 387 259
325 323 380 332 379 333 396 268 397 269 388 260
326 324 381 333 380 334 397 269 398 270 389 261
327 325 382 334 381 335 398 270 399 271 390 262
320 326 383 335 382 328 399 271 392 264 391 263
329 335 320 336 327 337 400 272 401 273 392 264
330 328 321 337 320 338 401 273 402 274 393 265
331 329 322 338 321 339 402 274 403 275 394 266
332 330 323 339 322 340 403 275 404 276 395 267
333 331 324 340 323 341 404 276 405 277 396 268
334 332 325 341 324 342 405 277 406 278 397 269
335 333 326 342 325 343 406 278 407 279 398 270
328 334 327 343 326 336 407 279 400 272 399 271
337 343 328 344 335 345 408 280 409 281 400 272
338 336 329 345 328 346 409 281 410 282 401 273
339 337 330 346 329 347 410 282 411 283 402 274
340 338 331 347 330 348 411 283 412 284 403 275
341 339 332 348 331 349 412 284 413 285 404 276
342 340 333 349 332 350 413 285 414 286 405 277
343 341 334 350 333 351 414 286 415 287 406 278
336 342 335 351 334 344 415 287 408 280 407 279
345 351 336 352 343 353 416 288 417 289 408 280
346 344 337 353 336 354 417 289 418 290 409 281
347 345 338 354 337 355 418 290 419 291 410 282
348 346 339 355 338 356 419 291 420 292 411 283
349 347 340 356 339 357 420 292 421 293 412 284
350 348 341 357 340 358 421 293 422 294 413 285
351 349 342 358 341 359 422 294 423 295 414 286
344 350 343 359 342 352 423 295 416 288 415 287
353 359 344 360 351 361 424 296 425 297 416 288
354 352 345 361 344 362 425 297 426 298 417 289
355 353 346 362 345 363 426 298 427 299 418 290
356 354 347 363 346 364 427 299 428 300 419 291
357 355 348 364 347 365 428 300 429 301 420 292
358 356 349 365 348 366 429 301 430 302 421 293
359 357 350 366 349 367 430 302 431 303 422 294
352 358 351 367 350 360 431 303 424 296 423 295
361 367 352 368 359 369 432 304 433 305 424 296
362 360 353 369 352 370 433 305 434 306 425 297
363 361 354 370 353 371 434 306 435 307 426 298
364 362 355 371 354 372 435 307 436 308 427 299
365 363 356 372 355 373 436 308 437 309 428 300
366 364 357 373 356 374 437 309 438 310 429 301
367 365 358 374 357 375 438 310 439 311 430 302
360 366 359 375 358 368 439 311 432 304 431 303
369 375 360 376 367 377 440 312 441 313 432 304
370 368 361 377 360 378 441 313 442 314 433 305
371 369 362 378 361 379 442 314 443 315 434 306
372 370 363 379 362 380 443 315 444 316 435 307
373 371 364 380 363 381 444 316 445 317 436 308
374 372 365 381 364 382 445 317 446 318 437 309
375 373 366 382 365 383 446 318 447 319 438 310
368 374 367 383 366 376 447 319 440 312 439 311
377 383 368 320 375 321 384 256 385 257 440 312
378 376 369 321 368 322 385 257 386 258 441 313
379 377 370 322 369 323 386 258 387 259 442 314
380 378 371 323 370 324 387 259 388 260 443 315
381 379 372 324 371 325 388 260 389 261 444 316
382 380 373 325 372 326 389 261 390 262 445 317
383 381 374 326 373 327 390 262 391 263 446 318
376 382 375 327 374 320 391 263 384 256 447 319
385 391 440 392 447 393 504 376 511 383 448 320
386 384 441 393 440 394 505 377 504 376 449 321
387 385 442 394 441 395 506 378 505 377 450 322
388 386 443 395 442 396 507 379 506 378 451 323
389 387 444 396 443 397 508 380 507 379 452 324
390 388 445 397 444 398 509 381 508 380 453 325
391 389 446 398 445 399 510 382 509 381 454 326
384 390 447 399 446 392 511 383 510 382 455 327
393 399 384 400 391 401 448 320 455 327 456 328
394 392 385 401 384 402 449 321 448 320 457 329
395 393 386 402 385 403 450 322 449 321 458 330
396 394 387 403 386 404 451 323 450 322 459 331
397 395 388 404 387 405 452 324 451 323 460 332
398 396 389 405 388 406 453 325 452 324 461 333
399 397 390 406 389 407 454 326 453 325 462 334
392 398 391 407 390 400 455 327 454 326 463 335
401 407 392 408 399 409 456 328 463 335 464 336
402 400 393 409 392 410 457 329 456 328 465 337
403 401 394 410 393 411 458 330 457 329 466 338
404 402 395 411 394 412 459 331 458 330 467 339
405 403 396 412 395 413 460 332 459 331 468 340
406 404 397 413 396 414 461 333 460 332 469 341
407 405 398 414 397 415 462 334 461 333 470 342
400 406 399 415 398 408 463 335 462 334 471 343
409 415 400 416 407 417 464 336 471 343 472 344
410 408 401 417 400 418 465 337 464 336 473 345
411 409 402 418 401 419 466 338 465 337 474 346
412 410 403 419 402 420 467 339 466 338 475 347
413 411 404 420 403 421 468 340 467 339 476 348
414 412 405 421 404 422 469 341 468 340 477 349
415 413 406 422 405 423 470 342 469 341 478 350
408 414 407 423 406 416 471 343 470 342 479 351
417 423 408 424 415 425 472 344 479 351 480 352
418 416 409 425 408 426 473 345 472 344 481 353
419 417 410 426 409 427 474 346 473 345 482 354
420 418 411 427 410 428 475 347 474 346 483 355
421 419 412 428 411 429 476 348 475 347 484 356
422 420 413 429 412 430 477 349 476 348 485 357
423 421 414 430 413 431 478 350 477 349 486 358
416 422 415 431 414 424 479 351 478 350 487 359
425 431 416 432 423 433 480 352 487 359 488 360
426 424 417 433 416 434 481 353 480 352 489 361
427 425 418 434 417 435 482 354 481 353 490 362
428 426 419 435 418 436 483 355 482 354 491 363
429 427 420 436 419 437 484 356 483 355 492 364
430 428 421 437 420 438 485 357 484 356 493 365
431 429 422 438 421 439 486 358 485 357 494 366
424 430 423 439 422 432 487 359 486 358 495 367
433 439 424 440 431 441 488 360 495 367 496 368
434 432 425 441 424 442 489 361 488 360 497 369
435 433 426 442 425 443 490 362 489 361 498 370
436 434 427 443 426 444 491 363 490 362 499 371
437 435 428 444 427 445 492 364 491 363 500 372
438 436 429 445 428 446 493 365 492 364 501 373
439 437 430 446 429 447 494 366 493 365 502 374
432 438 431 447 430 440 495 367 494 366 503 375
441 447 432 384 439 385 496 368 503 375 504 376
442 440 433 385 432 386 497 369 496 368 505 377
443 441 434 386 433 387 498 370 497 369 506 378
444 442 435 387 434 388 499 371 498 370 507 379
445 443 436 388 435 389 500 372 499 371 508 380
446 444 437 389 436 390 501 373 500 372 509 381
447 445 438 390 437 391 502 374 501 373 510 382
440 446 439 391 438 384 503 375 502 374 511 383
449 455 504 456 511 457 520 392 521 393 512 384
450 448 505 457 504 458 521 393 522 394 513 385
451 449 506 458 505 459 522 394 523 395 514 386
452 450 507 459 506 460 523 395 524 396 515 387
453 451 508 460 507 461 524 396 525 397 516 388
454 452 509 461 508 462 525 397 526 398 517 389
455 453 510 462 509 463 526 398 527 399 518 390
448 454 511 463 510 456 527 399 520 392 519 391
457 463 448 464 455 465 528 400 529 401 520 392
458 456 449 465 448 466 529 401 530 402 521 393
459 457 450 466 449 467 530 402 531 403 522 394
460 458 451 467 450 468 531 403 532 404 523 395
461 459 452 468 451 469 532 404 533 405 524 396
462 460 453 469 452 470 533 405 534 406 525 397
463 461 454 470 453 471 534 406 535 407 526 398
456 462 455 471 454 464 535 407 528 400 527 399
465 471 456 472 463 473 536 408 537 409 528 400
466 464 457 473 456 474 537 409 538 410 529 401
467 465 458 474 457 475 538 410 539 411 530 402
468 466 459 475 458 476 539 411 540 412 531 403
469 467 460 476 459 477 540 412 541 413 532 404
470 468 461 477 460 478 541 413 542 414 533 405
471 469 462 478 461 479 542 414 543 415 534 406
464 470 463 479 462 472 543 415 536 408 535 407
473 479 464 480 471 481 544 416 545 417 536 408
474 472 465 481 464 482 545 417 546 418 537 409
475 473 466 482 465 483 546 418 547 419 538 410
476 474 467 483 466 484 547 419 548 420 539 411
477 475 468 484 467 485 548 420 549 421 540 412
478 476 469 485 468 486 549 421 550 422 541 413
479 477 470 486 469 487 550 422 551 423 542 414
472 478 471 487 470 480 551 423 544 416 543 415
481 487 472 488 479 489 552 424 553 425 544 416
482 480 473 489 472 490 553 425 554 426 545 417
483 481 474 490 473 491 554 426 555 427 546 418
484 482 475 491 474 492 555 427 556 428 547 419
485 483 476 492 475 493 556 428 557 429 548 420
486 484 477 493 476 494 557 429 558 430 549 421
487 485 478 494 477 495 558 430 559 431 550 422
480 486 479 495 478 488 559 431 552 424 551 423
489 495 480 496 487 497 560 432 561 433 552 424
490 488 481 497 480 498 561 433 562 434 553 425
491 489 482 498 481 499 562 434 563 435 554 426
492 490 483 499 482 500 563 435 564 436 555 427
493 491 484 500 483 501 564 436 565 437 556 428
494 492 485 501 484 502 565 437 566 438 557 429
495 493 486 502 485 503 566 438 567 439 558 430
488 494 487 503 486 496 567 439 560 432 559 431
497 503 488 504 495 505 568 440 569 441 560 432
498 496 489 505 488 506 569 441 570 442 561 433
499 497 490 506 489 507 570 442 571 443 562 434
500 498 491 507 490 508 571 443 572 444 563 435
501 499 492 508 491 509 572 444 573 445 564 436
502 500 493 509 492 510 573 445 574 446 565 437
503 501 494 510 493 511 574 446 575 447 566 438
496 502 495 511 494 504 575 447 568 440 567 439
505 511 496 448 503 449 512 384 513 385 568 440
506 504 497 449 496 450 513 385 514 386 569 441
507 505 498 450 497 451 514 386 515 387 570 442
508 506 499 451 498 452 515 387 516 388 571 443
509 507 500 452 499 453 516 388 517 389 572 444
510 508 501 453 500 454 517 389 518 390 573 445
511 509 502 454 501 455 518 390 519 391 574 446
504 510 503 455 502 448 519 391 512 384 575 447
513 519 568 520 575 521 632 504 639 511 576 448
514 512 569 521 568 522 633 505 632 504 577 449
515 513 570 522 569 523 634 506 633 505 578 450
516 514 571 523 570 524 635 507 634 506 579 451
517 515 572 524 571 525 636 508 635 507 580 452
518 516 573 525 572 526 637 509 636 508 581 453
519 517 574 526 573 527 638 510 637 509 582 454
512 518 575 527 574 520 639 511 638 510 583 455
521 527 512 528 519 529 576 448 583 455 584 456
522 520 513 529 512 530 577 449 576 448 585 457
523 521 514 530 513 531 578 450 577 449 586 458
524 522 515 531 514 532 579 451 578 450 587 459
525 523 516 532 515 533 580 452 579 451 588 460
526 524 517 533 516 534 581 453 580 452 589 461
527 525 518 534 517 535 582 454 581 453 590 462
520 526 519 535 518 528 583 455 582 454 591 463
529 535 520 536 527 537 584 456 591 463 592 464
530 528 521 537 520 538 585 457 584 456 593 465
531 529 522 538 521 539 586 458 585 457 594 466
532 530 523 539 522 540 587 459 586 458 595 467
533 531 524 540 523 541 588 460 587 459 596 468
534 532 525 541 524 542 589 461 588 460 597 469
535 533 526 542 525 543 590 462 589 461 598 470
528 534 527 543 526 536 591 463 590 462 599 471
537 543 528 544 535 545 592 464 599 471 600 472
538 536 529 545 528 546 593 465 592 464 601 473
539 537 530 546 529 547 594 466 593 465 602 474
540 538 531 547 530 548 595 467 594 466 603 475
541 539 532 548 531 549 596 468 595 467 604 476
542 540 533 549 532 550 597 469 596 468 605 477
543 541 534 550 533 551 598 470 597 469 606 478
536 542 535 551 534 544 599 471 598 470 607 479
545 551 536 552 543 553 600 472 607 479 608 480
546 544 537 553 536 554 601 473 600 472 609 481
547 545 538 554 537 555 602 474 601 473 610 482
548 546 539 555 538 556 603 475 602 474 611 483
549 547 540 556 539 557 604 476 603 475 612 484
550 548 541 557 540 558 605 477 604 476 613 485
551 549 542 558 541 559 606 478 605 477 614 486
544 550 543 559 542 552 607 479 606 478 615 487
553 559 544 560 551 561 608 480 615 487 616 488
554 552 545 561 544 562 609 481 608 480 617 489
555 553 546 562 545 563 610 482 609 481 618 490
556 554 547 563 546 564 611 483 610 482 619 491
557 555 548 564 547 565 612 484 611 483 620 492
558 556 549 565 548 566 613 485 612 484 621 493
559 557 550 566 549 567 614 486 613 485 622 494
552 558 551 567 550 560 615 487 614 486 623 495
561 567 552 568 559 569 616 488 623 495 624 496
562 560 553 569 552 570 617 489 616 488 625 497
563 561 554 570 553 571 618 490 617 489 626 498
564 562 555 571 554 572 619 491 618 490 627 499
565 563 556 572 555 573 620 492 619 491 628 500
566 564 557 573 556 574 621 493 620 492 629 501
567 565 558 574 557 575 622 494 621 493 630 502
560 566 559 575 558 568 623 495 622 494 631 503
569 575 560 512 567 513 624 496 631 503 632 504
570 568 561 513 560 514 625 497 624 496 633 505
571 569 562 514 561 515 626 498 625 497 634 506
572 570 563 515 562 516 627 499 626 498 635 507
573 571 564 516 563 517 628 500 627 499 636 508
574 572 565 517 564 518 629 501 628 500 637 509
575 573 566 518 565 519 630 502 629 501 638 510
568 574 567 519 566 512 631 503 630 502 639 511
577 583 632 584 639 585 648 520 649 521 640 512
578 576 633 585 632 586 649 521 650 522 641 513
579 577 634 586 633 587 650 522 651 523 642 514
580 578 635 587 634 588 651 523 652 524 643 515
581 579 636 588 635 589 652 524 653 525 644 516
582 580 637 589 636 590 653 525 654 526 645 517
583 581 638 590 637 591 654 526 655 527 646 518
576 582 639 591 638 584 655 527 648 520 647 519
585 591 576 592 583 593 656 528 657 529 648 520
586 584 577 593 576 594 657 529 658 530 649 521
587 585 578 594 577 595 658 530 659 531 650 522
588 586 579 595 578 596 659 531 660 532 651 523
589 587 580 596 579 597 660 532 661 533 652 524
590 588 581 597 580 598 661 533 662 534 653 525
591 589 582 598 581 599 662 534 663 535 654 526
584 590 583 599 582 592 663 535 656 528 655 527
593 599 584 600 591 601 664 536 665 537 656 528
594 592 585 601 584 602 665 537 666 538 657 529
595 593 586 602 585 603 666 538 667 539 658 530
596 594 587 603 586 604 667 539 668 540 659 531
597 595 588 604 587 605 668 540 669 541 660 532
598 596 589 605 588 606 669 541 670 542 661 533
599 597 590 606 589 607 670 542 671 543 662 534
592 598 591 607 590 600 671 543 664 536 663 535
601 607 592 608 599 609 672 544 673 545 664 536
602 600 593 609 592 610 673 545 674 546 665 537
603 601 594 610 593 611 674 546 675 547 666 538
604 602 595 611 594 612 675 547 676 548 667 539
605 603 596 612 595 613 676 548 677 549 668 540
606 604 597 613 596 614 677 549 678 550 669 541
607 605 598 614 597 615 678 550 679 551 670 542
600 606 599 615 598 608 679 551 672 544 671 543
609 615 600 616 607 617 680 552 681 553 672 544
610 608 601 617 600 618 681 553 682 554 673 545
611 609 602 618 601 619 682 554 683 555 674 546
612 610 603 619 602 620 683 555 684 556 675 547
613 611 604 620 603 621 684 556 685 557 676 548
614 612 605 621 604 622 685 557 686 558 677 549
615 613 606 622 605 623 686 558 687 559 678 550
608 614 607 623 606 616 687 559 680 552 679 551
617 623 608 624 615 625 688 560 689 561 680 552
618 616 609 625 608 626 689 561 690 562 681 553
619 617 610 626 609 627 690 562 691 563 682 554
620 618 611 627 610 628 691 563 692 564 683 555
621 619 612 628 611 629 692 564 693 565 684 556
622 620 613 629 612 630 693 565 694 566 685 557
623 621 614 630 613 631 694 566 695 567 686 558
616 622 615 631 614 624 695 567 688 560 687 559
625 631 616 632 623 633 696 568 697 569 688 560
626 624 617 633 616 634 697 569 698 570 689 561
627 625 618 634 617 635 698 570 699 571 690 562
628 626 619 635 618 636 699 571 700 572 691 563
629 627 620 636 619 637 700 572 701 573 692 564
630 628 621 637 620 638 701 573 702 574 693 565
631 629 622 638 621 639 702 574 703 575 694 566
624 630 623 639 622 632 703 575 696 568 695 567
633 639 624 576 631 577 640 512 641 513 696 568
634 632 625 577 624 578 641 513 642 514 697 569
635 633 626 578 625 579 642 514 643 515 698 570
636 634 627 579 626 580 643 515 644 516 699 571
637 635 628 580 627 581 644 516 645 517 700 572
638 636 629 581 628 582 645 517 646 518 701 573
639 637 630 582 629 583 646 518 647 519 702 574
632 638 631 583 630 576 647 519 640 512 703 575
641 647 696 648 703 649 760 632 767 639 704 576
642 640 697 649 696 650 761 633 760 632 705 577
643 641 698 650 697 651 762 634 761 633 706 578
644 642 699 651 698 652 763 635 762 634 707 579
645 643 700 652 699 653 764 636 763 635 708 580
646 644 701 653 700 654 765 637 764 636 709 581
647 645 702 654 701 655 766 638 765 637 710 582
640 646 703 655 702 648 767 639 766 638 711 583
649 655 640 656 647 657 704 576 711 583 712 584
650 648 641 657 640 658 705 577 704 576 713 585
651 649 642 658 641 659 706 578 705 577 714 586
652 650 643 659 642 660 707 579 706 578 715 587
653 651 644 660 643 661 708 580 707 579 716 588
654 652 645 661 644 662 709 581 708 580 717 589
655 653 646 662 645 663 710 582 709 581 718 590
648 654 647 663 646 656 711 583 710 582 719 591
657 663 648 664 655 665 712 584 719 591 720 592
658 656 649 665 648 666 713 585 712 584 721 593
659 657 650 666 649 667 714 586 713 585 722 594
660 658 651 667 650 668 715 587 714 586 723 595
661 659 652 668 651 669 716 588 715 587 724 596
662 660 653 669 652 670 717 589 716 588 725 597
663 661 654 670 653 671 718 590 717 589 726 598
656 662 655 671 654 664 719 591 718 590 727 599
665 671 656 672 663 673 720 592 727 599 728 600
666 664 657 673 656 674 721 593 720 592 729 601
667 665 658 674 657 675 722 594 721 593 730 602
668 666 659 675 658 676 723 595 722 594 731 603
669 667 660 676 659 677 724 596 723 595 732 604
670 668 661 677 660 678 725 597 724 596 733 605
671 669 662 678 661 679 726 598 725 597 734 606
664 670 663 679 662 672 727 599 726 598 735 607
673 679 664 680 671 681 728 600 735 607 736 608
674 672 665 681 664 682 729 601 728 600 737 609
675 673 666 682 665 683 730 602 729 601 738 610
676 674 667 683 666 684 731 603 730 602 739 611
677 675 668 684 667 685 732 604 731 603 740 612
678 676 669 685 668 686 733 605 732 604 741 613
679 677 670 686 669 687 734 606 733 605 742 614
672 678 671 687 670 680 735 607 734 606 743 615
681 687 672 688 679 689 736 608 743 615 744 616
682 680 673 689 672 690 737 609 736 608 745 617
683 681 674 690 673 691 738 610 737 609 746 618
684 682 675 691 674 692 739 611 738 610 747 619
685 683 676 692 675 693 740 612 739 611 748 620
686 684 677 693 676 694 741 613 740 612 749 621
687 685 678 694 677 695 742 614 741 613 750 622
680 686 679 695 678 688 743 615 742 614 751 623
689 695 680 696 687 697 744 616 751 623 752 624
690 688 681 697 680 698 745 617 744 616 753 625
691 689 682 698 681 699 746 618 745 617 754 626
692 690 683 699 682 700 747 619 746 618 755 627
693 691 684 700 683 701 748 620 747 619 756 628
694 692 685 701 684 702 749 621 748 620 757 629
695 693 686 702 685 703 750 622 749 621 758 630
688 694 687 703 686 696 751 623 750 622 759 631
697 703 688 640 695 641 752 624 759 631 760 632
698 696 689 641 688 642 753 625 752 624 761 633
699 697 690 642 689 643 754 626 753 625 762 634
700 698 691 643 690 644 755 627 754 626 763 635
701 699 692 644 691 645 756 628 755 627 764 636
702 700 693 645 692 646 757 629 756 628 765 637
703 701 694 646 693 647 758 630 757 629 766 638
696 702 695 647 694 640 759 631 758 630 767 639
705 711 760 712 767 713 776 648 777 649 768 640
706 704 761 713 760 714 777 649 778 650 769 641
707 705 762 714 761 715 778 650 779 651 770 642
708 706 763 715 762 716 779 651 780 652 771 643
709 707 764 716 763 717 780 652 781 653 772 644
710 708 765 717 764 718 781 653 782 654 773 645
711 709 766 718 765 719 782 654 783 655 774 646
704 710 767 719 766 712 783 655 776 648 775 647
713 719 704 720 711 721 784 656 785 657 776 648
714 712 705 721 704 722 785 657 786 658 777 649
715 713 706 722 705 723 786 658 787 659 778 650
716 714 707 723 706 724 787 659 788 660 779 651
717 715 708 724 707 725 788 660 789 661 780 652
718 716 709 725 708 726 789 661 790 662 781 653
719 717 710 726 709 727 790 662 791 663 782 654
712 718 711 727 710 720 791 663 784 656 783 655
721 727 712 728 719 729 792 664 793 665 784 656
722 720 713 729 712 730 793 665 794 666 785 657
723 721 714 730 713 731 794 666 795 667 786 658
724 722 715 731 714 732 795 667 796 668 787 659
725 723 716 732 715 733 796 668 797 669 788 660
726 724 717 733 716 734 797 669 798 670 789 661
727 725 718 734 717 735 798 670 799 671 790 662
720 726 719 735 718 728 799 671 792 664 791 663
729 735 720 736 727 737 800 672 801 673 792 664
730 728 721 737 720 738 801 673 802 674 793 665
731 729 722 738 721 739 802 674 803 675 794 666
732 730 723 739 722 740 803 675 804 676 795 667
733 731 724 740 723 741 804 676 805 677 796 668
734 732 725 741 724 742 805 677 806 678 797 669
735 733 726 742 725 743 806 678 807 679 798 670
728 734 727 743 726 736 807 679 800 672 799 671
737 743 728 744 735 745 808 680 809 681 800 672
738 736 729 745 728 746 809 681 810 682 801 673
739 737 730 746 729 747 810 682 811 683 802 674
740 738 731 747 730 748 811 683 812 684 803 675
741 739 732 748 731 749 812 684 813 685 804 676
742 740 733 749 732 750 813 685 814 686 805 677
743 741 734 750 733 751 814 686 815 687 806 678
736 742 735 751 734 744 815 687 808 680 807 679
745 751 736 752 743 753 816 688 817 689 808 680
746 744 737 753 736 754 817 689 818 690 809 681
747 745 738 754 737 755 818 690 819 691 810 682
748 746 739 755 738 756 819 691 820 692 811 683
749 747 740 756 739 757 820 692 821 693 812 684
750 748 741 757 740 758 821 693 822 694 813 685
751 749 742 758 741 759 822 694 823 695 814 686
744 750 743 759 742 752 823 695 816 688 815 687
753 759 744 760 751 761 824 696 825 697 816 688
754 752 745 761 744 762 825 697 826 698 817 689
755 753 746 762 745 763 826 698 827 699 818 690
756 754 747 763 746 764 827 699 828 700 819 691
757 755 748 764 747 765 828 700 829 701 820 692
758 756 749 765 748 766 829 701 830 702 821 693
759 757 750 766 749 767 830 702 831 703 822 694
752 758 751 767 750 760 831 703 824 696 823 695
761 767 752 704 759 705 768 640 769 641 824 696
762 760 753 705 752 706 769 641 770 642 825 697
763 761 754 706 753 707 770 642 771 643 826 698
764 762 755 707 754 708 771 643 772 644 827 699
765 763 756 708 755 709 772 644 773 645 828 700
766 764 757 709 756 710 773 645 774 646 829 701
767 765 758 710 757 711 774 646 775 647 830 702
760 766 759 711 758 704 775 647 768 640 831 703
769 775 824 776 831 777 888 760 895 767 832 704
770 768 825 777 824 778 889 761 888 760 833 705
771 769 826 778 825 779 890 762 889 761 834 706
772 770 827 779 826 780 891 763 890 762 835 707
773 771 828 780 827 781 892 764 891 763 836 708
774 772 829 781 828 782 893 765 892 764 837 709
775 773 830 782 829 783 894 766 893 765 838 710
768 774 831 783 830 776 895 767 894 766 839 711
777 783 768 784 775 785 832 704 839 711 840 712
778 776 769 785 768 786 833 705 832 704 841 713
779 777 770 786 769 787 834 706 833 705 842 714
780 778 771 787 770 788 835 707 834 706 843 715
781 779 772 788 771 789 836 708 835 707 844 716
782 780 773 789 772 790 837 709 836 708 845 717
783 781 774 790 773 791 838 710 837 709 846 718
776 782 775 791 774 784 839 711 838 710 847 719
785 791 776 792 783 793 840 712 847 719 848 720
786 784 777 793 776 794 841 713 840 712 849 721
787 785 778 794 777 795 842 714 841 713 850 722
788 786 779 795 778 796 843 715 842 714 851 723
789 787 780 796 779 797 844 716 843 715 852 724
790 788 781 797 780 798 845 717 844 716 853 725
791 789 782 798 781 799 846 718 845 717 854 726
784 790 783 799 782 792 847 719 846 718 855 727
793 799 784 800 791 801 848 720 855 727 856 728
794 792 785 801 784 802 849 721 848 720 857 729
795 793 786 802 785 803 850 722 849 721 858 730
796 794 787 803 786 804 851 723 850 722 859 731
797 795 788 804 787 805 852 724 851 723 860 732
798 796 789 805 788 806 853 725 852 724 861 733
799 797 790 806 789 807 854 726 853 725 862 734
792 798 791 807 790 800 855 727 854 726 863 735
801 807 792 808 799 809 856 728 863 735 864 736
802 800 793 809 792 810 857 729 856 728 865 737
803 801 794 810 793 811 858 730 857 729 866 738
804 802 795 811 794 812 859 731 858 730 867 739
805 803 796 812 795 813 860 732 859 731 868 740
806 804 797 813 796 814 861 733 860 732 869 741
807 805 798 814 797 815 862 734 861 733 870 742
800 806 799 815 798 808 863 735 862 734 871 743
809 815 800 816 807 817 864 736 871 743 872 744
810 808 801 817 800 818 865 737 864 736 873 745
811 809 802 818 801 819 866 738 865 737 874 746
812 810 803 819 802 820 867 739 866 738 875 747
813 811 804 820 803 821 868 740 867 739 876 748
814 812 805 821 804 822 869 741 868 740 877 749
815 813 806 822 805 823 870 742 869 741 878 750
808 814 807 823 806 816 871 743 870 742 879 751
817 823 808 824 815 825 872 744 879 751 880 752
818 816 809 825 808 826 873 745 872 744 881 753
819 817 810 826 809 827 874 746 873 745 882 754
820 818 811 827 810 828 875 747 874 746 883 755
821 819 812 828 811 829 876 748 875 747 884 756
822 820 813 829 812 830 877 749 876 748 885 757
823 821 814 830 813 831 878 750 877 749 886 758
816 822 815 831 814 824 879 751 878 750 887 759
825 831 816 768 823 769 880 752 887 759 888 760
826 824 817 769 816 770 881 753 880 752 889 761
827 825 818 770 817 771 882 754 881 753 890 762
828 826 819 771 818 772 883 755 882 754 891 763
829 827 820 772 819 773 884 756 883 755 892 764
830 828 821 773 820 774 885 757 884 756 893 765
831 829 822 774 821 775 886 758 885 757 894 766
824 830 823 775 822 768 887 759 886 758 895 767
833 839 888 840 895 841 904 776 905 777 896 768
834 832 889 841 888 842 905 777 906 778 897 769
835 833 890 842 889 843 906 778 907 779 898 770
836 834 891 843 890 844 907 779 908 780 899 771
837 835 892 844 891 845 908 780 909 781 900 772
838 836 893 845 892 846 909 781 910 782 901 773
839 837 894 846 893 847 910 782 911 783 902 774
832 838 895 847 894 840 911 783 904 776 903 775
841 847 832 848 839 849 912 784 913 785 904 776
842 840 833 849 832 850 913 785 914 786 905 777
843 841 834 850 833 851 914 786 915 787 906 778
844 842 835 851 834 852 915 787 916 788 907 779
845 843 836 852 835 853 916 788 917 789 908 780
846 844 837 853 836 854 917 789 918 790 909 781
847 845 838 854 837 855 918 790 919 791 910 782
840 846 839 855 838 848 919 791 912 784 911 783
849 855 840 856 847 857 920 792 921 793 912 784
850 848 841 857 840 858 921 793 922 794 913 785
851 849 842 858 841 859 922 794 923 795 914 786
852 850 843 859 842 860 923 795 924 796 915 787
853 851 844 860 843 861 924 796 925 797 916 788
854 852 845 861 844 862 925 797 926 798 917 789
855 853 846 862 845 863 926 798 927 799 918 790
848 854 847 863 846 856 927 799 920 792 919 791
857 863 848 864 855 865 928 800 929 801 920 792
858 856 849 865 848 866 929 801 930 802 921 793
859 857 850 866 849 867 930 802 931 803 922 794
860 858 851 867 850 868 931 803 932 804 923 795
861 859 852 868 851 869 932 804 933 805 924 796
862 860 853 869 852 870 933 805 934 806 925 797
863 861 854 870 853 871 934 806 935 807 926 798
856 862 855 871 854 864 935 807 928 800 927 799
865 871 856 872 863 873 936 808 937 809 928 800
866 864 857 873 856 874 937 809 938 810 929 801
867 865 858 874 857 875 938 810 939 811 930 802
868 866 859 875 858 876 939 811 940 812 931 803
869 867 860 876 859 877 940 812 941 813 932 804
870 868 861 877 860 878 941 813 942 814 933 805
871 869 862 878 861 879 942 814 943 815 934 806
864 870 863 879 862 872 943 815 936 808 935 807
873 879 864 880 871 881 944 816 945 817 936 808
874 872 865 881 864 882 945 817 946 818 937 809
875 873 866 882 865 883 946 818 947 819 938 810
876 874 867 883 866 884 947 819 948 820 939 811
877 875 868 884 867 885 948 820 949 821 940 812
878 876 869 885 868 886 949 821 950 822 941 813
879 877 870 886 869 887 950 822 951 823 942 814
872 878 871 887 870 880 951 823 944 816 943 815
881 887 872 888 879 889 952 824 953 825 944 816
882 880 873 889 872 890 953 825 954 826 945 817
883 881 874 890 873 891 954 826 955 827 946 818
884 882 875 891 874 892 955 827 956 828 947 819
885 883 876 892 875 893 956 828 957 829 948 820
886 884 877 893 876 894 957 829 958 830 949 821
887 885 878 894 877 895 958 830 959 831 950 822
880 886 879 895 878 888 959 831 952 824 951 823
889 895 880 832 887 833 896 768 897 769 952 824
890 888 881 833 880 834 897 769 898 770 953 825
891 889 882 834 881 835 898 770 899 771 954 826
892 890 883 835 882 836 899 771 900 772 955 827
893 891 884 836 883 837 900 772 901 773 956 828
894 892 885 837 884 838 901 773 902 774 957 829
895 893 886 838 885 839 902 774 903 775 958 830
888 894 887 839 886 832 903 775 896 768 959 831
897 903 952 904 959 905 1016 888 1023 895 960 832
898 896 953 905 952 906 1017 889 1016 888 961 833
899 897 954 906 953 907 1018 890 1017 889 962 834
900 898 955 907 954 908 1019 891 1018 890 963 835
901 899 956 908 955 909 1020 892 1019 891 964 836
902 900 957 909 956 910 1021 893 1020 892 965 837
903 901 958 910 957 911 1022 894 1021 893 966 838
896 902 959 911 958 904 1023 895 1022 894 967 839
905 911 896 912 903 913 960 832 967 839 968 840
906 904 897 913 896 914 961 833 960 832 969 841
907 905 898 914 897 915 962 834 961 833 970 842
908 906 899 915 898 916 963 835 962 834 971 843
909 907 900 916 899 917 964 836 963 835 972 844
910 908 901 917 900 918 965 837 964 836 973 845
911 909 902 918 901 919 966 838 965 837 974 846
904 910 903 919 902 912 967 839 966 838 975 847
913 919 904 920 911 921 968 840 975 847 976 848
914 912 905 921 904 922 969 841 968 840 977 849
915 913 906 922 905 923 970 842 969 841 978 850
916 914 907 923 906 924 971 843 970 842 979 851
917 915 908 924 907 925 972 844 971 843 980 852
918 916 909 925 908 926 973 845 972 844 981 853
919 917 910 926 909 927 974 846 973 845 982 854
912 918 911 927 910 920 975 847 974 846 983 855
921 927 912 928 919 929 976 848 983 855 984 856
922 920 913 929 912 930 977 849 976 848 985 857
923 921 914 930 913 931 978 850 977 849 986 858
924 922 915 931 914 932 979 851 978 850 987 859
925 923 916 932 915 933 980 852 979 851 988 860
926 924 917 933 916 934 981 853 980 852 989 861
927 925 918 934 917 935 982 854 981 853 990 862
920 926 919 935 918 928 983 855 982 854 991 863
929 935 920 936 927 937 984 856 991 863 992 864
930 928 921 937 920 938 985 857 984 856 993 865
931 929 922 938 921 939 986 858 985 857 994 866
932 930 923 939 922 940 987 859 986 858 995 867
933 931 924 940 923 941 988 860 987 859 996 868
934 932 925 941 924 942 989 861 988 860 997 869
935 933 926 942 925 943 990 862 989 861 998 870
928 934 927 943 926 936 991 863 990 862 999 871
937 943 928 944 935 945 992 864 999 871 1000 872
938 936 929 945 928 946 993 865 992 864 1001 873
939 937 930 946 929 947 994 866 993 865 1002 874
940 938 931 947 930 948 995 867 994 866 1003 875
941 939 932 948 931 949 996 868 995 867 1004 876
942 940 933 949 932 950 997 869 996 868 1005 877
943 941 934 950 933 951 998 870 997 869 1006 878
936 942 935 951 934 944 999 871 998 870 1007 879
945 951 936 952 943 953 1000 872 1007 879 1008 880
946 944 937 953 936 954 1001 873 1000 872 1009 881
947 945 938 954 937 955 1002 874 1001 873 1010 882
948 946 939 955 938 956 1003 875 1002 874 1011 883
949 947 940 956 939 957 1004 876 1003 875 1012 884
950 948 941 957 940 958 1005 877 1004 876 1013 885
951 949 942 958 941 959 1006 878 1005 877 1014 886
944 950 943 959 942 952 1007 879 1006 878 1015 887
953 959 944 896 951 897 1008 880 1015 887 1016 888
954 952 945 897 944 898 1009 881 1008 880 1017 889
955 953 946 898 945 899 1010 882 1009 881 1018 890
956 954 947 899 946 900 1011 883 1010 882 1019 891
957 955 948 900 947 901 1012 884 1011 883 1020 892
958 956 949 901 948 902 1013 885 1012 884 1021 893
959 957 950 902 949 903 1014 886 1013 885 1022 894
952 958 951 903 950 896 1015 887 1014 886 1023 895
961 967 1016 968 1023 969 8 904 9 905 0 896
962 960 1017 969 1016 970 9 905 10 906 1 897
963 961 1018 970 1017 971 10 906 11 907 2 898
964 962 1019 971 1018 972 11 907 12 908 3 899
965 963 1020 972 1019 973 12 908 13 909 4 900
966 964 1021 973 1020 974 13 909 14 910 5 901
967 965 1022 974 1021 975 14 910 15 911 6 902
960 966 1023 975 1022 968 15 911 8 904 7 903
969 975 960 976 967 977 16 912 17 913 8 904
970 968 961 977 960 978 17 913 18 914 9 905
971 969 962 978 961 979 18 914 19 915 10 906
972 970 963 979 962 980 19 915 20 916 11 907
973 971 964 980 963 981 20 916 21 917 12 908
974 972 965 981 964 982 21 917 22 918 13 909
975 973 966 982 965 983 22 918 23 919 14 910
968 974 967 983 966 976 23 919 16 912 15 911
977 983 968 984 975 985 24 920 25 921 16 912
978 976 969 985 968 986 25 921 26 922 17 913
979 977 970 986 969 987 26 922 27 923 18 914
980 978 971 987 970 988 27 923 28 924 19 915
981 979 972 988 971 989 28 924 29 925 20 916
982 980 973 989 972 990 29 925 30 926 21 917
983 981 974 990 973 991 30 926 31 927 22 918
976 982 975 991 974 984 31 927 24 920 23 919
985 991 976 992 983 993 32 928 33 929 24 920
986 984 977 993 976 994 33 929 34 930 25 921
987 985 978 994 977 995 34 930 35 931 26 922
988 986 979 995 978 996 35 931 36 932 27 923
989 987 980 996 979 997 36 932 37 933 28 924
990 988 981 997 980 998 37 933 38 934 29 925
991 989 982 998 981 999 38 934 39 935 30 926
984 990 983 999 982 992 39 935 32 928 31 927
993 999 984 1000 991 1001 40 936 41 937 32 928
994 992 985 1001 984 1002 41 937 42 938 33 929
995 993 986 1002 985 1003 42 938 43 939 34 930
996 994 987 1003 986 1004 43 939 44 940 35 931
997 995 988 1004 987 1005 44 940 45 941 36 932
998 996 989 1005 988 1006 45 941 46 942 37 933
999 997 990 1006 989 1007 46 942 47 943 38 934
992 998 991 1007 990 1000 47 943 40 936 39 935
1001 1007 992 1008 999 1009 48 944 49 945 40 936
1002 1000 993 1009 992 1010 49 945 50 946 41 937
1003 1001 994 1010 993 1011 50 946 51 947 42 938
1004 1002 995 1011 994 1012 51 947 52 948 43 939
1005 1003 996 1012 995 1013 52 948 53 949 44 940
1006 1004 997 1013 996 1014 53 949 54 950 45 941
1007 1005 998 1014 997 1015 54 950 55 951 46 942
1000 1006 999 1015 998 1008 55 951 48 944 47 943
1009 1015 1000 1016 1007 1017 56 952 57 953 48 944
1010 1008 1001 1017 1000 1018 57 953 58 954 49 945
1011 1009 1002 1018 1001 1019 58 954 59 955 50 946
1012 1010 1003 1019 1002 1020 59 955 60 956 51 947
1013 1011 1004 1020 1003 1021 60 956 61 957 52 948
1014 1012 1005 1021 1004 1022 61 957 62 958 53 949
1015 1013 1006 1022 1005 1023 62 958 63 959 54 950
1008 1014 1007 1023 1006 1016 63 959 56 952 55 951
1017 1023 1008 960 1015 961 0 896 1 897 56 952
1018 1016 1009 961 1008 962 1 897 2 898 57 953
1019 1017 1010 962 1009 963 2 898 3 899 58 954
1020 1018 1011 963 1010 964 3 899 4 900 59 955
1021 1019 1012 964 1011 965 4 900 5 901 60 956
1022 1020 1013 965 1012 966 5 901 6 902 61 957
1023 1021 1014 966 1013 967 6 902 7 903 62 958
1016 1022 1015 967 1014 960 7 903 0 896 63 959
