1 4 20 5 24 6 45 245 49 249 25 225
2 0 21 6 20 7 46 246 45 245 26 226
3 1 22 7 21 8 47 247 46 246 27 227
4 2 23 8 22 9 48 248 47 247 28 228
0 3 24 9 23 5 49 249 48 248 29 229
6 9 0 10 4 11 25 225 29 229 30 230
7 5 1 11 0 12 26 226 25 225 31 231
8 6 2 12 1 13 27 227 26 226 32 232
9 7 3 13 2 14 28 228 27 227 33 233
5 8 4 14 3 10 29 229 28 228 34 234
11 14 5 15 9 16 30 230 34 234 35 235
12 10 6 16 5 17 31 231 30 230 36 236
13 11 7 17 6 18 32 232 31 231 37 237
14 12 8 18 7 19 33 233 32 232 38 238
10 13 9 19 8 15 34 234 33 233 39 239
16 19 10 20 14 21 35 235 39 239 40 240
17 15 11 21 10 22 36 236 35 235 41 241
18 16 12 22 11 23 37 237 36 236 42 242
19 17 13 23 12 24 38 238 37 237 43 243
15 18 14 24 13 20 39 239 38 238 44 244
21 24 15 0 19 1 40 240 44 244 45 245
22 20 16 1 15 2 41 241 40 240 46 246
23 21 17 2 16 3 42 242 41 241 47 247
24 22 18 3 17 4 43 243 42 242 48 248
20 23 19 4 18 0 44 244 43 243 49 249
26 29 45 30 49 31 55 5 56 6 50 0
27 25 46 31 45 32 56 6 57 7 51 1
28 26 47 32 46 33 57 7 58 8 52 2
29 27 48 33 47 34 58 8 59 9 53 3
25 28 49 34 48 30 59 9 55 5 54 4
31 34 25 35 29 36 60 10 61 11 55 5
32 30 26 36 25 37 61 11 62 12 56 6
33 31 27 37 26 38 62 12 63 13 57 7
34 32 28 38 27 39 63 13 64 14 58 8
30 33 29 39 28 35 64 14 60 10 59 9
36 39 30 40 34 41 65 15 66 16 60 10
37 35 31 41 30 42 66 16 67 17 61 11
38 36 32 42 31 43 67 17 68 18 62 12
39 37 33 43 32 44 68 18 69 19 63 13
35 38 34 44 33 40 69 19 65 15 64 14
41 44 35 45 39 46 70 20 71 21 65 15
42 40 36 46 35 47 71 21 72 22 66 16
43 41 37 47 36 48 72 22 73 23 67 17
44 42 38 48 37 49 73 23 74 24 68 18
40 43 39 49 38 45 74 24 70 20 69 19
46 49 40 25 44 26 50 0 51 1 70 20
47 45 41 26 40 27 51 1 52 2 71 21
48 46 42 27 41 28 52 2 53 3 72 22
49 47 43 28 42 29 53 3 54 4 73 23
45 48 44 29 43 25 54 4 50 0 74 24
51 54 70 55 74 56 95 45 99 49 75 25
52 50 71 56 70 57 96 46 95 45 76 26
53 51 72 57 71 58 97 47 96 46 77 27
54 52 73 58 72 59 98 48 97 47 78 28
50 53 74 59 73 55 99 49 98 48 79 29
56 59 50 60 54 61 75 25 79 29 80 30
57 55 51 61 50 62 76 26 75 25 81 31
58 56 52 62 51 63 77 27 76 26 82 32
59 57 53 63 52 64 78 28 77 27 83 33
55 58 54 64 53 60 79 29 78 28 84 34
61 64 55 65 59 66 80 30 84 34 85 35
62 60 56 66 55 67 81 31 80 30 86 36
63 61 57 67 56 68 82 32 81 31 87 37
64 62 58 68 57 69 83 33 82 32 88 38
60 63 59 69 58 65 84 34 83 33 89 39
66 69 60 70 64 71 85 35 89 39 90 40
67 65 61 71 60 72 86 36 85 35 91 41
68 66 62 72 61 73 87 37 86 36 92 42
69 67 63 73 62 74 88 38 87 37 93 43
65 68 64 74 63 70 89 39 88 38 94 44
71 74 65 50 69 51 90 40 94 44 95 45
72 70 66 51 65 52 91 41 90 40 96 46
73 71 67 52 66 53 92 42 91 41 97 47
74 72 68 53 67 54 93 43 92 42 98 48
70 73 69 54 68 50 94 44 93 43 99 49
76 79 95 80 99 81 105 55 106 56 100 50
77 75 96 81 95 82 106 56 107 57 101 51
78 76 97 82 96 83 107 57 108 58 102 52
79 77 98 83 97 84 108 58 109 59 103 53
75 78 99 84 98 80 109 59 105 55 104 54
81 84 75 85 79 86 110 60 111 61 105 55
82 80 76 86 75 87 111 61 112 62 106 56
83 81 77 87 76 88 112 62 113 63 107 57
84 82 78 88 77 89 113 63 114 64 108 58
80 83 79 89 78 85 114 64 110 60 109 59
86 89 80 90 84 91 115 65 116 66 110 60
87 85 81 91 80 92 116 66 117 67 111 61
88 86 82 92 81 93 117 67 118 68 112 62
89 87 83 93 82 94 118 68 119 69 113 63
85 88 84 94 83 90 119 69 115 65 114 64
91 94 85 95 89 96 120 70 121 71 115 65
92 90 86 96 85 97 121 71 122 72 116 66
93 91 87 97 86 98 122 72 123 73 117 67
94 92 88 98 87 99 123 73 124 74 118 68
90 93 89 99 88 95 124 74 120 70 119 69
96 99 90 75 94 76 100 50 101 51 120 70
97 95 91 76 90 77 101 51 102 52 121 71
98 96 92 77 91 78 102 52 103 53 122 72
99 97 93 78 92 79 103 53 104 54 123 73
95 98 94 79 93 75 104 54 100 50 124 74
101 104 120 105 124 106 145 95 149 99 125 75
102 100 121 106 120 107 146 96 145 95 126 76
103 101 122 107 121 108 147 97 146 96 127 77
104 102 123 108 122 109 148 98 147 97 128 78
100 103 124 109 123 105 149 99 148 98 129 79
106 109 100 110 104 111 125 75 129 79 130 80
107 105 101 111 100 112 126 76 125 75 131 81
108 106 102 112 101 113 127 77 126 76 132 82
109 107 103 113 102 114 128 78 127 77 133 83
105 108 104 114 103 110 129 79 128 78 134 84
111 114 105 115 109 116 130 80 134 84 135 85
112 110 106 116 105 117 131 81 130 80 136 86
113 111 107 117 106 118 132 82 131 81 137 87
114 112 108 118 107 119 133 83 132 82 138 88
110 113 109 119 108 115 134 84 133 83 139 89
116 119 110 120 114 121 135 85 139 89 140 90
117 115 111 121 110 122 136 86 135 85 141 91
118 116 112 122 111 123 137 87 136 86 142 92
119 117 113 123 112 124 138 88 137 87 143 93
115 118 114 124 113 120 139 89 138 88 144 94
121 124 115 100 119 101 140 90 144 94 145 95
122 120 116 101 115 102 141 91 140 90 146 96
123 121 117 102 116 103 142 92 141 91 147 97
124 122 118 103 117 104 143 93 142 92 148 98
120 123 119 104 118 100 144 94 143 93 149 99
126 129 145 130 149 131 155 105 156 106 150 100
127 125 146 131 145 132 156 106 157 107 151 101
128 126 147 132 146 133 157 107 158 108 152 102
129 127 148 133 147 134 158 108 159 109 153 103
125 128 149 134 148 130 159 109 155 105 154 104
131 134 125 135 129 136 160 110 161 111 155 105
132 130 126 136 125 137 161 111 162 112 156 106
133 131 127 137 126 138 162 112 163 113 157 107
134 132 128 138 127 139 163 113 164 114 158 108
130 133 129 139 128 135 164 114 160 110 159 109
136 139 130 140 134 141 165 115 166 116 160 110
137 135 131 141 130 142 166 116 167 117 161 111
138 136 132 142 131 143 167 117 168 118 162 112
139 137 133 143 132 144 168 118 169 119 163 113
135 138 134 144 133 140 169 119 165 115 164 114
141 144 135 145 139 146 170 120 171 121 165 115
142 140 136 146 135 147 171 121 172 122 166 116
143 141 137 147 136 148 172 122 173 123 167 117
144 142 138 148 137 149 173 123 174 124 168 118
140 143 139 149 138 145 174 124 170 120 169 119
146 149 140 125 144 126 150 100 151 101 170 120
147 145 141 126 140 127 151 101 152 102 171 121
148 146 142 127 141 128 152 102 153 103 172 122
149 147 143 128 142 129 153 103 154 104 173 123
145 148 144 129 143 125 154 104 150 100 174 124
151 154 170 155 174 156 195 145 199 149 175 125
152 150 171 156 170 157 196 146 195 145 176 126
153 151 172 157 171 158 197 147 196 146 177 127
154 152 173 158 172 159 198 148 197 147 178 128
150 153 174 159 173 155 199 149 198 148 179 129
156 159 150 160 154 161 175 125 179 129 180 130
157 155 151 161 150 162 176 126 175 125 181 131
158 156 152 162 151 163 177 127 176 126 182 132
159 157 153 163 152 164 178 128 177 127 183 133
155 158 154 164 153 160 179 129 178 128 184 134
161 164 155 165 159 166 180 130 184 134 185 135
162 160 156 166 155 167 181 131 180 130 186 136
163 161 157 167 156 168 182 132 181 131 187 137
164 162 158 168 157 169 183 133 182 132 188 138
160 163 159 169 158 165 184 134 183 133 189 139
166 169 160 170 164 171 185 135 189 139 190 140
167 165 161 171 160 172 186 136 185 135 191 141
168 166 162 172 161 173 187 137 186 136 192 142
169 167 163 173 162 174 188 138 187 137 193 143
165 168 164 174 163 170 189 139 188 138 194 144
171 174 165 150 169 151 190 140 194 144 195 145
172 170 166 151 165 152 191 141 190 140 196 146
173 171 167 152 166 153 192 142 191 141 197 147
174 172 168 153 167 154 193 143 192 142 198 148
170 173 169 154 168 150 194 144 193 143 199 149
176 179 195 180 199 181 205 155 206 156 200 150
177 175 196 181 195 182 206 156 207 157 201 151
178 176 197 182 196 183 207 157 208 158 202 152
179 177 198 183 197 184 208 158 209 159 203 153
175 178 199 184 198 180 209 159 205 155 204 154
181 184 175 185 179 186 210 160 211 161 205 155
182 180 176 186 175 187 211 161 212 162 206 156
183 181 177 187 176 188 212 162 213 163 207 157
184 182 178 188 177 189 213 163 214 164 208 158
180 183 179 189 178 185 214 164 210 160 209 159
186 189 180 190 184 191 215 165 216 166 210 160
187 185 181 191 180 192 216 166 217 167 211 161
188 186 182 192 181 193 217 167 218 168 212 162
189 187 183 193 182 194 218 168 219 169 213 163
185 188 184 194 183 190 219 169 215 165 214 164
191 194 185 195 189 196 220 170 221 171 215 165
192 190 186 196 185 197 221 171 222 172 216 166
193 191 187 197 186 198 222 172 223 173 217 167
194 192 188 198 187 199 223 173 224 174 218 168
190 193 189 199 188 195 224 174 220 170 219 169
196 199 190 175 194 176 200 150 201 151 220 170
197 195 191 176 190 177 201 151 202 152 221 171
198 196 192 177 191 178 202 152 203 153 222 172
199 197 193 178 192 179 203 153 204 154 223 173
195 198 194 179 193 175 204 154 200 150 224 174
201 204 220 205 224 206 245 195 249 199 225 175
202 200 221 206 220 207 246 196 245 195 226 176
203 201 222 207 221 208 247 197 246 196 227 177
204 202 223 208 222 209 248 198 247 197 228 178
200 203 224 209 223 205 249 199 248 198 229 179
206 209 200 210 204 211 225 175 229 179 230 180
207 205 201 211 200 212 226 176 225 175 231 181
208 206 202 212 201 213 227 177 226 176 232 182
209 207 203 213 202 214 228 178 227 177 233 183
205 208 204 214 203 210 229 179 228 178 234 184
211 214 205 215 209 216 230 180 234 184 235 185
212 210 206 216 205 217 231 181 230 180 236 186
213 211 207 217 206 218 232 182 231 181 237 187
214 212 208 218 207 219 233 183 232 182 238 188
210 213 209 219 208 215 234 184 233 183 239 189
216 219 210 220 214 221 235 185 239 189 240 190
217 215 211 221 210 222 236 186 235 185 241 191
218 216 212 222 211 223 237 187 236 186 242 192
219 217 213 223 212 224 238 188 237 187 243 193
215 218 214 224 213 220 239 189 238 188 244 194
221 224 215 200 219 201 240 190 244 194 245 195
222 220 216 201 215 202 241 191 240 190 246 196
223 221 217 202 216 203 242 192 241 191 247 197
224 222 218 203 217 204 243 193 242 192 248 198
220 223 219 204 218 200 244 194 243 193 249 199
226 229 245 230 249 231 5 205 6 206 0 200
227 225 246 231 245 232 6 206 7 207 1 201
228 226 247 232 246 233 7 207 8 208 2 202
229 227 248 233 247 234 8 208 9 209 3 203
225 228 249 234 248 230 9 209 5 205 4 204
231 234 225 235 229 236 10 210 11 211 5 205
232 230 226 236 225 237 11 211 12 212 6 206
233 231 227 237 226 238 12 212 13 213 7 207
234 232 228 238 227 239 13 213 14 214 8 208
230 233 229 239 228 235 14 214 10 210 9 209
236 239 230 240 234 241 15 215 16 216 10 210
237 235 231 241 230 242 16 216 17 217 11 211
238 236 232 242 231 243 17 217 18 218 12 212
239 237 233 243 232 244 18 218 19 219 13 213
235 238 234 244 233 240 19 219 15 215 14 214
241 244 235 245 239 246 20 220 21 221 15 215
242 240 236 246 235 247 21 221 22 222 16 216
243 241 237 247 236 248 22 222 23 223 17 217
244 242 238 248 237 249 23 223 24 224 18 218
240 243 239 249 238 245 24 224 20 220 19 219
246 249 240 225 244 226 0 200 1 201 20 220
247 245 241 226 240 227 1 201 2 202 21 221
248 246 242 227 241 228 2 202 3 203 22 222
249 247 243 228 242 229 3 203 4 204 23 223
245 248 244 229 243 225 4 204 0 200 24 224
