1 63 4032 64
2 0 4033 65
3 1 4034 66
4 2 4035 67
5 3 4036 68
6 4 4037 69
7 5 4038 70
8 6 4039 71
9 7 4040 72
10 8 4041 73
11 9 4042 74
12 10 4043 75
13 11 4044 76
14 12 4045 77
15 13 4046 78
16 14 4047 79
17 15 4048 80
18 16 4049 81
19 17 4050 82
20 18 4051 83
21 19 4052 84
22 20 4053 85
23 21 4054 86
24 22 4055 87
25 23 4056 88
26 24 4057 89
27 25 4058 90
28 26 4059 91
29 27 4060 92
30 28 4061 93
31 29 4062 94
32 30 4063 95
33 31 4064 96
34 32 4065 97
35 33 4066 98
36 34 4067 99
37 35 4068 100
38 36 4069 101
39 37 4070 102
40 38 4071 103
41 39 4072 104
42 40 4073 105
43 41 4074 106
44 42 4075 107
45 43 4076 108
46 44 4077 109
47 45 4078 110
48 46 4079 111
49 47 4080 112
50 48 4081 113
51 49 4082 114
52 50 4083 115
53 51 4084 116
54 52 4085 117
55 53 4086 118
56 54 4087 119
57 55 4088 120
58 56 4089 121
59 57 4090 122
60 58 4091 123
61 59 4092 124
62 60 4093 125
63 61 4094 126
0 62 4095 127
65 127 0 128
66 64 1 129
67 65 2 130
68 66 3 131
69 67 4 132
70 68 5 133
71 69 6 134
72 70 7 135
73 71 8 136
74 72 9 137
75 73 10 138
76 74 11 139
77 75 12 140
78 76 13 141
79 77 14 142
80 78 15 143
81 79 16 144
82 80 17 145
83 81 18 146
84 82 19 147
85 83 20 148
86 84 21 149
87 85 22 150
88 86 23 151
89 87 24 152
90 88 25 153
91 89 26 154
92 90 27 155
93 91 28 156
94 92 29 157
95 93 30 158
96 94 31 159
97 95 32 160
98 96 33 161
99 97 34 162
100 98 35 163
101 99 36 164
102 100 37 165
103 101 38 166
104 102 39 167
105 103 40 168
106 104 41 169
107 105 42 170
108 106 43 171
109 107 44 172
110 108 45 173
111 109 46 174
112 110 47 175
113 111 48 176
114 112 49 177
115 113 50 178
116 114 51 179
117 115 52 180
118 116 53 181
119 117 54 182
120 118 55 183
121 119 56 184
122 120 57 185
123 121 58 186
124 122 59 187
125 123 60 188
126 124 61 189
127 125 62 190
64 126 63 191
129 191 64 192
130 128 65 193
131 129 66 194
132 130 67 195
133 131 68 196
134 132 69 197
135 133 70 198
136 134 71 199
137 135 72 200
138 136 73 201
139 137 74 202
140 138 75 203
141 139 76 204
142 140 77 205
143 141 78 206
144 142 79 207
145 143 80 208
146 144 81 209
147 145 82 210
148 146 83 211
149 147 84 212
150 148 85 213
151 149 86 214
152 150 87 215
153 151 88 216
154 152 89 217
155 153 90 218
156 154 91 219
157 155 92 220
158 156 93 221
159 157 94 222
160 158 95 223
161 159 96 224
162 160 97 225
163 161 98 226
164 162 99 227
165 163 100 228
166 164 101 229
167 165 102 230
168 166 103 231
169 167 104 232
170 168 105 233
171 169 106 234
172 170 107 235
173 171 108 236
174 172 109 237
175 173 110 238
176 174 111 239
177 175 112 240
178 176 113 241
179 177 114 242
180 178 115 243
181 179 116 244
182 180 117 245
183 181 118 246
184 182 119 247
185 183 120 248
186 184 121 249
187 185 122 250
188 186 123 251
189 187 124 252
190 188 125 253
191 189 126 254
128 190 127 255
193 255 128 256
194 192 129 257
195 193 130 258
196 194 131 259
197 195 132 260
198 196 133 261
199 197 134 262
200 198 135 263
201 199 136 264
202 200 137 265
203 201 138 266
204 202 139 267
205 203 140 268
206 204 141 269
207 205 142 270
208 206 143 271
209 207 144 272
210 208 145 273
211 209 146 274
212 210 147 275
213 211 148 276
214 212 149 277
215 213 150 278
216 214 151 279
217 215 152 280
218 216 153 281
219 217 154 282
220 218 155 283
221 219 156 284
222 220 157 285
223 221 158 286
224 222 159 287
225 223 160 288
226 224 161 289
227 225 162 290
228 226 163 291
229 227 164 292
230 228 165 293
231 229 166 294
232 230 167 295
233 231 168 296
234 232 169 297
235 233 170 298
236 234 171 299
237 235 172 300
238 236 173 301
239 237 174 302
240 238 175 303
241 239 176 304
242 240 177 305
243 241 178 306
244 242 179 307
245 243 180 308
246 244 181 309
247 245 182 310
248 246 183 311
249 247 184 312
250 248 185 313
251 249 186 314
252 250 187 315
253 251 188 316
254 252 189 317
255 253 190 318
192 254 191 319
257 319 192 320
258 256 193 321
259 257 194 322
260 258 195 323
261 259 196 324
262 260 197 325
263 261 198 326
264 262 199 327
265 263 200 328
266 264 201 329
267 265 202 330
268 266 203 331
269 267 204 332
270 268 205 333
271 269 206 334
272 270 207 335
273 271 208 336
274 272 209 337
275 273 210 338
276 274 211 339
277 275 212 340
278 276 213 341
279 277 214 342
280 278 215 343
281 279 216 344
282 280 217 345
283 281 218 346
284 282 219 347
285 283 220 348
286 284 221 349
287 285 222 350
288 286 223 351
289 287 224 352
290 288 225 353
291 289 226 354
292 290 227 355
293 291 228 356
294 292 229 357
295 293 230 358
296 294 231 359
297 295 232 360
298 296 233 361
299 297 234 362
300 298 235 363
301 299 236 364
302 300 237 365
303 301 238 366
304 302 239 367
305 303 240 368
306 304 241 369
307 305 242 370
308 306 243 371
309 307 244 372
310 308 245 373
311 309 246 374
312 310 247 375
313 311 248 376
314 312 249 377
315 313 250 378
316 314 251 379
317 315 252 380
318 316 253 381
319 317 254 382
256 318 255 383
321 383 256 384
322 320 257 385
323 321 258 386
324 322 259 387
325 323 260 388
326 324 261 389
327 325 262 390
328 326 263 391
329 327 264 392
330 328 265 393
331 329 266 394
332 330 267 395
333 331 268 396
334 332 269 397
335 333 270 398
336 334 271 399
337 335 272 400
338 336 273 401
339 337 274 402
340 338 275 403
341 339 276 404
342 340 277 405
343 341 278 406
344 342 279 407
345 343 280 408
346 344 281 409
347 345 282 410
348 346 283 411
349 347 284 412
350 348 285 413
351 349 286 414
352 350 287 415
353 351 288 416
354 352 289 417
355 353 290 418
356 354 291 419
357 355 292 420
358 356 293 421
359 357 294 422
360 358 295 423
361 359 296 424
362 360 297 425
363 361 298 426
364 362 299 427
365 363 300 428
366 364 301 429
367 365 302 430
368 366 303 431
369 367 304 432
370 368 305 433
371 369 306 434
372 370 307 435
373 371 308 436
374 372 309 437
375 373 310 438
376 374 311 439
377 375 312 440
378 376 313 441
379 377 314 442
380 378 315 443
381 379 316 444
382 380 317 445
383 381 318 446
320 382 319 447
385 447 320 448
386 384 321 449
387 385 322 450
388 386 323 451
389 387 324 452
390 388 325 453
391 389 326 454
392 390 327 455
393 391 328 456
394 392 329 457
395 393 330 458
396 394 331 459
397 395 332 460
398 396 333 461
399 397 334 462
400 398 335 463
401 399 336 464
402 400 337 465
403 401 338 466
404 402 339 467
405 403 340 468
406 404 341 469
407 405 342 470
408 406 343 471
409 407 344 472
410 408 345 473
411 409 346 474
412 410 347 475
413 411 348 476
414 412 349 477
415 413 350 478
416 414 351 479
417 415 352 480
418 416 353 481
419 417 354 482
420 418 355 483
421 419 356 484
422 420 357 485
423 421 358 486
424 422 359 487
425 423 360 488
426 424 361 489
427 425 362 490
428 426 363 491
429 427 364 492
430 428 365 493
431 429 366 494
432 430 367 495
433 431 368 496
434 432 369 497
435 433 370 498
436 434 371 499
437 435 372 500
438 436 373 501
439 437 374 502
440 438 375 503
441 439 376 504
442 440 377 505
443 441 378 506
444 442 379 507
445 443 380 508
446 444 381 509
447 445 382 510
384 446 383 511
449 511 384 512
450 448 385 513
451 449 386 514
452 450 387 515
453 451 388 516
454 452 389 517
455 453 390 518
456 454 391 519
457 455 392 520
458 456 393 521
459 457 394 522
460 458 395 523
461 459 396 524
462 460 397 525
463 461 398 526
464 462 399 527
465 463 400 528
466 464 401 529
467 465 402 530
468 466 403 531
469 467 404 532
470 468 405 533
471 469 406 534
472 470 407 535
473 471 408 536
474 472 409 537
475 473 410 538
476 474 411 539
477 475 412 540
478 476 413 541
479 477 414 542
480 478 415 543
481 479 416 544
482 480 417 545
483 481 418 546
484 482 419 547
485 483 420 548
486 484 421 549
487 485 422 550
488 486 423 551
489 487 424 552
490 488 425 553
491 489 426 554
492 490 427 555
493 491 428 556
494 492 429 557
495 493 430 558
496 494 431 559
497 495 432 560
498 496 433 561
499 497 434 562
500 498 435 563
501 499 436 564
502 500 437 565
503 501 438 566
504 502 439 567
505 503 440 568
506 504 441 569
507 505 442 570
508 506 443 571
509 507 444 572
510 508 445 573
511 509 446 574
448 510 447 575
513 575 448 576
514 512 449 577
515 513 450 578
516 514 451 579
517 515 452 580
518 516 453 581
519 517 454 582
520 518 455 583
521 519 456 584
522 520 457 585
523 521 458 586
524 522 459 587
525 523 460 588
526 524 461 589
527 525 462 590
528 526 463 591
529 527 464 592
530 528 465 593
531 529 466 594
532 530 467 595
533 531 468 596
534 532 469 597
535 533 470 598
536 534 471 599
537 535 472 600
538 536 473 601
539 537 474 602
540 538 475 603
541 539 476 604
542 540 477 605
543 541 478 606
544 542 479 607
545 543 480 608
546 544 481 609
547 545 482 610
548 546 483 611
549 547 484 612
550 548 485 613
551 549 486 614
552 550 487 615
553 551 488 616
554 552 489 617
555 553 490 618
556 554 491 619
557 555 492 620
558 556 493 621
559 557 494 622
560 558 495 623
561 559 496 624
562 560 497 625
563 561 498 626
564 562 499 627
565 563 500 628
566 564 501 629
567 565 502 630
568 566 503 631
569 567 504 632
570 568 505 633
571 569 506 634
572 570 507 635
573 571 508 636
574 572 509 637
575 573 510 638
512 574 511 639
577 639 512 640
578 576 513 641
579 577 514 642
580 578 515 643
581 579 516 644
582 580 517 645
583 581 518 646
584 582 519 647
585 583 520 648
586 584 521 649
587 585 522 650
588 586 523 651
589 587 524 652
590 588 525 653
591 589 526 654
592 590 527 655
593 591 528 656
594 592 529 657
595 593 530 658
596 594 531 659
597 595 532 660
598 596 533 661
599 597 534 662
600 598 535 663
601 599 536 664
602 600 537 665
603 601 538 666
604 602 539 667
605 603 540 668
606 604 541 669
607 605 542 670
608 606 543 671
609 607 544 672
610 608 545 673
611 609 546 674
612 610 547 675
613 611 548 676
614 612 549 677
615 613 550 678
616 614 551 679
617 615 552 680
618 616 553 681
619 617 554 682
620 618 555 683
621 619 556 684
622 620 557 685
623 621 558 686
624 622 559 687
625 623 560 688
626 624 561 689
627 625 562 690
628 626 563 691
629 627 564 692
630 628 565 693
631 629 566 694
632 630 567 695
633 631 568 696
634 632 569 697
635 633 570 698
636 634 571 699
637 635 572 700
638 636 573 701
639 637 574 702
576 638 575 703
641 703 576 704
642 640 577 705
643 641 578 706
644 642 579 707
645 643 580 708
646 644 581 709
647 645 582 710
648 646 583 711
649 647 584 712
650 648 585 713
651 649 586 714
652 650 587 715
653 651 588 716
654 652 589 717
655 653 590 718
656 654 591 719
657 655 592 720
658 656 593 721
659 657 594 722
660 658 595 723
661 659 596 724
662 660 597 725
663 661 598 726
664 662 599 727
665 663 600 728
666 664 601 729
667 665 602 730
668 666 603 731
669 667 604 732
670 668 605 733
671 669 606 734
672 670 607 735
673 671 608 736
674 672 609 737
675 673 610 738
676 674 611 739
677 675 612 740
678 676 613 741
679 677 614 742
680 678 615 743
681 679 616 744
682 680 617 745
683 681 618 746
684 682 619 747
685 683 620 748
686 684 621 749
687 685 622 750
688 686 623 751
689 687 624 752
690 688 625 753
691 689 626 754
692 690 627 755
693 691 628 756
694 692 629 757
695 693 630 758
696 694 631 759
697 695 632 760
698 696 633 761
699 697 634 762
700 698 635 763
701 699 636 764
702 700 637 765
703 701 638 766
640 702 639 767
705 767 640 768
706 704 641 769
707 705 642 770
708 706 643 771
709 707 644 772
710 708 645 773
711 709 646 774
712 710 647 775
713 711 648 776
714 712 649 777
715 713 650 778
716 714 651 779
717 715 652 780
718 716 653 781
719 717 654 782
720 718 655 783
721 719 656 784
722 720 657 785
723 721 658 786
724 722 659 787
725 723 660 788
726 724 661 789
727 725 662 790
728 726 663 791
729 727 664 792
730 728 665 793
731 729 666 794
732 730 667 795
733 731 668 796
734 732 669 797
735 733 670 798
736 734 671 799
737 735 672 800
738 736 673 801
739 737 674 802
740 738 675 803
741 739 676 804
742 740 677 805
743 741 678 806
744 742 679 807
745 743 680 808
746 744 681 809
747 745 682 810
748 746 683 811
749 747 684 812
750 748 685 813
751 749 686 814
752 750 687 815
753 751 688 816
754 752 689 817
755 753 690 818
756 754 691 819
757 755 692 820
758 756 693 821
759 757 694 822
760 758 695 823
761 759 696 824
762 760 697 825
763 761 698 826
764 762 699 827
765 763 700 828
766 764 701 829
767 765 702 830
704 766 703 831
769 831 704 832
770 768 705 833
771 769 706 834
772 770 707 835
773 771 708 836
774 772 709 837
775 773 710 838
776 774 711 839
777 775 712 840
778 776 713 841
779 777 714 842
780 778 715 843
781 779 716 844
782 780 717 845
783 781 718 846
784 782 719 847
785 783 720 848
786 784 721 849
787 785 722 850
788 786 723 851
789 787 724 852
790 788 725 853
791 789 726 854
792 790 727 855
793 791 728 856
794 792 729 857
795 793 730 858
796 794 731 859
797 795 732 860
798 796 733 861
799 797 734 862
800 798 735 863
801 799 736 864
802 800 737 865
803 801 738 866
804 802 739 867
805 803 740 868
806 804 741 869
807 805 742 870
808 806 743 871
809 807 744 872
810 808 745 873
811 809 746 874
812 810 747 875
813 811 748 876
814 812 749 877
815 813 750 878
816 814 751 879
817 815 752 880
818 816 753 881
819 817 754 882
820 818 755 883
821 819 756 884
822 820 757 885
823 821 758 886
824 822 759 887
825 823 760 888
826 824 761 889
827 825 762 890
828 826 763 891
829 827 764 892
830 828 765 893
831 829 766 894
768 830 767 895
833 895 768 896
834 832 769 897
835 833 770 898
836 834 771 899
837 835 772 900
838 836 773 901
839 837 774 902
840 838 775 903
841 839 776 904
842 840 777 905
843 841 778 906
844 842 779 907
845 843 780 908
846 844 781 909
847 845 782 910
848 846 783 911
849 847 784 912
850 848 785 913
851 849 786 914
852 850 787 915
853 851 788 916
854 852 789 917
855 853 790 918
856 854 791 919
857 855 792 920
858 856 793 921
859 857 794 922
860 858 795 923
861 859 796 924
862 860 797 925
863 861 798 926
864 862 799 927
865 863 800 928
866 864 801 929
867 865 802 930
868 866 803 931
869 867 804 932
870 868 805 933
871 869 806 934
872 870 807 935
873 871 808 936
874 872 809 937
875 873 810 938
876 874 811 939
877 875 812 940
878 876 813 941
879 877 814 942
880 878 815 943
881 879 816 944
882 880 817 945
883 881 818 946
884 882 819 947
885 883 820 948
886 884 821 949
887 885 822 950
888 886 823 951
889 887 824 952
890 888 825 953
891 889 826 954
892 890 827 955
893 891 828 956
894 892 829 957
895 893 830 958
832 894 831 959
897 959 832 960
898 896 833 961
899 897 834 962
900 898 835 963
901 899 836 964
902 900 837 965
903 901 838 966
904 902 839 967
905 903 840 968
906 904 841 969
907 905 842 970
908 906 843 971
909 907 844 972
910 908 845 973
911 909 846 974
912 910 847 975
913 911 848 976
914 912 849 977
915 913 850 978
916 914 851 979
917 915 852 980
918 916 853 981
919 917 854 982
920 918 855 983
921 919 856 984
922 920 857 985
923 921 858 986
924 922 859 987
925 923 860 988
926 924 861 989
927 925 862 990
928 926 863 991
929 927 864 992
930 928 865 993
931 929 866 994
932 930 867 995
933 931 868 996
934 932 869 997
935 933 870 998
936 934 871 999
937 935 872 1000
938 936 873 1001
939 937 874 1002
940 938 875 1003
941 939 876 1004
942 940 877 1005
943 941 878 1006
944 942 879 1007
945 943 880 1008
946 944 881 1009
947 945 882 1010
948 946 883 1011
949 947 884 1012
950 948 885 1013
951 949 886 1014
952 950 887 1015
953 951 888 1016
954 952 889 1017
955 953 890 1018
956 954 891 1019
957 955 892 1020
958 956 893 1021
959 957 894 1022
896 958 895 1023
961 1023 896 1024
962 960 897 1025
963 961 898 1026
964 962 899 1027
965 963 900 1028
966 964 901 1029
967 965 902 1030
968 966 903 1031
969 967 904 1032
970 968 905 1033
971 969 906 1034
972 970 907 1035
973 971 908 1036
974 972 909 1037
975 973 910 1038
976 974 911 1039
977 975 912 1040
978 976 913 1041
979 977 914 1042
980 978 915 1043
981 979 916 1044
982 980 917 1045
983 981 918 1046
984 982 919 1047
985 983 920 1048
986 984 921 1049
987 985 922 1050
988 986 923 1051
989 987 924 1052
990 988 925 1053
991 989 926 1054
992 990 927 1055
993 991 928 1056
994 992 929 1057
995 993 930 1058
996 994 931 1059
997 995 932 1060
998 996 933 1061
999 997 934 1062
1000 998 935 1063
1001 999 936 1064
1002 1000 937 1065
1003 1001 938 1066
1004 1002 939 1067
1005 1003 940 1068
1006 1004 941 1069
1007 1005 942 1070
1008 1006 943 1071
1009 1007 944 1072
1010 1008 945 1073
1011 1009 946 1074
1012 1010 947 1075
1013 1011 948 1076
1014 1012 949 1077
1015 1013 950 1078
1016 1014 951 1079
1017 1015 952 1080
1018 1016 953 1081
1019 1017 954 1082
1020 1018 955 1083
1021 1019 956 1084
1022 1020 957 1085
1023 1021 958 1086
960 1022 959 1087
1025 1087 960 1088
1026 1024 961 1089
1027 1025 962 1090
1028 1026 963 1091
1029 1027 964 1092
1030 1028 965 1093
1031 1029 966 1094
1032 1030 967 1095
1033 1031 968 1096
1034 1032 969 1097
1035 1033 970 1098
1036 1034 971 1099
1037 1035 972 1100
1038 1036 973 1101
1039 1037 974 1102
1040 1038 975 1103
1041 1039 976 1104
1042 1040 977 1105
1043 1041 978 1106
1044 1042 979 1107
1045 1043 980 1108
1046 1044 981 1109
1047 1045 982 1110
1048 1046 983 1111
1049 1047 984 1112
1050 1048 985 1113
1051 1049 986 1114
1052 1050 987 1115
1053 1051 988 1116
1054 1052 989 1117
1055 1053 990 1118
1056 1054 991 1119
1057 1055 992 1120
1058 1056 993 1121
1059 1057 994 1122
1060 1058 995 1123
1061 1059 996 1124
1062 1060 997 1125
1063 1061 998 1126
1064 1062 999 1127
1065 1063 1000 1128
1066 1064 1001 1129
1067 1065 1002 1130
1068 1066 1003 1131
1069 1067 1004 1132
1070 1068 1005 1133
1071 1069 1006 1134
1072 1070 1007 1135
1073 1071 1008 1136
1074 1072 1009 1137
1075 1073 1010 1138
1076 1074 1011 1139
1077 1075 1012 1140
1078 1076 1013 1141
1079 1077 1014 1142
1080 1078 1015 1143
1081 1079 1016 1144
1082 1080 1017 1145
1083 1081 1018 1146
1084 1082 1019 1147
1085 1083 1020 1148
1086 1084 1021 1149
1087 1085 1022 1150
1024 1086 1023 1151
1089 1151 1024 1152
1090 1088 1025 1153
1091 1089 1026 1154
1092 1090 1027 1155
1093 1091 1028 1156
1094 1092 1029 1157
1095 1093 1030 1158
1096 1094 1031 1159
1097 1095 1032 1160
1098 1096 1033 1161
1099 1097 1034 1162
1100 1098 1035 1163
1101 1099 1036 1164
1102 1100 1037 1165
1103 1101 1038 1166
1104 1102 1039 1167
1105 1103 1040 1168
1106 1104 1041 1169
1107 1105 1042 1170
1108 1106 1043 1171
1109 1107 1044 1172
1110 1108 1045 1173
1111 1109 1046 1174
1112 1110 1047 1175
1113 1111 1048 1176
1114 1112 1049 1177
1115 1113 1050 1178
1116 1114 1051 1179
1117 1115 1052 1180
1118 1116 1053 1181
1119 1117 1054 1182
1120 1118 1055 1183
1121 1119 1056 1184
1122 1120 1057 1185
1123 1121 1058 1186
1124 1122 1059 1187
1125 1123 1060 1188
1126 1124 1061 1189
1127 1125 1062 1190
1128 1126 1063 1191
1129 1127 1064 1192
1130 1128 1065 1193
1131 1129 1066 1194
1132 1130 1067 1195
1133 1131 1068 1196
1134 1132 1069 1197
1135 1133 1070 1198
1136 1134 1071 1199
1137 1135 1072 1200
1138 1136 1073 1201
1139 1137 1074 1202
1140 1138 1075 1203
1141 1139 1076 1204
1142 1140 1077 1205
1143 1141 1078 1206
1144 1142 1079 1207
1145 1143 1080 1208
1146 1144 1081 1209
1147 1145 1082 1210
1148 1146 1083 1211
1149 1147 1084 1212
1150 1148 1085 1213
1151 1149 1086 1214
1088 1150 1087 1215
1153 1215 1088 1216
1154 1152 1089 1217
1155 1153 1090 1218
1156 1154 1091 1219
1157 1155 1092 1220
1158 1156 1093 1221
1159 1157 1094 1222
1160 1158 1095 1223
1161 1159 1096 1224
1162 1160 1097 1225
1163 1161 1098 1226
1164 1162 1099 1227
1165 1163 1100 1228
1166 1164 1101 1229
1167 1165 1102 1230
1168 1166 1103 1231
1169 1167 1104 1232
1170 1168 1105 1233
1171 1169 1106 1234
1172 1170 1107 1235
1173 1171 1108 1236
1174 1172 1109 1237
1175 1173 1110 1238
1176 1174 1111 1239
1177 1175 1112 1240
1178 1176 1113 1241
1179 1177 1114 1242
1180 1178 1115 1243
1181 1179 1116 1244
1182 1180 1117 1245
1183 1181 1118 1246
1184 1182 1119 1247
1185 1183 1120 1248
1186 1184 1121 1249
1187 1185 1122 1250
1188 1186 1123 1251
1189 1187 1124 1252
1190 1188 1125 1253
1191 1189 1126 1254
1192 1190 1127 1255
1193 1191 1128 1256
1194 1192 1129 1257
1195 1193 1130 1258
1196 1194 1131 1259
1197 1195 1132 1260
1198 1196 1133 1261
1199 1197 1134 1262
1200 1198 1135 1263
1201 1199 1136 1264
1202 1200 1137 1265
1203 1201 1138 1266
1204 1202 1139 1267
1205 1203 1140 1268
1206 1204 1141 1269
1207 1205 1142 1270
1208 1206 1143 1271
1209 1207 1144 1272
1210 1208 1145 1273
1211 1209 1146 1274
1212 1210 1147 1275
1213 1211 1148 1276
1214 1212 1149 1277
1215 1213 1150 1278
1152 1214 1151 1279
1217 1279 1152 1280
1218 1216 1153 1281
1219 1217 1154 1282
1220 1218 1155 1283
1221 1219 1156 1284
1222 1220 1157 1285
1223 1221 1158 1286
1224 1222 1159 1287
1225 1223 1160 1288
1226 1224 1161 1289
1227 1225 1162 1290
1228 1226 1163 1291
1229 1227 1164 1292
1230 1228 1165 1293
1231 1229 1166 1294
1232 1230 1167 1295
1233 1231 1168 1296
1234 1232 1169 1297
1235 1233 1170 1298
1236 1234 1171 1299
1237 1235 1172 1300
1238 1236 1173 1301
1239 1237 1174 1302
1240 1238 1175 1303
1241 1239 1176 1304
1242 1240 1177 1305
1243 1241 1178 1306
1244 1242 1179 1307
1245 1243 1180 1308
1246 1244 1181 1309
1247 1245 1182 1310
1248 1246 1183 1311
1249 1247 1184 1312
1250 1248 1185 1313
1251 1249 1186 1314
1252 1250 1187 1315
1253 1251 1188 1316
1254 1252 1189 1317
1255 1253 1190 1318
1256 1254 1191 1319
1257 1255 1192 1320
1258 1256 1193 1321
1259 1257 1194 1322
1260 1258 1195 1323
1261 1259 1196 1324
1262 1260 1197 1325
1263 1261 1198 1326
1264 1262 1199 1327
1265 1263 1200 1328
1266 1264 1201 1329
1267 1265 1202 1330
1268 1266 1203 1331
1269 1267 1204 1332
1270 1268 1205 1333
1271 1269 1206 1334
1272 1270 1207 1335
1273 1271 1208 1336
1274 1272 1209 1337
1275 1273 1210 1338
1276 1274 1211 1339
1277 1275 1212 1340
1278 1276 1213 1341
1279 1277 1214 1342
1216 1278 1215 1343
1281 1343 1216 1344
1282 1280 1217 1345
1283 1281 1218 1346
1284 1282 1219 1347
1285 1283 1220 1348
1286 1284 1221 1349
1287 1285 1222 1350
1288 1286 1223 1351
1289 1287 1224 1352
1290 1288 1225 1353
1291 1289 1226 1354
1292 1290 1227 1355
1293 1291 1228 1356
1294 1292 1229 1357
1295 1293 1230 1358
1296 1294 1231 1359
1297 1295 1232 1360
1298 1296 1233 1361
1299 1297 1234 1362
1300 1298 1235 1363
1301 1299 1236 1364
1302 1300 1237 1365
1303 1301 1238 1366
1304 1302 1239 1367
1305 1303 1240 1368
1306 1304 1241 1369
1307 1305 1242 1370
1308 1306 1243 1371
1309 1307 1244 1372
1310 1308 1245 1373
1311 1309 1246 1374
1312 1310 1247 1375
1313 1311 1248 1376
1314 1312 1249 1377
1315 1313 1250 1378
1316 1314 1251 1379
1317 1315 1252 1380
1318 1316 1253 1381
1319 1317 1254 1382
1320 1318 1255 1383
1321 1319 1256 1384
1322 1320 1257 1385
1323 1321 1258 1386
1324 1322 1259 1387
1325 1323 1260 1388
1326 1324 1261 1389
1327 1325 1262 1390
1328 1326 1263 1391
1329 1327 1264 1392
1330 1328 1265 1393
1331 1329 1266 1394
1332 1330 1267 1395
1333 1331 1268 1396
1334 1332 1269 1397
1335 1333 1270 1398
1336 1334 1271 1399
1337 1335 1272 1400
1338 1336 1273 1401
1339 1337 1274 1402
1340 1338 1275 1403
1341 1339 1276 1404
1342 1340 1277 1405
1343 1341 1278 1406
1280 1342 1279 1407
1345 1407 1280 1408
1346 1344 1281 1409
1347 1345 1282 1410
1348 1346 1283 1411
1349 1347 1284 1412
1350 1348 1285 1413
1351 1349 1286 1414
1352 1350 1287 1415
1353 1351 1288 1416
1354 1352 1289 1417
1355 1353 1290 1418
1356 1354 1291 1419
1357 1355 1292 1420
1358 1356 1293 1421
1359 1357 1294 1422
1360 1358 1295 1423
1361 1359 1296 1424
1362 1360 1297 1425
1363 1361 1298 1426
1364 1362 1299 1427
1365 1363 1300 1428
1366 1364 1301 1429
1367 1365 1302 1430
1368 1366 1303 1431
1369 1367 1304 1432
1370 1368 1305 1433
1371 1369 1306 1434
1372 1370 1307 1435
1373 1371 1308 1436
1374 1372 1309 1437
1375 1373 1310 1438
1376 1374 1311 1439
1377 1375 1312 1440
1378 1376 1313 1441
1379 1377 1314 1442
1380 1378 1315 1443
1381 1379 1316 1444
1382 1380 1317 1445
1383 1381 1318 1446
1384 1382 1319 1447
1385 1383 1320 1448
1386 1384 1321 1449
1387 1385 1322 1450
1388 1386 1323 1451
1389 1387 1324 1452
1390 1388 1325 1453
1391 1389 1326 1454
1392 1390 1327 1455
1393 1391 1328 1456
1394 1392 1329 1457
1395 1393 1330 1458
1396 1394 1331 1459
1397 1395 1332 1460
1398 1396 1333 1461
1399 1397 1334 1462
1400 1398 1335 1463
1401 1399 1336 1464
1402 1400 1337 1465
1403 1401 1338 1466
1404 1402 1339 1467
1405 1403 1340 1468
1406 1404 1341 1469
1407 1405 1342 1470
1344 1406 1343 1471
1409 1471 1344 1472
1410 1408 1345 1473
1411 1409 1346 1474
1412 1410 1347 1475
1413 1411 1348 1476
1414 1412 1349 1477
1415 1413 1350 1478
1416 1414 1351 1479
1417 1415 1352 1480
1418 1416 1353 1481
1419 1417 1354 1482
1420 1418 1355 1483
1421 1419 1356 1484
1422 1420 1357 1485
1423 1421 1358 1486
1424 1422 1359 1487
1425 1423 1360 1488
1426 1424 1361 1489
1427 1425 1362 1490
1428 1426 1363 1491
1429 1427 1364 1492
1430 1428 1365 1493
1431 1429 1366 1494
1432 1430 1367 1495
1433 1431 1368 1496
1434 1432 1369 1497
1435 1433 1370 1498
1436 1434 1371 1499
1437 1435 1372 1500
1438 1436 1373 1501
1439 1437 1374 1502
1440 1438 1375 1503
1441 1439 1376 1504
1442 1440 1377 1505
1443 1441 1378 1506
1444 1442 1379 1507
1445 1443 1380 1508
1446 1444 1381 1509
1447 1445 1382 1510
1448 1446 1383 1511
1449 1447 1384 1512
1450 1448 1385 1513
1451 1449 1386 1514
1452 1450 1387 1515
1453 1451 1388 1516
1454 1452 1389 1517
1455 1453 1390 1518
1456 1454 1391 1519
1457 1455 1392 1520
1458 1456 1393 1521
1459 1457 1394 1522
1460 1458 1395 1523
1461 1459 1396 1524
1462 1460 1397 1525
1463 1461 1398 1526
1464 1462 1399 1527
1465 1463 1400 1528
1466 1464 1401 1529
1467 1465 1402 1530
1468 1466 1403 1531
1469 1467 1404 1532
1470 1468 1405 1533
1471 1469 1406 1534
1408 1470 1407 1535
1473 1535 1408 1536
1474 1472 1409 1537
1475 1473 1410 1538
1476 1474 1411 1539
1477 1475 1412 1540
1478 1476 1413 1541
1479 1477 1414 1542
1480 1478 1415 1543
1481 1479 1416 1544
1482 1480 1417 1545
1483 1481 1418 1546
1484 1482 1419 1547
1485 1483 1420 1548
1486 1484 1421 1549
1487 1485 1422 1550
1488 1486 1423 1551
1489 1487 1424 1552
1490 1488 1425 1553
1491 1489 1426 1554
1492 1490 1427 1555
1493 1491 1428 1556
1494 1492 1429 1557
1495 1493 1430 1558
1496 1494 1431 1559
1497 1495 1432 1560
1498 1496 1433 1561
1499 1497 1434 1562
1500 1498 1435 1563
1501 1499 1436 1564
1502 1500 1437 1565
1503 1501 1438 1566
1504 1502 1439 1567
1505 1503 1440 1568
1506 1504 1441 1569
1507 1505 1442 1570
1508 1506 1443 1571
1509 1507 1444 1572
1510 1508 1445 1573
1511 1509 1446 1574
1512 1510 1447 1575
1513 1511 1448 1576
1514 1512 1449 1577
1515 1513 1450 1578
1516 1514 1451 1579
1517 1515 1452 1580
1518 1516 1453 1581
1519 1517 1454 1582
1520 1518 1455 1583
1521 1519 1456 1584
1522 1520 1457 1585
1523 1521 1458 1586
1524 1522 1459 1587
1525 1523 1460 1588
1526 1524 1461 1589
1527 1525 1462 1590
1528 1526 1463 1591
1529 1527 1464 1592
1530 1528 1465 1593
1531 1529 1466 1594
1532 1530 1467 1595
1533 1531 1468 1596
1534 1532 1469 1597
1535 1533 1470 1598
1472 1534 1471 1599
1537 1599 1472 1600
1538 1536 1473 1601
1539 1537 1474 1602
1540 1538 1475 1603
1541 1539 1476 1604
1542 1540 1477 1605
1543 1541 1478 1606
1544 1542 1479 1607
1545 1543 1480 1608
1546 1544 1481 1609
1547 1545 1482 1610
1548 1546 1483 1611
1549 1547 1484 1612
1550 1548 1485 1613
1551 1549 1486 1614
1552 1550 1487 1615
1553 1551 1488 1616
1554 1552 1489 1617
1555 1553 1490 1618
1556 1554 1491 1619
1557 1555 1492 1620
1558 1556 1493 1621
1559 1557 1494 1622
1560 1558 1495 1623
1561 1559 1496 1624
1562 1560 1497 1625
1563 1561 1498 1626
1564 1562 1499 1627
1565 1563 1500 1628
1566 1564 1501 1629
1567 1565 1502 1630
1568 1566 1503 1631
1569 1567 1504 1632
1570 1568 1505 1633
1571 1569 1506 1634
1572 1570 1507 1635
1573 1571 1508 1636
1574 1572 1509 1637
1575 1573 1510 1638
1576 1574 1511 1639
1577 1575 1512 1640
1578 1576 1513 1641
1579 1577 1514 1642
1580 1578 1515 1643
1581 1579 1516 1644
1582 1580 1517 1645
1583 1581 1518 1646
1584 1582 1519 1647
1585 1583 1520 1648
1586 1584 1521 1649
1587 1585 1522 1650
1588 1586 1523 1651
1589 1587 1524 1652
1590 1588 1525 1653
1591 1589 1526 1654
1592 1590 1527 1655
1593 1591 1528 1656
1594 1592 1529 1657
1595 1593 1530 1658
1596 1594 1531 1659
1597 1595 1532 1660
1598 1596 1533 1661
1599 1597 1534 1662
1536 1598 1535 1663
1601 1663 1536 1664
1602 1600 1537 1665
1603 1601 1538 1666
1604 1602 1539 1667
1605 1603 1540 1668
1606 1604 1541 1669
1607 1605 1542 1670
1608 1606 1543 1671
1609 1607 1544 1672
1610 1608 1545 1673
1611 1609 1546 1674
1612 1610 1547 1675
1613 1611 1548 1676
1614 1612 1549 1677
1615 1613 1550 1678
1616 1614 1551 1679
1617 1615 1552 1680
1618 1616 1553 1681
1619 1617 1554 1682
1620 1618 1555 1683
1621 1619 1556 1684
1622 1620 1557 1685
1623 1621 1558 1686
1624 1622 1559 1687
1625 1623 1560 1688
1626 1624 1561 1689
1627 1625 1562 1690
1628 1626 1563 1691
1629 1627 1564 1692
1630 1628 1565 1693
1631 1629 1566 1694
1632 1630 1567 1695
1633 1631 1568 1696
1634 1632 1569 1697
1635 1633 1570 1698
1636 1634 1571 1699
1637 1635 1572 1700
1638 1636 1573 1701
1639 1637 1574 1702
1640 1638 1575 1703
1641 1639 1576 1704
1642 1640 1577 1705
1643 1641 1578 1706
1644 1642 1579 1707
1645 1643 1580 1708
1646 1644 1581 1709
1647 1645 1582 1710
1648 1646 1583 1711
1649 1647 1584 1712
1650 1648 1585 1713
1651 1649 1586 1714
1652 1650 1587 1715
1653 1651 1588 1716
1654 1652 1589 1717
1655 1653 1590 1718
1656 1654 1591 1719
1657 1655 1592 1720
1658 1656 1593 1721
1659 1657 1594 1722
1660 1658 1595 1723
1661 1659 1596 1724
1662 1660 1597 1725
1663 1661 1598 1726
1600 1662 1599 1727
1665 1727 1600 1728
1666 1664 1601 1729
1667 1665 1602 1730
1668 1666 1603 1731
1669 1667 1604 1732
1670 1668 1605 1733
1671 1669 1606 1734
1672 1670 1607 1735
1673 1671 1608 1736
1674 1672 1609 1737
1675 1673 1610 1738
1676 1674 1611 1739
1677 1675 1612 1740
1678 1676 1613 1741
1679 1677 1614 1742
1680 1678 1615 1743
1681 1679 1616 1744
1682 1680 1617 1745
1683 1681 1618 1746
1684 1682 1619 1747
1685 1683 1620 1748
1686 1684 1621 1749
1687 1685 1622 1750
1688 1686 1623 1751
1689 1687 1624 1752
1690 1688 1625 1753
1691 1689 1626 1754
1692 1690 1627 1755
1693 1691 1628 1756
1694 1692 1629 1757
1695 1693 1630 1758
1696 1694 1631 1759
1697 1695 1632 1760
1698 1696 1633 1761
1699 1697 1634 1762
1700 1698 1635 1763
1701 1699 1636 1764
1702 1700 1637 1765
1703 1701 1638 1766
1704 1702 1639 1767
1705 1703 1640 1768
1706 1704 1641 1769
1707 1705 1642 1770
1708 1706 1643 1771
1709 1707 1644 1772
1710 1708 1645 1773
1711 1709 1646 1774
1712 1710 1647 1775
1713 1711 1648 1776
1714 1712 1649 1777
1715 1713 1650 1778
1716 1714 1651 1779
1717 1715 1652 1780
1718 1716 1653 1781
1719 1717 1654 1782
1720 1718 1655 1783
1721 1719 1656 1784
1722 1720 1657 1785
1723 1721 1658 1786
1724 1722 1659 1787
1725 1723 1660 1788
1726 1724 1661 1789
1727 1725 1662 1790
1664 1726 1663 1791
1729 1791 1664 1792
1730 1728 1665 1793
1731 1729 1666 1794
1732 1730 1667 1795
1733 1731 1668 1796
1734 1732 1669 1797
1735 1733 1670 1798
1736 1734 1671 1799
1737 1735 1672 1800
1738 1736 1673 1801
1739 1737 1674 1802
1740 1738 1675 1803
1741 1739 1676 1804
1742 1740 1677 1805
1743 1741 1678 1806
1744 1742 1679 1807
1745 1743 1680 1808
1746 1744 1681 1809
1747 1745 1682 1810
1748 1746 1683 1811
1749 1747 1684 1812
1750 1748 1685 1813
1751 1749 1686 1814
1752 1750 1687 1815
1753 1751 1688 1816
1754 1752 1689 1817
1755 1753 1690 1818
1756 1754 1691 1819
1757 1755 1692 1820
1758 1756 1693 1821
1759 1757 1694 1822
1760 1758 1695 1823
1761 1759 1696 1824
1762 1760 1697 1825
1763 1761 1698 1826
1764 1762 1699 1827
1765 1763 1700 1828
1766 1764 1701 1829
1767 1765 1702 1830
1768 1766 1703 1831
1769 1767 1704 1832
1770 1768 1705 1833
1771 1769 1706 1834
1772 1770 1707 1835
1773 1771 1708 1836
1774 1772 1709 1837
1775 1773 1710 1838
1776 1774 1711 1839
1777 1775 1712 1840
1778 1776 1713 1841
1779 1777 1714 1842
1780 1778 1715 1843
1781 1779 1716 1844
1782 1780 1717 1845
1783 1781 1718 1846
1784 1782 1719 1847
1785 1783 1720 1848
1786 1784 1721 1849
1787 1785 1722 1850
1788 1786 1723 1851
1789 1787 1724 1852
1790 1788 1725 1853
1791 1789 1726 1854
1728 1790 1727 1855
1793 1855 1728 1856
1794 1792 1729 1857
1795 1793 1730 1858
1796 1794 1731 1859
1797 1795 1732 1860
1798 1796 1733 1861
1799 1797 1734 1862
1800 1798 1735 1863
1801 1799 1736 1864
1802 1800 1737 1865
1803 1801 1738 1866
1804 1802 1739 1867
1805 1803 1740 1868
1806 1804 1741 1869
1807 1805 1742 1870
1808 1806 1743 1871
1809 1807 1744 1872
1810 1808 1745 1873
1811 1809 1746 1874
1812 1810 1747 1875
1813 1811 1748 1876
1814 1812 1749 1877
1815 1813 1750 1878
1816 1814 1751 1879
1817 1815 1752 1880
1818 1816 1753 1881
1819 1817 1754 1882
1820 1818 1755 1883
1821 1819 1756 1884
1822 1820 1757 1885
1823 1821 1758 1886
1824 1822 1759 1887
1825 1823 1760 1888
1826 1824 1761 1889
1827 1825 1762 1890
1828 1826 1763 1891
1829 1827 1764 1892
1830 1828 1765 1893
1831 1829 1766 1894
1832 1830 1767 1895
1833 1831 1768 1896
1834 1832 1769 1897
1835 1833 1770 1898
1836 1834 1771 1899
1837 1835 1772 1900
1838 1836 1773 1901
1839 1837 1774 1902
1840 1838 1775 1903
1841 1839 1776 1904
1842 1840 1777 1905
1843 1841 1778 1906
1844 1842 1779 1907
1845 1843 1780 1908
1846 1844 1781 1909
1847 1845 1782 1910
1848 1846 1783 1911
1849 1847 1784 1912
1850 1848 1785 1913
1851 1849 1786 1914
1852 1850 1787 1915
1853 1851 1788 1916
1854 1852 1789 1917
1855 1853 1790 1918
1792 1854 1791 1919
1857 1919 1792 1920
1858 1856 1793 1921
1859 1857 1794 1922
1860 1858 1795 1923
1861 1859 1796 1924
1862 1860 1797 1925
1863 1861 1798 1926
1864 1862 1799 1927
1865 1863 1800 1928
1866 1864 1801 1929
1867 1865 1802 1930
1868 1866 1803 1931
1869 1867 1804 1932
1870 1868 1805 1933
1871 1869 1806 1934
1872 1870 1807 1935
1873 1871 1808 1936
1874 1872 1809 1937
1875 1873 1810 1938
1876 1874 1811 1939
1877 1875 1812 1940
1878 1876 1813 1941
1879 1877 1814 1942
1880 1878 1815 1943
1881 1879 1816 1944
1882 1880 1817 1945
1883 1881 1818 1946
1884 1882 1819 1947
1885 1883 1820 1948
1886 1884 1821 1949
1887 1885 1822 1950
1888 1886 1823 1951
1889 1887 1824 1952
1890 1888 1825 1953
1891 1889 1826 1954
1892 1890 1827 1955
1893 1891 1828 1956
1894 1892 1829 1957
1895 1893 1830 1958
1896 1894 1831 1959
1897 1895 1832 1960
1898 1896 1833 1961
1899 1897 1834 1962
1900 1898 1835 1963
1901 1899 1836 1964
1902 1900 1837 1965
1903 1901 1838 1966
1904 1902 1839 1967
1905 1903 1840 1968
1906 1904 1841 1969
1907 1905 1842 1970
1908 1906 1843 1971
1909 1907 1844 1972
1910 1908 1845 1973
1911 1909 1846 1974
1912 1910 1847 1975
1913 1911 1848 1976
1914 1912 1849 1977
1915 1913 1850 1978
1916 1914 1851 1979
1917 1915 1852 1980
1918 1916 1853 1981
1919 1917 1854 1982
1856 1918 1855 1983
1921 1983 1856 1984
1922 1920 1857 1985
1923 1921 1858 1986
1924 1922 1859 1987
1925 1923 1860 1988
1926 1924 1861 1989
1927 1925 1862 1990
1928 1926 1863 1991
1929 1927 1864 1992
1930 1928 1865 1993
1931 1929 1866 1994
1932 1930 1867 1995
1933 1931 1868 1996
1934 1932 1869 1997
1935 1933 1870 1998
1936 1934 1871 1999
1937 1935 1872 2000
1938 1936 1873 2001
1939 1937 1874 2002
1940 1938 1875 2003
1941 1939 1876 2004
1942 1940 1877 2005
1943 1941 1878 2006
1944 1942 1879 2007
1945 1943 1880 2008
1946 1944 1881 2009
1947 1945 1882 2010
1948 1946 1883 2011
1949 1947 1884 2012
1950 1948 1885 2013
1951 1949 1886 2014
1952 1950 1887 2015
1953 1951 1888 2016
1954 1952 1889 2017
1955 1953 1890 2018
1956 1954 1891 2019
1957 1955 1892 2020
1958 1956 1893 2021
1959 1957 1894 2022
1960 1958 1895 2023
1961 1959 1896 2024
1962 1960 1897 2025
1963 1961 1898 2026
1964 1962 1899 2027
1965 1963 1900 2028
1966 1964 1901 2029
1967 1965 1902 2030
1968 1966 1903 2031
1969 1967 1904 2032
1970 1968 1905 2033
1971 1969 1906 2034
1972 1970 1907 2035
1973 1971 1908 2036
1974 1972 1909 2037
1975 1973 1910 2038
1976 1974 1911 2039
1977 1975 1912 2040
1978 1976 1913 2041
1979 1977 1914 2042
1980 1978 1915 2043
1981 1979 1916 2044
1982 1980 1917 2045
1983 1981 1918 2046
1920 1982 1919 2047
1985 2047 1920 2048
1986 1984 1921 2049
1987 1985 1922 2050
1988 1986 1923 2051
1989 1987 1924 2052
1990 1988 1925 2053
1991 1989 1926 2054
1992 1990 1927 2055
1993 1991 1928 2056
1994 1992 1929 2057
1995 1993 1930 2058
1996 1994 1931 2059
1997 1995 1932 2060
1998 1996 1933 2061
1999 1997 1934 2062
2000 1998 1935 2063
2001 1999 1936 2064
2002 2000 1937 2065
2003 2001 1938 2066
2004 2002 1939 2067
2005 2003 1940 2068
2006 2004 1941 2069
2007 2005 1942 2070
2008 2006 1943 2071
2009 2007 1944 2072
2010 2008 1945 2073
2011 2009 1946 2074
2012 2010 1947 2075
2013 2011 1948 2076
2014 2012 1949 2077
2015 2013 1950 2078
2016 2014 1951 2079
2017 2015 1952 2080
2018 2016 1953 2081
2019 2017 1954 2082
2020 2018 1955 2083
2021 2019 1956 2084
2022 2020 1957 2085
2023 2021 1958 2086
2024 2022 1959 2087
2025 2023 1960 2088
2026 2024 1961 2089
2027 2025 1962 2090
2028 2026 1963 2091
2029 2027 1964 2092
2030 2028 1965 2093
2031 2029 1966 2094
2032 2030 1967 2095
2033 2031 1968 2096
2034 2032 1969 2097
2035 2033 1970 2098
2036 2034 1971 2099
2037 2035 1972 2100
2038 2036 1973 2101
2039 2037 1974 2102
2040 2038 1975 2103
2041 2039 1976 2104
2042 2040 1977 2105
2043 2041 1978 2106
2044 2042 1979 2107
2045 2043 1980 2108
2046 2044 1981 2109
2047 2045 1982 2110
1984 2046 1983 2111
2049 2111 1984 2112
2050 2048 1985 2113
2051 2049 1986 2114
2052 2050 1987 2115
2053 2051 1988 2116
2054 2052 1989 2117
2055 2053 1990 2118
2056 2054 1991 2119
2057 2055 1992 2120
2058 2056 1993 2121
2059 2057 1994 2122
2060 2058 1995 2123
2061 2059 1996 2124
2062 2060 1997 2125
2063 2061 1998 2126
2064 2062 1999 2127
2065 2063 2000 2128
2066 2064 2001 2129
2067 2065 2002 2130
2068 2066 2003 2131
2069 2067 2004 2132
2070 2068 2005 2133
2071 2069 2006 2134
2072 2070 2007 2135
2073 2071 2008 2136
2074 2072 2009 2137
2075 2073 2010 2138
2076 2074 2011 2139
2077 2075 2012 2140
2078 2076 2013 2141
2079 2077 2014 2142
2080 2078 2015 2143
2081 2079 2016 2144
2082 2080 2017 2145
2083 2081 2018 2146
2084 2082 2019 2147
2085 2083 2020 2148
2086 2084 2021 2149
2087 2085 2022 2150
2088 2086 2023 2151
2089 2087 2024 2152
2090 2088 2025 2153
2091 2089 2026 2154
2092 2090 2027 2155
2093 2091 2028 2156
2094 2092 2029 2157
2095 2093 2030 2158
2096 2094 2031 2159
2097 2095 2032 2160
2098 2096 2033 2161
2099 2097 2034 2162
2100 2098 2035 2163
2101 2099 2036 2164
2102 2100 2037 2165
2103 2101 2038 2166
2104 2102 2039 2167
2105 2103 2040 2168
2106 2104 2041 2169
2107 2105 2042 2170
2108 2106 2043 2171
2109 2107 2044 2172
2110 2108 2045 2173
2111 2109 2046 2174
2048 2110 2047 2175
2113 2175 2048 2176
2114 2112 2049 2177
2115 2113 2050 2178
2116 2114 2051 2179
2117 2115 2052 2180
2118 2116 2053 2181
2119 2117 2054 2182
2120 2118 2055 2183
2121 2119 2056 2184
2122 2120 2057 2185
2123 2121 2058 2186
2124 2122 2059 2187
2125 2123 2060 2188
2126 2124 2061 2189
2127 2125 2062 2190
2128 2126 2063 2191
2129 2127 2064 2192
2130 2128 2065 2193
2131 2129 2066 2194
2132 2130 2067 2195
2133 2131 2068 2196
2134 2132 2069 2197
2135 2133 2070 2198
2136 2134 2071 2199
2137 2135 2072 2200
2138 2136 2073 2201
2139 2137 2074 2202
2140 2138 2075 2203
2141 2139 2076 2204
2142 2140 2077 2205
2143 2141 2078 2206
2144 2142 2079 2207
2145 2143 2080 2208
2146 2144 2081 2209
2147 2145 2082 2210
2148 2146 2083 2211
2149 2147 2084 2212
2150 2148 2085 2213
2151 2149 2086 2214
2152 2150 2087 2215
2153 2151 2088 2216
2154 2152 2089 2217
2155 2153 2090 2218
2156 2154 2091 2219
2157 2155 2092 2220
2158 2156 2093 2221
2159 2157 2094 2222
2160 2158 2095 2223
2161 2159 2096 2224
2162 2160 2097 2225
2163 2161 2098 2226
2164 2162 2099 2227
2165 2163 2100 2228
2166 2164 2101 2229
2167 2165 2102 2230
2168 2166 2103 2231
2169 2167 2104 2232
2170 2168 2105 2233
2171 2169 2106 2234
2172 2170 2107 2235
2173 2171 2108 2236
2174 2172 2109 2237
2175 2173 2110 2238
2112 2174 2111 2239
2177 2239 2112 2240
2178 2176 2113 2241
2179 2177 2114 2242
2180 2178 2115 2243
2181 2179 2116 2244
2182 2180 2117 2245
2183 2181 2118 2246
2184 2182 2119 2247
2185 2183 2120 2248
2186 2184 2121 2249
2187 2185 2122 2250
2188 2186 2123 2251
2189 2187 2124 2252
2190 2188 2125 2253
2191 2189 2126 2254
2192 2190 2127 2255
2193 2191 2128 2256
2194 2192 2129 2257
2195 2193 2130 2258
2196 2194 2131 2259
2197 2195 2132 2260
2198 2196 2133 2261
2199 2197 2134 2262
2200 2198 2135 2263
2201 2199 2136 2264
2202 2200 2137 2265
2203 2201 2138 2266
2204 2202 2139 2267
2205 2203 2140 2268
2206 2204 2141 2269
2207 2205 2142 2270
2208 2206 2143 2271
2209 2207 2144 2272
2210 2208 2145 2273
2211 2209 2146 2274
2212 2210 2147 2275
2213 2211 2148 2276
2214 2212 2149 2277
2215 2213 2150 2278
2216 2214 2151 2279
2217 2215 2152 2280
2218 2216 2153 2281
2219 2217 2154 2282
2220 2218 2155 2283
2221 2219 2156 2284
2222 2220 2157 2285
2223 2221 2158 2286
2224 2222 2159 2287
2225 2223 2160 2288
2226 2224 2161 2289
2227 2225 2162 2290
2228 2226 2163 2291
2229 2227 2164 2292
2230 2228 2165 2293
2231 2229 2166 2294
2232 2230 2167 2295
2233 2231 2168 2296
2234 2232 2169 2297
2235 2233 2170 2298
2236 2234 2171 2299
2237 2235 2172 2300
2238 2236 2173 2301
2239 2237 2174 2302
2176 2238 2175 2303
2241 2303 2176 2304
2242 2240 2177 2305
2243 2241 2178 2306
2244 2242 2179 2307
2245 2243 2180 2308
2246 2244 2181 2309
2247 2245 2182 2310
2248 2246 2183 2311
2249 2247 2184 2312
2250 2248 2185 2313
2251 2249 2186 2314
2252 2250 2187 2315
2253 2251 2188 2316
2254 2252 2189 2317
2255 2253 2190 2318
2256 2254 2191 2319
2257 2255 2192 2320
2258 2256 2193 2321
2259 2257 2194 2322
2260 2258 2195 2323
2261 2259 2196 2324
2262 2260 2197 2325
2263 2261 2198 2326
2264 2262 2199 2327
2265 2263 2200 2328
2266 2264 2201 2329
2267 2265 2202 2330
2268 2266 2203 2331
2269 2267 2204 2332
2270 2268 2205 2333
2271 2269 2206 2334
2272 2270 2207 2335
2273 2271 2208 2336
2274 2272 2209 2337
2275 2273 2210 2338
2276 2274 2211 2339
2277 2275 2212 2340
2278 2276 2213 2341
2279 2277 2214 2342
2280 2278 2215 2343
2281 2279 2216 2344
2282 2280 2217 2345
2283 2281 2218 2346
2284 2282 2219 2347
2285 2283 2220 2348
2286 2284 2221 2349
2287 2285 2222 2350
2288 2286 2223 2351
2289 2287 2224 2352
2290 2288 2225 2353
2291 2289 2226 2354
2292 2290 2227 2355
2293 2291 2228 2356
2294 2292 2229 2357
2295 2293 2230 2358
2296 2294 2231 2359
2297 2295 2232 2360
2298 2296 2233 2361
2299 2297 2234 2362
2300 2298 2235 2363
2301 2299 2236 2364
2302 2300 2237 2365
2303 2301 2238 2366
2240 2302 2239 2367
2305 2367 2240 2368
2306 2304 2241 2369
2307 2305 2242 2370
2308 2306 2243 2371
2309 2307 2244 2372
2310 2308 2245 2373
2311 2309 2246 2374
2312 2310 2247 2375
2313 2311 2248 2376
2314 2312 2249 2377
2315 2313 2250 2378
2316 2314 2251 2379
2317 2315 2252 2380
2318 2316 2253 2381
2319 2317 2254 2382
2320 2318 2255 2383
2321 2319 2256 2384
2322 2320 2257 2385
2323 2321 2258 2386
2324 2322 2259 2387
2325 2323 2260 2388
2326 2324 2261 2389
2327 2325 2262 2390
2328 2326 2263 2391
2329 2327 2264 2392
2330 2328 2265 2393
2331 2329 2266 2394
2332 2330 2267 2395
2333 2331 2268 2396
2334 2332 2269 2397
2335 2333 2270 2398
2336 2334 2271 2399
2337 2335 2272 2400
2338 2336 2273 2401
2339 2337 2274 2402
2340 2338 2275 2403
2341 2339 2276 2404
2342 2340 2277 2405
2343 2341 2278 2406
2344 2342 2279 2407
2345 2343 2280 2408
2346 2344 2281 2409
2347 2345 2282 2410
2348 2346 2283 2411
2349 2347 2284 2412
2350 2348 2285 2413
2351 2349 2286 2414
2352 2350 2287 2415
2353 2351 2288 2416
2354 2352 2289 2417
2355 2353 2290 2418
2356 2354 2291 2419
2357 2355 2292 2420
2358 2356 2293 2421
2359 2357 2294 2422
2360 2358 2295 2423
2361 2359 2296 2424
2362 2360 2297 2425
2363 2361 2298 2426
2364 2362 2299 2427
2365 2363 2300 2428
2366 2364 2301 2429
2367 2365 2302 2430
2304 2366 2303 2431
2369 2431 2304 2432
2370 2368 2305 2433
2371 2369 2306 2434
2372 2370 2307 2435
2373 2371 2308 2436
2374 2372 2309 2437
2375 2373 2310 2438
2376 2374 2311 2439
2377 2375 2312 2440
2378 2376 2313 2441
2379 2377 2314 2442
2380 2378 2315 2443
2381 2379 2316 2444
2382 2380 2317 2445
2383 2381 2318 2446
2384 2382 2319 2447
2385 2383 2320 2448
2386 2384 2321 2449
2387 2385 2322 2450
2388 2386 2323 2451
2389 2387 2324 2452
2390 2388 2325 2453
2391 2389 2326 2454
2392 2390 2327 2455
2393 2391 2328 2456
2394 2392 2329 2457
2395 2393 2330 2458
2396 2394 2331 2459
2397 2395 2332 2460
2398 2396 2333 2461
2399 2397 2334 2462
2400 2398 2335 2463
2401 2399 2336 2464
2402 2400 2337 2465
2403 2401 2338 2466
2404 2402 2339 2467
2405 2403 2340 2468
2406 2404 2341 2469
2407 2405 2342 2470
2408 2406 2343 2471
2409 2407 2344 2472
2410 2408 2345 2473
2411 2409 2346 2474
2412 2410 2347 2475
2413 2411 2348 2476
2414 2412 2349 2477
2415 2413 2350 2478
2416 2414 2351 2479
2417 2415 2352 2480
2418 2416 2353 2481
2419 2417 2354 2482
2420 2418 2355 2483
2421 2419 2356 2484
2422 2420 2357 2485
2423 2421 2358 2486
2424 2422 2359 2487
2425 2423 2360 2488
2426 2424 2361 2489
2427 2425 2362 2490
2428 2426 2363 2491
2429 2427 2364 2492
2430 2428 2365 2493
2431 2429 2366 2494
2368 2430 2367 2495
2433 2495 2368 2496
2434 2432 2369 2497
2435 2433 2370 2498
2436 2434 2371 2499
2437 2435 2372 2500
2438 2436 2373 2501
2439 2437 2374 2502
2440 2438 2375 2503
2441 2439 2376 2504
2442 2440 2377 2505
2443 2441 2378 2506
2444 2442 2379 2507
2445 2443 2380 2508
2446 2444 2381 2509
2447 2445 2382 2510
2448 2446 2383 2511
2449 2447 2384 2512
2450 2448 2385 2513
2451 2449 2386 2514
2452 2450 2387 2515
2453 2451 2388 2516
2454 2452 2389 2517
2455 2453 2390 2518
2456 2454 2391 2519
2457 2455 2392 2520
2458 2456 2393 2521
2459 2457 2394 2522
2460 2458 2395 2523
2461 2459 2396 2524
2462 2460 2397 2525
2463 2461 2398 2526
2464 2462 2399 2527
2465 2463 2400 2528
2466 2464 2401 2529
2467 2465 2402 2530
2468 2466 2403 2531
2469 2467 2404 2532
2470 2468 2405 2533
2471 2469 2406 2534
2472 2470 2407 2535
2473 2471 2408 2536
2474 2472 2409 2537
2475 2473 2410 2538
2476 2474 2411 2539
2477 2475 2412 2540
2478 2476 2413 2541
2479 2477 2414 2542
2480 2478 2415 2543
2481 2479 2416 2544
2482 2480 2417 2545
2483 2481 2418 2546
2484 2482 2419 2547
2485 2483 2420 2548
2486 2484 2421 2549
2487 2485 2422 2550
2488 2486 2423 2551
2489 2487 2424 2552
2490 2488 2425 2553
2491 2489 2426 2554
2492 2490 2427 2555
2493 2491 2428 2556
2494 2492 2429 2557
2495 2493 2430 2558
2432 2494 2431 2559
2497 2559 2432 2560
2498 2496 2433 2561
2499 2497 2434 2562
2500 2498 2435 2563
2501 2499 2436 2564
2502 2500 2437 2565
2503 2501 2438 2566
2504 2502 2439 2567
2505 2503 2440 2568
2506 2504 2441 2569
2507 2505 2442 2570
2508 2506 2443 2571
2509 2507 2444 2572
2510 2508 2445 2573
2511 2509 2446 2574
2512 2510 2447 2575
2513 2511 2448 2576
2514 2512 2449 2577
2515 2513 2450 2578
2516 2514 2451 2579
2517 2515 2452 2580
2518 2516 2453 2581
2519 2517 2454 2582
2520 2518 2455 2583
2521 2519 2456 2584
2522 2520 2457 2585
2523 2521 2458 2586
2524 2522 2459 2587
2525 2523 2460 2588
2526 2524 2461 2589
2527 2525 2462 2590
2528 2526 2463 2591
2529 2527 2464 2592
2530 2528 2465 2593
2531 2529 2466 2594
2532 2530 2467 2595
2533 2531 2468 2596
2534 2532 2469 2597
2535 2533 2470 2598
2536 2534 2471 2599
2537 2535 2472 2600
2538 2536 2473 2601
2539 2537 2474 2602
2540 2538 2475 2603
2541 2539 2476 2604
2542 2540 2477 2605
2543 2541 2478 2606
2544 2542 2479 2607
2545 2543 2480 2608
2546 2544 2481 2609
2547 2545 2482 2610
2548 2546 2483 2611
2549 2547 2484 2612
2550 2548 2485 2613
2551 2549 2486 2614
2552 2550 2487 2615
2553 2551 2488 2616
2554 2552 2489 2617
2555 2553 2490 2618
2556 2554 2491 2619
2557 2555 2492 2620
2558 2556 2493 2621
2559 2557 2494 2622
2496 2558 2495 2623
2561 2623 2496 2624
2562 2560 2497 2625
2563 2561 2498 2626
2564 2562 2499 2627
2565 2563 2500 2628
2566 2564 2501 2629
2567 2565 2502 2630
2568 2566 2503 2631
2569 2567 2504 2632
2570 2568 2505 2633
2571 2569 2506 2634
2572 2570 2507 2635
2573 2571 2508 2636
2574 2572 2509 2637
2575 2573 2510 2638
2576 2574 2511 2639
2577 2575 2512 2640
2578 2576 2513 2641
2579 2577 2514 2642
2580 2578 2515 2643
2581 2579 2516 2644
2582 2580 2517 2645
2583 2581 2518 2646
2584 2582 2519 2647
2585 2583 2520 2648
2586 2584 2521 2649
2587 2585 2522 2650
2588 2586 2523 2651
2589 2587 2524 2652
2590 2588 2525 2653
2591 2589 2526 2654
2592 2590 2527 2655
2593 2591 2528 2656
2594 2592 2529 2657
2595 2593 2530 2658
2596 2594 2531 2659
2597 2595 2532 2660
2598 2596 2533 2661
2599 2597 2534 2662
2600 2598 2535 2663
2601 2599 2536 2664
2602 2600 2537 2665
2603 2601 2538 2666
2604 2602 2539 2667
2605 2603 2540 2668
2606 2604 2541 2669
2607 2605 2542 2670
2608 2606 2543 2671
2609 2607 2544 2672
2610 2608 2545 2673
2611 2609 2546 2674
2612 2610 2547 2675
2613 2611 2548 2676
2614 2612 2549 2677
2615 2613 2550 2678
2616 2614 2551 2679
2617 2615 2552 2680
2618 2616 2553 2681
2619 2617 2554 2682
2620 2618 2555 2683
2621 2619 2556 2684
2622 2620 2557 2685
2623 2621 2558 2686
2560 2622 2559 2687
2625 2687 2560 2688
2626 2624 2561 2689
2627 2625 2562 2690
2628 2626 2563 2691
2629 2627 2564 2692
2630 2628 2565 2693
2631 2629 2566 2694
2632 2630 2567 2695
2633 2631 2568 2696
2634 2632 2569 2697
2635 2633 2570 2698
2636 2634 2571 2699
2637 2635 2572 2700
2638 2636 2573 2701
2639 2637 2574 2702
2640 2638 2575 2703
2641 2639 2576 2704
2642 2640 2577 2705
2643 2641 2578 2706
2644 2642 2579 2707
2645 2643 2580 2708
2646 2644 2581 2709
2647 2645 2582 2710
2648 2646 2583 2711
2649 2647 2584 2712
2650 2648 2585 2713
2651 2649 2586 2714
2652 2650 2587 2715
2653 2651 2588 2716
2654 2652 2589 2717
2655 2653 2590 2718
2656 2654 2591 2719
2657 2655 2592 2720
2658 2656 2593 2721
2659 2657 2594 2722
2660 2658 2595 2723
2661 2659 2596 2724
2662 2660 2597 2725
2663 2661 2598 2726
2664 2662 2599 2727
2665 2663 2600 2728
2666 2664 2601 2729
2667 2665 2602 2730
2668 2666 2603 2731
2669 2667 2604 2732
2670 2668 2605 2733
2671 2669 2606 2734
2672 2670 2607 2735
2673 2671 2608 2736
2674 2672 2609 2737
2675 2673 2610 2738
2676 2674 2611 2739
2677 2675 2612 2740
2678 2676 2613 2741
2679 2677 2614 2742
2680 2678 2615 2743
2681 2679 2616 2744
2682 2680 2617 2745
2683 2681 2618 2746
2684 2682 2619 2747
2685 2683 2620 2748
2686 2684 2621 2749
2687 2685 2622 2750
2624 2686 2623 2751
2689 2751 2624 2752
2690 2688 2625 2753
2691 2689 2626 2754
2692 2690 2627 2755
2693 2691 2628 2756
2694 2692 2629 2757
2695 2693 2630 2758
2696 2694 2631 2759
2697 2695 2632 2760
2698 2696 2633 2761
2699 2697 2634 2762
2700 2698 2635 2763
2701 2699 2636 2764
2702 2700 2637 2765
2703 2701 2638 2766
2704 2702 2639 2767
2705 2703 2640 2768
2706 2704 2641 2769
2707 2705 2642 2770
2708 2706 2643 2771
2709 2707 2644 2772
2710 2708 2645 2773
2711 2709 2646 2774
2712 2710 2647 2775
2713 2711 2648 2776
2714 2712 2649 2777
2715 2713 2650 2778
2716 2714 2651 2779
2717 2715 2652 2780
2718 2716 2653 2781
2719 2717 2654 2782
2720 2718 2655 2783
2721 2719 2656 2784
2722 2720 2657 2785
2723 2721 2658 2786
2724 2722 2659 2787
2725 2723 2660 2788
2726 2724 2661 2789
2727 2725 2662 2790
2728 2726 2663 2791
2729 2727 2664 2792
2730 2728 2665 2793
2731 2729 2666 2794
2732 2730 2667 2795
2733 2731 2668 2796
2734 2732 2669 2797
2735 2733 2670 2798
2736 2734 2671 2799
2737 2735 2672 2800
2738 2736 2673 2801
2739 2737 2674 2802
2740 2738 2675 2803
2741 2739 2676 2804
2742 2740 2677 2805
2743 2741 2678 2806
2744 2742 2679 2807
2745 2743 2680 2808
2746 2744 2681 2809
2747 2745 2682 2810
2748 2746 2683 2811
2749 2747 2684 2812
2750 2748 2685 2813
2751 2749 2686 2814
2688 2750 2687 2815
2753 2815 2688 2816
2754 2752 2689 2817
2755 2753 2690 2818
2756 2754 2691 2819
2757 2755 2692 2820
2758 2756 2693 2821
2759 2757 2694 2822
2760 2758 2695 2823
2761 2759 2696 2824
2762 2760 2697 2825
2763 2761 2698 2826
2764 2762 2699 2827
2765 2763 2700 2828
2766 2764 2701 2829
2767 2765 2702 2830
2768 2766 2703 2831
2769 2767 2704 2832
2770 2768 2705 2833
2771 2769 2706 2834
2772 2770 2707 2835
2773 2771 2708 2836
2774 2772 2709 2837
2775 2773 2710 2838
2776 2774 2711 2839
2777 2775 2712 2840
2778 2776 2713 2841
2779 2777 2714 2842
2780 2778 2715 2843
2781 2779 2716 2844
2782 2780 2717 2845
2783 2781 2718 2846
2784 2782 2719 2847
2785 2783 2720 2848
2786 2784 2721 2849
2787 2785 2722 2850
2788 2786 2723 2851
2789 2787 2724 2852
2790 2788 2725 2853
2791 2789 2726 2854
2792 2790 2727 2855
2793 2791 2728 2856
2794 2792 2729 2857
2795 2793 2730 2858
2796 2794 2731 2859
2797 2795 2732 2860
2798 2796 2733 2861
2799 2797 2734 2862
2800 2798 2735 2863
2801 2799 2736 2864
2802 2800 2737 2865
2803 2801 2738 2866
2804 2802 2739 2867
2805 2803 2740 2868
2806 2804 2741 2869
2807 2805 2742 2870
2808 2806 2743 2871
2809 2807 2744 2872
2810 2808 2745 2873
2811 2809 2746 2874
2812 2810 2747 2875
2813 2811 2748 2876
2814 2812 2749 2877
2815 2813 2750 2878
2752 2814 2751 2879
2817 2879 2752 2880
2818 2816 2753 2881
2819 2817 2754 2882
2820 2818 2755 2883
2821 2819 2756 2884
2822 2820 2757 2885
2823 2821 2758 2886
2824 2822 2759 2887
2825 2823 2760 2888
2826 2824 2761 2889
2827 2825 2762 2890
2828 2826 2763 2891
2829 2827 2764 2892
2830 2828 2765 2893
2831 2829 2766 2894
2832 2830 2767 2895
2833 2831 2768 2896
2834 2832 2769 2897
2835 2833 2770 2898
2836 2834 2771 2899
2837 2835 2772 2900
2838 2836 2773 2901
2839 2837 2774 2902
2840 2838 2775 2903
2841 2839 2776 2904
2842 2840 2777 2905
2843 2841 2778 2906
2844 2842 2779 2907
2845 2843 2780 2908
2846 2844 2781 2909
2847 2845 2782 2910
2848 2846 2783 2911
2849 2847 2784 2912
2850 2848 2785 2913
2851 2849 2786 2914
2852 2850 2787 2915
2853 2851 2788 2916
2854 2852 2789 2917
2855 2853 2790 2918
2856 2854 2791 2919
2857 2855 2792 2920
2858 2856 2793 2921
2859 2857 2794 2922
2860 2858 2795 2923
2861 2859 2796 2924
2862 2860 2797 2925
2863 2861 2798 2926
2864 2862 2799 2927
2865 2863 2800 2928
2866 2864 2801 2929
2867 2865 2802 2930
2868 2866 2803 2931
2869 2867 2804 2932
2870 2868 2805 2933
2871 2869 2806 2934
2872 2870 2807 2935
2873 2871 2808 2936
2874 2872 2809 2937
2875 2873 2810 2938
2876 2874 2811 2939
2877 2875 2812 2940
2878 2876 2813 2941
2879 2877 2814 2942
2816 2878 2815 2943
2881 2943 2816 2944
2882 2880 2817 2945
2883 2881 2818 2946
2884 2882 2819 2947
2885 2883 2820 2948
2886 2884 2821 2949
2887 2885 2822 2950
2888 2886 2823 2951
2889 2887 2824 2952
2890 2888 2825 2953
2891 2889 2826 2954
2892 2890 2827 2955
2893 2891 2828 2956
2894 2892 2829 2957
2895 2893 2830 2958
2896 2894 2831 2959
2897 2895 2832 2960
2898 2896 2833 2961
2899 2897 2834 2962
2900 2898 2835 2963
2901 2899 2836 2964
2902 2900 2837 2965
2903 2901 2838 2966
2904 2902 2839 2967
2905 2903 2840 2968
2906 2904 2841 2969
2907 2905 2842 2970
2908 2906 2843 2971
2909 2907 2844 2972
2910 2908 2845 2973
2911 2909 2846 2974
2912 2910 2847 2975
2913 2911 2848 2976
2914 2912 2849 2977
2915 2913 2850 2978
2916 2914 2851 2979
2917 2915 2852 2980
2918 2916 2853 2981
2919 2917 2854 2982
2920 2918 2855 2983
2921 2919 2856 2984
2922 2920 2857 2985
2923 2921 2858 2986
2924 2922 2859 2987
2925 2923 2860 2988
2926 2924 2861 2989
2927 2925 2862 2990
2928 2926 2863 2991
2929 2927 2864 2992
2930 2928 2865 2993
2931 2929 2866 2994
2932 2930 2867 2995
2933 2931 2868 2996
2934 2932 2869 2997
2935 2933 2870 2998
2936 2934 2871 2999
2937 2935 2872 3000
2938 2936 2873 3001
2939 2937 2874 3002
2940 2938 2875 3003
2941 2939 2876 3004
2942 2940 2877 3005
2943 2941 2878 3006
2880 2942 2879 3007
2945 3007 2880 3008
2946 2944 2881 3009
2947 2945 2882 3010
2948 2946 2883 3011
2949 2947 2884 3012
2950 2948 2885 3013
2951 2949 2886 3014
2952 2950 2887 3015
2953 2951 2888 3016
2954 2952 2889 3017
2955 2953 2890 3018
2956 2954 2891 3019
2957 2955 2892 3020
2958 2956 2893 3021
2959 2957 2894 3022
2960 2958 2895 3023
2961 2959 2896 3024
2962 2960 2897 3025
2963 2961 2898 3026
2964 2962 2899 3027
2965 2963 2900 3028
2966 2964 2901 3029
2967 2965 2902 3030
2968 2966 2903 3031
2969 2967 2904 3032
2970 2968 2905 3033
2971 2969 2906 3034
2972 2970 2907 3035
2973 2971 2908 3036
2974 2972 2909 3037
2975 2973 2910 3038
2976 2974 2911 3039
2977 2975 2912 3040
2978 2976 2913 3041
2979 2977 2914 3042
2980 2978 2915 3043
2981 2979 2916 3044
2982 2980 2917 3045
2983 2981 2918 3046
2984 2982 2919 3047
2985 2983 2920 3048
2986 2984 2921 3049
2987 2985 2922 3050
2988 2986 2923 3051
2989 2987 2924 3052
2990 2988 2925 3053
2991 2989 2926 3054
2992 2990 2927 3055
2993 2991 2928 3056
2994 2992 2929 3057
2995 2993 2930 3058
2996 2994 2931 3059
2997 2995 2932 3060
2998 2996 2933 3061
2999 2997 2934 3062
3000 2998 2935 3063
3001 2999 2936 3064
3002 3000 2937 3065
3003 3001 2938 3066
3004 3002 2939 3067
3005 3003 2940 3068
3006 3004 2941 3069
3007 3005 2942 3070
2944 3006 2943 3071
3009 3071 2944 3072
3010 3008 2945 3073
3011 3009 2946 3074
3012 3010 2947 3075
3013 3011 2948 3076
3014 3012 2949 3077
3015 3013 2950 3078
3016 3014 2951 3079
3017 3015 2952 3080
3018 3016 2953 3081
3019 3017 2954 3082
3020 3018 2955 3083
3021 3019 2956 3084
3022 3020 2957 3085
3023 3021 2958 3086
3024 3022 2959 3087
3025 3023 2960 3088
3026 3024 2961 3089
3027 3025 2962 3090
3028 3026 2963 3091
3029 3027 2964 3092
3030 3028 2965 3093
3031 3029 2966 3094
3032 3030 2967 3095
3033 3031 2968 3096
3034 3032 2969 3097
3035 3033 2970 3098
3036 3034 2971 3099
3037 3035 2972 3100
3038 3036 2973 3101
3039 3037 2974 3102
3040 3038 2975 3103
3041 3039 2976 3104
3042 3040 2977 3105
3043 3041 2978 3106
3044 3042 2979 3107
3045 3043 2980 3108
3046 3044 2981 3109
3047 3045 2982 3110
3048 3046 2983 3111
3049 3047 2984 3112
3050 3048 2985 3113
3051 3049 2986 3114
3052 3050 2987 3115
3053 3051 2988 3116
3054 3052 2989 3117
3055 3053 2990 3118
3056 3054 2991 3119
3057 3055 2992 3120
3058 3056 2993 3121
3059 3057 2994 3122
3060 3058 2995 3123
3061 3059 2996 3124
3062 3060 2997 3125
3063 3061 2998 3126
3064 3062 2999 3127
3065 3063 3000 3128
3066 3064 3001 3129
3067 3065 3002 3130
3068 3066 3003 3131
3069 3067 3004 3132
3070 3068 3005 3133
3071 3069 3006 3134
3008 3070 3007 3135
3073 3135 3008 3136
3074 3072 3009 3137
3075 3073 3010 3138
3076 3074 3011 3139
3077 3075 3012 3140
3078 3076 3013 3141
3079 3077 3014 3142
3080 3078 3015 3143
3081 3079 3016 3144
3082 3080 3017 3145
3083 3081 3018 3146
3084 3082 3019 3147
3085 3083 3020 3148
3086 3084 3021 3149
3087 3085 3022 3150
3088 3086 3023 3151
3089 3087 3024 3152
3090 3088 3025 3153
3091 3089 3026 3154
3092 3090 3027 3155
3093 3091 3028 3156
3094 3092 3029 3157
3095 3093 3030 3158
3096 3094 3031 3159
3097 3095 3032 3160
3098 3096 3033 3161
3099 3097 3034 3162
3100 3098 3035 3163
3101 3099 3036 3164
3102 3100 3037 3165
3103 3101 3038 3166
3104 3102 3039 3167
3105 3103 3040 3168
3106 3104 3041 3169
3107 3105 3042 3170
3108 3106 3043 3171
3109 3107 3044 3172
3110 3108 3045 3173
3111 3109 3046 3174
3112 3110 3047 3175
3113 3111 3048 3176
3114 3112 3049 3177
3115 3113 3050 3178
3116 3114 3051 3179
3117 3115 3052 3180
3118 3116 3053 3181
3119 3117 3054 3182
3120 3118 3055 3183
3121 3119 3056 3184
3122 3120 3057 3185
3123 3121 3058 3186
3124 3122 3059 3187
3125 3123 3060 3188
3126 3124 3061 3189
3127 3125 3062 3190
3128 3126 3063 3191
3129 3127 3064 3192
3130 3128 3065 3193
3131 3129 3066 3194
3132 3130 3067 3195
3133 3131 3068 3196
3134 3132 3069 3197
3135 3133 3070 3198
3072 3134 3071 3199
3137 3199 3072 3200
3138 3136 3073 3201
3139 3137 3074 3202
3140 3138 3075 3203
3141 3139 3076 3204
3142 3140 3077 3205
3143 3141 3078 3206
3144 3142 3079 3207
3145 3143 3080 3208
3146 3144 3081 3209
3147 3145 3082 3210
3148 3146 3083 3211
3149 3147 3084 3212
3150 3148 3085 3213
3151 3149 3086 3214
3152 3150 3087 3215
3153 3151 3088 3216
3154 3152 3089 3217
3155 3153 3090 3218
3156 3154 3091 3219
3157 3155 3092 3220
3158 3156 3093 3221
3159 3157 3094 3222
3160 3158 3095 3223
3161 3159 3096 3224
3162 3160 3097 3225
3163 3161 3098 3226
3164 3162 3099 3227
3165 3163 3100 3228
3166 3164 3101 3229
3167 3165 3102 3230
3168 3166 3103 3231
3169 3167 3104 3232
3170 3168 3105 3233
3171 3169 3106 3234
3172 3170 3107 3235
3173 3171 3108 3236
3174 3172 3109 3237
3175 3173 3110 3238
3176 3174 3111 3239
3177 3175 3112 3240
3178 3176 3113 3241
3179 3177 3114 3242
3180 3178 3115 3243
3181 3179 3116 3244
3182 3180 3117 3245
3183 3181 3118 3246
3184 3182 3119 3247
3185 3183 3120 3248
3186 3184 3121 3249
3187 3185 3122 3250
3188 3186 3123 3251
3189 3187 3124 3252
3190 3188 3125 3253
3191 3189 3126 3254
3192 3190 3127 3255
3193 3191 3128 3256
3194 3192 3129 3257
3195 3193 3130 3258
3196 3194 3131 3259
3197 3195 3132 3260
3198 3196 3133 3261
3199 3197 3134 3262
3136 3198 3135 3263
3201 3263 3136 3264
3202 3200 3137 3265
3203 3201 3138 3266
3204 3202 3139 3267
3205 3203 3140 3268
3206 3204 3141 3269
3207 3205 3142 3270
3208 3206 3143 3271
3209 3207 3144 3272
3210 3208 3145 3273
3211 3209 3146 3274
3212 3210 3147 3275
3213 3211 3148 3276
3214 3212 3149 3277
3215 3213 3150 3278
3216 3214 3151 3279
3217 3215 3152 3280
3218 3216 3153 3281
3219 3217 3154 3282
3220 3218 3155 3283
3221 3219 3156 3284
3222 3220 3157 3285
3223 3221 3158 3286
3224 3222 3159 3287
3225 3223 3160 3288
3226 3224 3161 3289
3227 3225 3162 3290
3228 3226 3163 3291
3229 3227 3164 3292
3230 3228 3165 3293
3231 3229 3166 3294
3232 3230 3167 3295
3233 3231 3168 3296
3234 3232 3169 3297
3235 3233 3170 3298
3236 3234 3171 3299
3237 3235 3172 3300
3238 3236 3173 3301
3239 3237 3174 3302
3240 3238 3175 3303
3241 3239 3176 3304
3242 3240 3177 3305
3243 3241 3178 3306
3244 3242 3179 3307
3245 3243 3180 3308
3246 3244 3181 3309
3247 3245 3182 3310
3248 3246 3183 3311
3249 3247 3184 3312
3250 3248 3185 3313
3251 3249 3186 3314
3252 3250 3187 3315
3253 3251 3188 3316
3254 3252 3189 3317
3255 3253 3190 3318
3256 3254 3191 3319
3257 3255 3192 3320
3258 3256 3193 3321
3259 3257 3194 3322
3260 3258 3195 3323
3261 3259 3196 3324
3262 3260 3197 3325
3263 3261 3198 3326
3200 3262 3199 3327
3265 3327 3200 3328
3266 3264 3201 3329
3267 3265 3202 3330
3268 3266 3203 3331
3269 3267 3204 3332
3270 3268 3205 3333
3271 3269 3206 3334
3272 3270 3207 3335
3273 3271 3208 3336
3274 3272 3209 3337
3275 3273 3210 3338
3276 3274 3211 3339
3277 3275 3212 3340
3278 3276 3213 3341
3279 3277 3214 3342
3280 3278 3215 3343
3281 3279 3216 3344
3282 3280 3217 3345
3283 3281 3218 3346
3284 3282 3219 3347
3285 3283 3220 3348
3286 3284 3221 3349
3287 3285 3222 3350
3288 3286 3223 3351
3289 3287 3224 3352
3290 3288 3225 3353
3291 3289 3226 3354
3292 3290 3227 3355
3293 3291 3228 3356
3294 3292 3229 3357
3295 3293 3230 3358
3296 3294 3231 3359
3297 3295 3232 3360
3298 3296 3233 3361
3299 3297 3234 3362
3300 3298 3235 3363
3301 3299 3236 3364
3302 3300 3237 3365
3303 3301 3238 3366
3304 3302 3239 3367
3305 3303 3240 3368
3306 3304 3241 3369
3307 3305 3242 3370
3308 3306 3243 3371
3309 3307 3244 3372
3310 3308 3245 3373
3311 3309 3246 3374
3312 3310 3247 3375
3313 3311 3248 3376
3314 3312 3249 3377
3315 3313 3250 3378
3316 3314 3251 3379
3317 3315 3252 3380
3318 3316 3253 3381
3319 3317 3254 3382
3320 3318 3255 3383
3321 3319 3256 3384
3322 3320 3257 3385
3323 3321 3258 3386
3324 3322 3259 3387
3325 3323 3260 3388
3326 3324 3261 3389
3327 3325 3262 3390
3264 3326 3263 3391
3329 3391 3264 3392
3330 3328 3265 3393
3331 3329 3266 3394
3332 3330 3267 3395
3333 3331 3268 3396
3334 3332 3269 3397
3335 3333 3270 3398
3336 3334 3271 3399
3337 3335 3272 3400
3338 3336 3273 3401
3339 3337 3274 3402
3340 3338 3275 3403
3341 3339 3276 3404
3342 3340 3277 3405
3343 3341 3278 3406
3344 3342 3279 3407
3345 3343 3280 3408
3346 3344 3281 3409
3347 3345 3282 3410
3348 3346 3283 3411
3349 3347 3284 3412
3350 3348 3285 3413
3351 3349 3286 3414
3352 3350 3287 3415
3353 3351 3288 3416
3354 3352 3289 3417
3355 3353 3290 3418
3356 3354 3291 3419
3357 3355 3292 3420
3358 3356 3293 3421
3359 3357 3294 3422
3360 3358 3295 3423
3361 3359 3296 3424
3362 3360 3297 3425
3363 3361 3298 3426
3364 3362 3299 3427
3365 3363 3300 3428
3366 3364 3301 3429
3367 3365 3302 3430
3368 3366 3303 3431
3369 3367 3304 3432
3370 3368 3305 3433
3371 3369 3306 3434
3372 3370 3307 3435
3373 3371 3308 3436
3374 3372 3309 3437
3375 3373 3310 3438
3376 3374 3311 3439
3377 3375 3312 3440
3378 3376 3313 3441
3379 3377 3314 3442
3380 3378 3315 3443
3381 3379 3316 3444
3382 3380 3317 3445
3383 3381 3318 3446
3384 3382 3319 3447
3385 3383 3320 3448
3386 3384 3321 3449
3387 3385 3322 3450
3388 3386 3323 3451
3389 3387 3324 3452
3390 3388 3325 3453
3391 3389 3326 3454
3328 3390 3327 3455
3393 3455 3328 3456
3394 3392 3329 3457
3395 3393 3330 3458
3396 3394 3331 3459
3397 3395 3332 3460
3398 3396 3333 3461
3399 3397 3334 3462
3400 3398 3335 3463
3401 3399 3336 3464
3402 3400 3337 3465
3403 3401 3338 3466
3404 3402 3339 3467
3405 3403 3340 3468
3406 3404 3341 3469
3407 3405 3342 3470
3408 3406 3343 3471
3409 3407 3344 3472
3410 3408 3345 3473
3411 3409 3346 3474
3412 3410 3347 3475
3413 3411 3348 3476
3414 3412 3349 3477
3415 3413 3350 3478
3416 3414 3351 3479
3417 3415 3352 3480
3418 3416 3353 3481
3419 3417 3354 3482
3420 3418 3355 3483
3421 3419 3356 3484
3422 3420 3357 3485
3423 3421 3358 3486
3424 3422 3359 3487
3425 3423 3360 3488
3426 3424 3361 3489
3427 3425 3362 3490
3428 3426 3363 3491
3429 3427 3364 3492
3430 3428 3365 3493
3431 3429 3366 3494
3432 3430 3367 3495
3433 3431 3368 3496
3434 3432 3369 3497
3435 3433 3370 3498
3436 3434 3371 3499
3437 3435 3372 3500
3438 3436 3373 3501
3439 3437 3374 3502
3440 3438 3375 3503
3441 3439 3376 3504
3442 3440 3377 3505
3443 3441 3378 3506
3444 3442 3379 3507
3445 3443 3380 3508
3446 3444 3381 3509
3447 3445 3382 3510
3448 3446 3383 3511
3449 3447 3384 3512
3450 3448 3385 3513
3451 3449 3386 3514
3452 3450 3387 3515
3453 3451 3388 3516
3454 3452 3389 3517
3455 3453 3390 3518
3392 3454 3391 3519
3457 3519 3392 3520
3458 3456 3393 3521
3459 3457 3394 3522
3460 3458 3395 3523
3461 3459 3396 3524
3462 3460 3397 3525
3463 3461 3398 3526
3464 3462 3399 3527
3465 3463 3400 3528
3466 3464 3401 3529
3467 3465 3402 3530
3468 3466 3403 3531
3469 3467 3404 3532
3470 3468 3405 3533
3471 3469 3406 3534
3472 3470 3407 3535
3473 3471 3408 3536
3474 3472 3409 3537
3475 3473 3410 3538
3476 3474 3411 3539
3477 3475 3412 3540
3478 3476 3413 3541
3479 3477 3414 3542
3480 3478 3415 3543
3481 3479 3416 3544
3482 3480 3417 3545
3483 3481 3418 3546
3484 3482 3419 3547
3485 3483 3420 3548
3486 3484 3421 3549
3487 3485 3422 3550
3488 3486 3423 3551
3489 3487 3424 3552
3490 3488 3425 3553
3491 3489 3426 3554
3492 3490 3427 3555
3493 3491 3428 3556
3494 3492 3429 3557
3495 3493 3430 3558
3496 3494 3431 3559
3497 3495 3432 3560
3498 3496 3433 3561
3499 3497 3434 3562
3500 3498 3435 3563
3501 3499 3436 3564
3502 3500 3437 3565
3503 3501 3438 3566
3504 3502 3439 3567
3505 3503 3440 3568
3506 3504 3441 3569
3507 3505 3442 3570
3508 3506 3443 3571
3509 3507 3444 3572
3510 3508 3445 3573
3511 3509 3446 3574
3512 3510 3447 3575
3513 3511 3448 3576
3514 3512 3449 3577
3515 3513 3450 3578
3516 3514 3451 3579
3517 3515 3452 3580
3518 3516 3453 3581
3519 3517 3454 3582
3456 3518 3455 3583
3521 3583 3456 3584
3522 3520 3457 3585
3523 3521 3458 3586
3524 3522 3459 3587
3525 3523 3460 3588
3526 3524 3461 3589
3527 3525 3462 3590
3528 3526 3463 3591
3529 3527 3464 3592
3530 3528 3465 3593
3531 3529 3466 3594
3532 3530 3467 3595
3533 3531 3468 3596
3534 3532 3469 3597
3535 3533 3470 3598
3536 3534 3471 3599
3537 3535 3472 3600
3538 3536 3473 3601
3539 3537 3474 3602
3540 3538 3475 3603
3541 3539 3476 3604
3542 3540 3477 3605
3543 3541 3478 3606
3544 3542 3479 3607
3545 3543 3480 3608
3546 3544 3481 3609
3547 3545 3482 3610
3548 3546 3483 3611
3549 3547 3484 3612
3550 3548 3485 3613
3551 3549 3486 3614
3552 3550 3487 3615
3553 3551 3488 3616
3554 3552 3489 3617
3555 3553 3490 3618
3556 3554 3491 3619
3557 3555 3492 3620
3558 3556 3493 3621
3559 3557 3494 3622
3560 3558 3495 3623
3561 3559 3496 3624
3562 3560 3497 3625
3563 3561 3498 3626
3564 3562 3499 3627
3565 3563 3500 3628
3566 3564 3501 3629
3567 3565 3502 3630
3568 3566 3503 3631
3569 3567 3504 3632
3570 3568 3505 3633
3571 3569 3506 3634
3572 3570 3507 3635
3573 3571 3508 3636
3574 3572 3509 3637
3575 3573 3510 3638
3576 3574 3511 3639
3577 3575 3512 3640
3578 3576 3513 3641
3579 3577 3514 3642
3580 3578 3515 3643
3581 3579 3516 3644
3582 3580 3517 3645
3583 3581 3518 3646
3520 3582 3519 3647
3585 3647 3520 3648
3586 3584 3521 3649
3587 3585 3522 3650
3588 3586 3523 3651
3589 3587 3524 3652
3590 3588 3525 3653
3591 3589 3526 3654
3592 3590 3527 3655
3593 3591 3528 3656
3594 3592 3529 3657
3595 3593 3530 3658
3596 3594 3531 3659
3597 3595 3532 3660
3598 3596 3533 3661
3599 3597 3534 3662
3600 3598 3535 3663
3601 3599 3536 3664
3602 3600 3537 3665
3603 3601 3538 3666
3604 3602 3539 3667
3605 3603 3540 3668
3606 3604 3541 3669
3607 3605 3542 3670
3608 3606 3543 3671
3609 3607 3544 3672
3610 3608 3545 3673
3611 3609 3546 3674
3612 3610 3547 3675
3613 3611 3548 3676
3614 3612 3549 3677
3615 3613 3550 3678
3616 3614 3551 3679
3617 3615 3552 3680
3618 3616 3553 3681
3619 3617 3554 3682
3620 3618 3555 3683
3621 3619 3556 3684
3622 3620 3557 3685
3623 3621 3558 3686
3624 3622 3559 3687
3625 3623 3560 3688
3626 3624 3561 3689
3627 3625 3562 3690
3628 3626 3563 3691
3629 3627 3564 3692
3630 3628 3565 3693
3631 3629 3566 3694
3632 3630 3567 3695
3633 3631 3568 3696
3634 3632 3569 3697
3635 3633 3570 3698
3636 3634 3571 3699
3637 3635 3572 3700
3638 3636 3573 3701
3639 3637 3574 3702
3640 3638 3575 3703
3641 3639 3576 3704
3642 3640 3577 3705
3643 3641 3578 3706
3644 3642 3579 3707
3645 3643 3580 3708
3646 3644 3581 3709
3647 3645 3582 3710
3584 3646 3583 3711
3649 3711 3584 3712
3650 3648 3585 3713
3651 3649 3586 3714
3652 3650 3587 3715
3653 3651 3588 3716
3654 3652 3589 3717
3655 3653 3590 3718
3656 3654 3591 3719
3657 3655 3592 3720
3658 3656 3593 3721
3659 3657 3594 3722
3660 3658 3595 3723
3661 3659 3596 3724
3662 3660 3597 3725
3663 3661 3598 3726
3664 3662 3599 3727
3665 3663 3600 3728
3666 3664 3601 3729
3667 3665 3602 3730
3668 3666 3603 3731
3669 3667 3604 3732
3670 3668 3605 3733
3671 3669 3606 3734
3672 3670 3607 3735
3673 3671 3608 3736
3674 3672 3609 3737
3675 3673 3610 3738
3676 3674 3611 3739
3677 3675 3612 3740
3678 3676 3613 3741
3679 3677 3614 3742
3680 3678 3615 3743
3681 3679 3616 3744
3682 3680 3617 3745
3683 3681 3618 3746
3684 3682 3619 3747
3685 3683 3620 3748
3686 3684 3621 3749
3687 3685 3622 3750
3688 3686 3623 3751
3689 3687 3624 3752
3690 3688 3625 3753
3691 3689 3626 3754
3692 3690 3627 3755
3693 3691 3628 3756
3694 3692 3629 3757
3695 3693 3630 3758
3696 3694 3631 3759
3697 3695 3632 3760
3698 3696 3633 3761
3699 3697 3634 3762
3700 3698 3635 3763
3701 3699 3636 3764
3702 3700 3637 3765
3703 3701 3638 3766
3704 3702 3639 3767
3705 3703 3640 3768
3706 3704 3641 3769
3707 3705 3642 3770
3708 3706 3643 3771
3709 3707 3644 3772
3710 3708 3645 3773
3711 3709 3646 3774
3648 3710 3647 3775
3713 3775 3648 3776
3714 3712 3649 3777
3715 3713 3650 3778
3716 3714 3651 3779
3717 3715 3652 3780
3718 3716 3653 3781
3719 3717 3654 3782
3720 3718 3655 3783
3721 3719 3656 3784
3722 3720 3657 3785
3723 3721 3658 3786
3724 3722 3659 3787
3725 3723 3660 3788
3726 3724 3661 3789
3727 3725 3662 3790
3728 3726 3663 3791
3729 3727 3664 3792
3730 3728 3665 3793
3731 3729 3666 3794
3732 3730 3667 3795
3733 3731 3668 3796
3734 3732 3669 3797
3735 3733 3670 3798
3736 3734 3671 3799
3737 3735 3672 3800
3738 3736 3673 3801
3739 3737 3674 3802
3740 3738 3675 3803
3741 3739 3676 3804
3742 3740 3677 3805
3743 3741 3678 3806
3744 3742 3679 3807
3745 3743 3680 3808
3746 3744 3681 3809
3747 3745 3682 3810
3748 3746 3683 3811
3749 3747 3684 3812
3750 3748 3685 3813
3751 3749 3686 3814
3752 3750 3687 3815
3753 3751 3688 3816
3754 3752 3689 3817
3755 3753 3690 3818
3756 3754 3691 3819
3757 3755 3692 3820
3758 3756 3693 3821
3759 3757 3694 3822
3760 3758 3695 3823
3761 3759 3696 3824
3762 3760 3697 3825
3763 3761 3698 3826
3764 3762 3699 3827
3765 3763 3700 3828
3766 3764 3701 3829
3767 3765 3702 3830
3768 3766 3703 3831
3769 3767 3704 3832
3770 3768 3705 3833
3771 3769 3706 3834
3772 3770 3707 3835
3773 3771 3708 3836
3774 3772 3709 3837
3775 3773 3710 3838
3712 3774 3711 3839
3777 3839 3712 3840
3778 3776 3713 3841
3779 3777 3714 3842
3780 3778 3715 3843
3781 3779 3716 3844
3782 3780 3717 3845
3783 3781 3718 3846
3784 3782 3719 3847
3785 3783 3720 3848
3786 3784 3721 3849
3787 3785 3722 3850
3788 3786 3723 3851
3789 3787 3724 3852
3790 3788 3725 3853
3791 3789 3726 3854
3792 3790 3727 3855
3793 3791 3728 3856
3794 3792 3729 3857
3795 3793 3730 3858
3796 3794 3731 3859
3797 3795 3732 3860
3798 3796 3733 3861
3799 3797 3734 3862
3800 3798 3735 3863
3801 3799 3736 3864
3802 3800 3737 3865
3803 3801 3738 3866
3804 3802 3739 3867
3805 3803 3740 3868
3806 3804 3741 3869
3807 3805 3742 3870
3808 3806 3743 3871
3809 3807 3744 3872
3810 3808 3745 3873
3811 3809 3746 3874
3812 3810 3747 3875
3813 3811 3748 3876
3814 3812 3749 3877
3815 3813 3750 3878
3816 3814 3751 3879
3817 3815 3752 3880
3818 3816 3753 3881
3819 3817 3754 3882
3820 3818 3755 3883
3821 3819 3756 3884
3822 3820 3757 3885
3823 3821 3758 3886
3824 3822 3759 3887
3825 3823 3760 3888
3826 3824 3761 3889
3827 3825 3762 3890
3828 3826 3763 3891
3829 3827 3764 3892
3830 3828 3765 3893
3831 3829 3766 3894
3832 3830 3767 3895
3833 3831 3768 3896
3834 3832 3769 3897
3835 3833 3770 3898
3836 3834 3771 3899
3837 3835 3772 3900
3838 3836 3773 3901
3839 3837 3774 3902
3776 3838 3775 3903
3841 3903 3776 3904
3842 3840 3777 3905
3843 3841 3778 3906
3844 3842 3779 3907
3845 3843 3780 3908
3846 3844 3781 3909
3847 3845 3782 3910
3848 3846 3783 3911
3849 3847 3784 3912
3850 3848 3785 3913
3851 3849 3786 3914
3852 3850 3787 3915
3853 3851 3788 3916
3854 3852 3789 3917
3855 3853 3790 3918
3856 3854 3791 3919
3857 3855 3792 3920
3858 3856 3793 3921
3859 3857 3794 3922
3860 3858 3795 3923
3861 3859 3796 3924
3862 3860 3797 3925
3863 3861 3798 3926
3864 3862 3799 3927
3865 3863 3800 3928
3866 3864 3801 3929
3867 3865 3802 3930
3868 3866 3803 3931
3869 3867 3804 3932
3870 3868 3805 3933
3871 3869 3806 3934
3872 3870 3807 3935
3873 3871 3808 3936
3874 3872 3809 3937
3875 3873 3810 3938
3876 3874 3811 3939
3877 3875 3812 3940
3878 3876 3813 3941
3879 3877 3814 3942
3880 3878 3815 3943
3881 3879 3816 3944
3882 3880 3817 3945
3883 3881 3818 3946
3884 3882 3819 3947
3885 3883 3820 3948
3886 3884 3821 3949
3887 3885 3822 3950
3888 3886 3823 3951
3889 3887 3824 3952
3890 3888 3825 3953
3891 3889 3826 3954
3892 3890 3827 3955
3893 3891 3828 3956
3894 3892 3829 3957
3895 3893 3830 3958
3896 3894 3831 3959
3897 3895 3832 3960
3898 3896 3833 3961
3899 3897 3834 3962
3900 3898 3835 3963
3901 3899 3836 3964
3902 3900 3837 3965
3903 3901 3838 3966
3840 3902 3839 3967
3905 3967 3840 3968
3906 3904 3841 3969
3907 3905 3842 3970
3908 3906 3843 3971
3909 3907 3844 3972
3910 3908 3845 3973
3911 3909 3846 3974
3912 3910 3847 3975
3913 3911 3848 3976
3914 3912 3849 3977
3915 3913 3850 3978
3916 3914 3851 3979
3917 3915 3852 3980
3918 3916 3853 3981
3919 3917 3854 3982
3920 3918 3855 3983
3921 3919 3856 3984
3922 3920 3857 3985
3923 3921 3858 3986
3924 3922 3859 3987
3925 3923 3860 3988
3926 3924 3861 3989
3927 3925 3862 3990
3928 3926 3863 3991
3929 3927 3864 3992
3930 3928 3865 3993
3931 3929 3866 3994
3932 3930 3867 3995
3933 3931 3868 3996
3934 3932 3869 3997
3935 3933 3870 3998
3936 3934 3871 3999
3937 3935 3872 4000
3938 3936 3873 4001
3939 3937 3874 4002
3940 3938 3875 4003
3941 3939 3876 4004
3942 3940 3877 4005
3943 3941 3878 4006
3944 3942 3879 4007
3945 3943 3880 4008
3946 3944 3881 4009
3947 3945 3882 4010
3948 3946 3883 4011
3949 3947 3884 4012
3950 3948 3885 4013
3951 3949 3886 4014
3952 3950 3887 4015
3953 3951 3888 4016
3954 3952 3889 4017
3955 3953 3890 4018
3956 3954 3891 4019
3957 3955 3892 4020
3958 3956 3893 4021
3959 3957 3894 4022
3960 3958 3895 4023
3961 3959 3896 4024
3962 3960 3897 4025
3963 3961 3898 4026
3964 3962 3899 4027
3965 3963 3900 4028
3966 3964 3901 4029
3967 3965 3902 4030
3904 3966 3903 4031
3969 4031 3904 4032
3970 3968 3905 4033
3971 3969 3906 4034
3972 3970 3907 4035
3973 3971 3908 4036
3974 3972 3909 4037
3975 3973 3910 4038
3976 3974 3911 4039
3977 3975 3912 4040
3978 3976 3913 4041
3979 3977 3914 4042
3980 3978 3915 4043
3981 3979 3916 4044
3982 3980 3917 4045
3983 3981 3918 4046
3984 3982 3919 4047
3985 3983 3920 4048
3986 3984 3921 4049
3987 3985 3922 4050
3988 3986 3923 4051
3989 3987 3924 4052
3990 3988 3925 4053
3991 3989 3926 4054
3992 3990 3927 4055
3993 3991 3928 4056
3994 3992 3929 4057
3995 3993 3930 4058
3996 3994 3931 4059
3997 3995 3932 4060
3998 3996 3933 4061
3999 3997 3934 4062
4000 3998 3935 4063
4001 3999 3936 4064
4002 4000 3937 4065
4003 4001 3938 4066
4004 4002 3939 4067
4005 4003 3940 4068
4006 4004 3941 4069
4007 4005 3942 4070
4008 4006 3943 4071
4009 4007 3944 4072
4010 4008 3945 4073
4011 4009 3946 4074
4012 4010 3947 4075
4013 4011 3948 4076
4014 4012 3949 4077
4015 4013 3950 4078
4016 4014 3951 4079
4017 4015 3952 4080
4018 4016 3953 4081
4019 4017 3954 4082
4020 4018 3955 4083
4021 4019 3956 4084
4022 4020 3957 4085
4023 4021 3958 4086
4024 4022 3959 4087
4025 4023 3960 4088
4026 4024 3961 4089
4027 4025 3962 4090
4028 4026 3963 4091
4029 4027 3964 4092
4030 4028 3965 4093
4031 4029 3966 4094
3968 4030 3967 4095
4033 4095 3968 0
4034 4032 3969 1
4035 4033 3970 2
4036 4034 3971 3
4037 4035 3972 4
4038 4036 3973 5
4039 4037 3974 6
4040 4038 3975 7
4041 4039 3976 8
4042 4040 3977 9
4043 4041 3978 10
4044 4042 3979 11
4045 4043 3980 12
4046 4044 3981 13
4047 4045 3982 14
4048 4046 3983 15
4049 4047 3984 16
4050 4048 3985 17
4051 4049 3986 18
4052 4050 3987 19
4053 4051 3988 20
4054 4052 3989 21
4055 4053 3990 22
4056 4054 3991 23
4057 4055 3992 24
4058 4056 3993 25
4059 4057 3994 26
4060 4058 3995 27
4061 4059 3996 28
4062 4060 3997 29
4063 4061 3998 30
4064 4062 3999 31
4065 4063 4000 32
4066 4064 4001 33
4067 4065 4002 34
4068 4066 4003 35
4069 4067 4004 36
4070 4068 4005 37
4071 4069 4006 38
4072 4070 4007 39
4073 4071 4008 40
4074 4072 4009 41
4075 4073 4010 42
4076 4074 4011 43
4077 4075 4012 44
4078 4076 4013 45
4079 4077 4014 46
4080 4078 4015 47
4081 4079 4016 48
4082 4080 4017 49
4083 4081 4018 50
4084 4082 4019 51
4085 4083 4020 52
4086 4084 4021 53
4087 4085 4022 54
4088 4086 4023 55
4089 4087 4024 56
4090 4088 4025 57
4091 4089 4026 58
4092 4090 4027 59
4093 4091 4028 60
4094 4092 4029 61
4095 4093 4030 62
4032 4094 4031 63
