1 11 132 12
2 0 133 13
3 1 134 14
4 2 135 15
5 3 136 16
6 4 137 17
7 5 138 18
8 6 139 19
9 7 140 20
10 8 141 21
11 9 142 22
0 10 143 23
13 23 0 24
14 12 1 25
15 13 2 26
16 14 3 27
17 15 4 28
18 16 5 29
19 17 6 30
20 18 7 31
21 19 8 32
22 20 9 33
23 21 10 34
12 22 11 35
25 35 12 36
26 24 13 37
27 25 14 38
28 26 15 39
29 27 16 40
30 28 17 41
31 29 18 42
32 30 19 43
33 31 20 44
34 32 21 45
35 33 22 46
24 34 23 47
37 47 24 48
38 36 25 49
39 37 26 50
40 38 27 51
41 39 28 52
42 40 29 53
43 41 30 54
44 42 31 55
45 43 32 56
46 44 33 57
47 45 34 58
36 46 35 59
49 59 36 60
50 48 37 61
51 49 38 62
52 50 39 63
53 51 40 64
54 52 41 65
55 53 42 66
56 54 43 67
57 55 44 68
58 56 45 69
59 57 46 70
48 58 47 71
61 71 48 72
62 60 49 73
63 61 50 74
64 62 51 75
65 63 52 76
66 64 53 77
67 65 54 78
68 66 55 79
69 67 56 80
70 68 57 81
71 69 58 82
60 70 59 83
73 83 60 84
74 72 61 85
75 73 62 86
76 74 63 87
77 75 64 88
78 76 65 89
79 77 66 90
80 78 67 91
81 79 68 92
82 80 69 93
83 81 70 94
72 82 71 95
85 95 72 96
86 84 73 97
87 85 74 98
88 86 75 99
89 87 76 100
90 88 77 101
91 89 78 102
92 90 79 103
93 91 80 104
94 92 81 105
95 93 82 106
84 94 83 107
97 107 84 108
98 96 85 109
99 97 86 110
100 98 87 111
101 99 88 112
102 100 89 113
103 101 90 114
104 102 91 115
105 103 92 116
106 104 93 117
107 105 94 118
96 106 95 119
109 119 96 120
110 108 97 121
111 109 98 122
112 110 99 123
113 111 100 124
114 112 101 125
115 113 102 126
116 114 103 127
117 115 104 128
118 116 105 129
119 117 106 130
108 118 107 131
121 131 108 132
122 120 109 133
123 121 110 134
124 122 111 135
125 123 112 136
126 124 113 137
127 125 114 138
128 126 115 139
129 127 116 140
130 128 117 141
131 129 118 142
120 130 119 143
133 143 120 0
134 132 121 1
135 133 122 2
136 134 123 3
137 135 124 4
138 136 125 5
139 137 126 6
140 138 127 7
141 139 128 8
142 140 129 9
143 141 130 10
132 142 131 11
