1 6 42 7 49 294
2 0 43 8 50 295
3 1 44 9 51 296
4 2 45 10 52 297
5 3 46 11 53 298
6 4 47 12 54 299
0 5 48 13 55 300
8 13 0 14 56 301
9 7 1 15 57 302
10 8 2 16 58 303
11 9 3 17 59 304
12 10 4 18 60 305
13 11 5 19 61 306
7 12 6 20 62 307
15 20 7 21 63 308
16 14 8 22 64 309
17 15 9 23 65 310
18 16 10 24 66 311
19 17 11 25 67 312
20 18 12 26 68 313
14 19 13 27 69 314
22 27 14 28 70 315
23 21 15 29 71 316
24 22 16 30 72 317
25 23 17 31 73 318
26 24 18 32 74 319
27 25 19 33 75 320
21 26 20 34 76 321
29 34 21 35 77 322
30 28 22 36 78 323
31 29 23 37 79 324
32 30 24 38 80 325
33 31 25 39 81 326
34 32 26 40 82 327
28 33 27 41 83 328
36 41 28 42 84 329
37 35 29 43 85 330
38 36 30 44 86 331
39 37 31 45 87 332
40 38 32 46 88 333
41 39 33 47 89 334
35 40 34 48 90 335
43 48 35 0 91 336
44 42 36 1 92 337
45 43 37 2 93 338
46 44 38 3 94 339
47 45 39 4 95 340
48 46 40 5 96 341
42 47 41 6 97 342
50 55 91 56 98 0
51 49 92 57 99 1
52 50 93 58 100 2
53 51 94 59 101 3
54 52 95 60 102 4
55 53 96 61 103 5
49 54 97 62 104 6
57 62 49 63 105 7
58 56 50 64 106 8
59 57 51 65 107 9
60 58 52 66 108 10
61 59 53 67 109 11
62 60 54 68 110 12
56 61 55 69 111 13
64 69 56 70 112 14
65 63 57 71 113 15
66 64 58 72 114 16
67 65 59 73 115 17
68 66 60 74 116 18
69 67 61 75 117 19
63 68 62 76 118 20
71 76 63 77 119 21
72 70 64 78 120 22
73 71 65 79 121 23
74 72 66 80 122 24
75 73 67 81 123 25
76 74 68 82 124 26
70 75 69 83 125 27
78 83 70 84 126 28
79 77 71 85 127 29
80 78 72 86 128 30
81 79 73 87 129 31
82 80 74 88 130 32
83 81 75 89 131 33
77 82 76 90 132 34
85 90 77 91 133 35
86 84 78 92 134 36
87 85 79 93 135 37
88 86 80 94 136 38
89 87 81 95 137 39
90 88 82 96 138 40
84 89 83 97 139 41
92 97 84 49 140 42
93 91 85 50 141 43
94 92 86 51 142 44
95 93 87 52 143 45
96 94 88 53 144 46
97 95 89 54 145 47
91 96 90 55 146 48
99 104 140 105 147 49
100 98 141 106 148 50
101 99 142 107 149 51
102 100 143 108 150 52
103 101 144 109 151 53
104 102 145 110 152 54
98 103 146 111 153 55
106 111 98 112 154 56
107 105 99 113 155 57
108 106 100 114 156 58
109 107 101 115 157 59
110 108 102 116 158 60
111 109 103 117 159 61
105 110 104 118 160 62
113 118 105 119 161 63
114 112 106 120 162 64
115 113 107 121 163 65
116 114 108 122 164 66
117 115 109 123 165 67
118 116 110 124 166 68
112 117 111 125 167 69
120 125 112 126 168 70
121 119 113 127 169 71
122 120 114 128 170 72
123 121 115 129 171 73
124 122 116 130 172 74
125 123 117 131 173 75
119 124 118 132 174 76
127 132 119 133 175 77
128 126 120 134 176 78
129 127 121 135 177 79
130 128 122 136 178 80
131 129 123 137 179 81
132 130 124 138 180 82
126 131 125 139 181 83
134 139 126 140 182 84
135 133 127 141 183 85
136 134 128 142 184 86
137 135 129 143 185 87
138 136 130 144 186 88
139 137 131 145 187 89
133 138 132 146 188 90
141 146 133 98 189 91
142 140 134 99 190 92
143 141 135 100 191 93
144 142 136 101 192 94
145 143 137 102 193 95
146 144 138 103 194 96
140 145 139 104 195 97
148 153 189 154 196 98
149 147 190 155 197 99
150 148 191 156 198 100
151 149 192 157 199 101
152 150 193 158 200 102
153 151 194 159 201 103
147 152 195 160 202 104
155 160 147 161 203 105
156 154 148 162 204 106
157 155 149 163 205 107
158 156 150 164 206 108
159 157 151 165 207 109
160 158 152 166 208 110
154 159 153 167 209 111
162 167 154 168 210 112
163 161 155 169 211 113
164 162 156 170 212 114
165 163 157 171 213 115
166 164 158 172 214 116
167 165 159 173 215 117
161 166 160 174 216 118
169 174 161 175 217 119
170 168 162 176 218 120
171 169 163 177 219 121
172 170 164 178 220 122
173 171 165 179 221 123
174 172 166 180 222 124
168 173 167 181 223 125
176 181 168 182 224 126
177 175 169 183 225 127
178 176 170 184 226 128
179 177 171 185 227 129
180 178 172 186 228 130
181 179 173 187 229 131
175 180 174 188 230 132
183 188 175 189 231 133
184 182 176 190 232 134
185 183 177 191 233 135
186 184 178 192 234 136
187 185 179 193 235 137
188 186 180 194 236 138
182 187 181 195 237 139
190 195 182 147 238 140
191 189 183 148 239 141
192 190 184 149 240 142
193 191 185 150 241 143
194 192 186 151 242 144
195 193 187 152 243 145
189 194 188 153 244 146
197 202 238 203 245 147
198 196 239 204 246 148
199 197 240 205 247 149
200 198 241 206 248 150
201 199 242 207 249 151
202 200 243 208 250 152
196 201 244 209 251 153
204 209 196 210 252 154
205 203 197 211 253 155
206 204 198 212 254 156
207 205 199 213 255 157
208 206 200 214 256 158
209 207 201 215 257 159
203 208 202 216 258 160
211 216 203 217 259 161
212 210 204 218 260 162
213 211 205 219 261 163
214 212 206 220 262 164
215 213 207 221 263 165
216 214 208 222 264 166
210 215 209 223 265 167
218 223 210 224 266 168
219 217 211 225 267 169
220 218 212 226 268 170
221 219 213 227 269 171
222 220 214 228 270 172
223 221 215 229 271 173
217 222 216 230 272 174
225 230 217 231 273 175
226 224 218 232 274 176
227 225 219 233 275 177
228 226 220 234 276 178
229 227 221 235 277 179
230 228 222 236 278 180
224 229 223 237 279 181
232 237 224 238 280 182
233 231 225 239 281 183
234 232 226 240 282 184
235 233 227 241 283 185
236 234 228 242 284 186
237 235 229 243 285 187
231 236 230 244 286 188
239 244 231 196 287 189
240 238 232 197 288 190
241 239 233 198 289 191
242 240 234 199 290 192
243 241 235 200 291 193
244 242 236 201 292 194
238 243 237 202 293 195
246 251 287 252 294 196
247 245 288 253 295 197
248 246 289 254 296 198
249 247 290 255 297 199
250 248 291 256 298 200
251 249 292 257 299 201
245 250 293 258 300 202
253 258 245 259 301 203
254 252 246 260 302 204
255 253 247 261 303 205
256 254 248 262 304 206
257 255 249 263 305 207
258 256 250 264 306 208
252 257 251 265 307 209
260 265 252 266 308 210
261 259 253 267 309 211
262 260 254 268 310 212
263 261 255 269 311 213
264 262 256 270 312 214
265 263 257 271 313 215
259 264 258 272 314 216
267 272 259 273 315 217
268 266 260 274 316 218
269 267 261 275 317 219
270 268 262 276 318 220
271 269 263 277 319 221
272 270 264 278 320 222
266 271 265 279 321 223
274 279 266 280 322 224
275 273 267 281 323 225
276 274 268 282 324 226
277 275 269 283 325 227
278 276 270 284 326 228
279 277 271 285 327 229
273 278 272 286 328 230
281 286 273 287 329 231
282 280 274 288 330 232
283 281 275 289 331 233
284 282 276 290 332 234
285 283 277 291 333 235
286 284 278 292 334 236
280 285 279 293 335 237
288 293 280 245 336 238
289 287 281 246 337 239
290 288 282 247 338 240
291 289 283 248 339 241
292 290 284 249 340 242
293 291 285 250 341 243
287 292 286 251 342 244
295 300 336 301 0 245
296 294 337 302 1 246
297 295 338 303 2 247
298 296 339 304 3 248
299 297 340 305 4 249
300 298 341 306 5 250
294 299 342 307 6 251
302 307 294 308 7 252
303 301 295 309 8 253
304 302 296 310 9 254
305 303 297 311 10 255
306 304 298 312 11 256
307 305 299 313 12 257
301 306 300 314 13 258
309 314 301 315 14 259
310 308 302 316 15 260
311 309 303 317 16 261
312 310 304 318 17 262
313 311 305 319 18 263
314 312 306 320 19 264
308 313 307 321 20 265
316 321 308 322 21 266
317 315 309 323 22 267
318 316 310 324 23 268
319 317 311 325 24 269
320 318 312 326 25 270
321 319 313 327 26 271
315 320 314 328 27 272
323 328 315 329 28 273
324 322 316 330 29 274
325 323 317 331 30 275
326 324 318 332 31 276
327 325 319 333 32 277
328 326 320 334 33 278
322 327 321 335 34 279
330 335 322 336 35 280
331 329 323 337 36 281
332 330 324 338 37 282
333 331 325 339 38 283
334 332 326 340 39 284
335 333 327 341 40 285
329 334 328 342 41 286
337 342 329 294 42 287
338 336 330 295 43 288
339 337 331 296 44 289
340 338 332 297 45 290
341 339 333 298 46 291
342 340 334 299 47 292
336 341 335 300 48 293
