1 10 110 11
2 0 111 12
3 1 112 13
4 2 113 14
5 3 114 15
6 4 115 16
7 5 116 17
8 6 117 18
9 7 118 19
10 8 119 20
0 9 120 21
12 21 0 22
13 11 1 23
14 12 2 24
15 13 3 25
16 14 4 26
17 15 5 27
18 16 6 28
19 17 7 29
20 18 8 30
21 19 9 31
11 20 10 32
23 32 11 33
24 22 12 34
25 23 13 35
26 24 14 36
27 25 15 37
28 26 16 38
29 27 17 39
30 28 18 40
31 29 19 41
32 30 20 42
22 31 21 43
34 43 22 44
35 33 23 45
36 34 24 46
37 35 25 47
38 36 26 48
39 37 27 49
40 38 28 50
41 39 29 51
42 40 30 52
43 41 31 53
33 42 32 54
45 54 33 55
46 44 34 56
47 45 35 57
48 46 36 58
49 47 37 59
50 48 38 60
51 49 39 61
52 50 40 62
53 51 41 63
54 52 42 64
44 53 43 65
56 65 44 66
57 55 45 67
58 56 46 68
59 57 47 69
60 58 48 70
61 59 49 71
62 60 50 72
63 61 51 73
64 62 52 74
65 63 53 75
55 64 54 76
67 76 55 77
68 66 56 78
69 67 57 79
70 68 58 80
71 69 59 81
72 70 60 82
73 71 61 83
74 72 62 84
75 73 63 85
76 74 64 86
66 75 65 87
78 87 66 88
79 77 67 89
80 78 68 90
81 79 69 91
82 80 70 92
83 81 71 93
84 82 72 94
85 83 73 95
86 84 74 96
87 85 75 97
77 86 76 98
89 98 77 99
90 88 78 100
91 89 79 101
92 90 80 102
93 91 81 103
94 92 82 104
95 93 83 105
96 94 84 106
97 95 85 107
98 96 86 108
88 97 87 109
100 109 88 110
101 99 89 111
102 100 90 112
103 101 91 113
104 102 92 114
105 103 93 115
106 104 94 116
107 105 95 117
108 106 96 118
109 107 97 119
99 108 98 120
111 120 99 0
112 110 100 1
113 111 101 2
114 112 102 3
115 113 103 4
116 114 104 5
117 115 105 6
118 116 106 7
119 117 107 8
120 118 108 9
110 119 109 10
