1 3 12 4 16 48
2 0 13 5 17 49
3 1 14 6 18 50
0 2 15 7 19 51
5 7 0 8 20 52
6 4 1 9 21 53
7 5 2 10 22 54
4 6 3 11 23 55
9 11 4 12 24 56
10 8 5 13 25 57
11 9 6 14 26 58
8 10 7 15 27 59
13 15 8 0 28 60
14 12 9 1 29 61
15 13 10 2 30 62
12 14 11 3 31 63
17 19 28 20 32 0
18 16 29 21 33 1
19 17 30 22 34 2
16 18 31 23 35 3
21 23 16 24 36 4
22 20 17 25 37 5
23 21 18 26 38 6
20 22 19 27 39 7
25 27 20 28 40 8
26 24 21 29 41 9
27 25 22 30 42 10
24 26 23 31 43 11
29 31 24 16 44 12
30 28 25 17 45 13
31 29 26 18 46 14
28 30 27 19 47 15
33 35 44 36 48 16
34 32 45 37 49 17
35 33 46 38 50 18
32 34 47 39 51 19
37 39 32 40 52 20
38 36 33 41 53 21
39 37 34 42 54 22
36 38 35 43 55 23
41 43 36 44 56 24
42 40 37 45 57 25
43 41 38 46 58 26
40 42 39 47 59 27
45 47 40 32 60 28
46 44 41 33 61 29
47 45 42 34 62 30
44 46 43 35 63 31
49 51 60 52 0 32
50 48 61 53 1 33
51 49 62 54 2 34
48 50 63 55 3 35
53 55 48 56 4 36
54 52 49 57 5 37
55 53 50 58 6 38
52 54 51 59 7 39
57 59 52 60 8 40
58 56 53 61 9 41
59 57 54 62 10 42
56 58 55 63 11 43
61 63 56 48 12 44
62 60 57 49 13 45
63 61 58 50 14 46
60 62 59 51 15 47
