1 13 182 14
2 0 183 15
3 1 184 16
4 2 185 17
5 3 186 18
6 4 187 19
7 5 188 20
8 6 189 21
9 7 190 22
10 8 191 23
11 9 192 24
12 10 193 25
13 11 194 26
0 12 195 27
15 27 0 28
16 14 1 29
17 15 2 30
18 16 3 31
19 17 4 32
20 18 5 33
21 19 6 34
22 20 7 35
23 21 8 36
24 22 9 37
25 23 10 38
26 24 11 39
27 25 12 40
14 26 13 41
29 41 14 42
30 28 15 43
31 29 16 44
32 30 17 45
33 31 18 46
34 32 19 47
35 33 20 48
36 34 21 49
37 35 22 50
38 36 23 51
39 37 24 52
40 38 25 53
41 39 26 54
28 40 27 55
43 55 28 56
44 42 29 57
45 43 30 58
46 44 31 59
47 45 32 60
48 46 33 61
49 47 34 62
50 48 35 63
51 49 36 64
52 50 37 65
53 51 38 66
54 52 39 67
55 53 40 68
42 54 41 69
57 69 42 70
58 56 43 71
59 57 44 72
60 58 45 73
61 59 46 74
62 60 47 75
63 61 48 76
64 62 49 77
65 63 50 78
66 64 51 79
67 65 52 80
68 66 53 81
69 67 54 82
56 68 55 83
71 83 56 84
72 70 57 85
73 71 58 86
74 72 59 87
75 73 60 88
76 74 61 89
77 75 62 90
78 76 63 91
79 77 64 92
80 78 65 93
81 79 66 94
82 80 67 95
83 81 68 96
70 82 69 97
85 97 70 98
86 84 71 99
87 85 72 100
88 86 73 101
89 87 74 102
90 88 75 103
91 89 76 104
92 90 77 105
93 91 78 106
94 92 79 107
95 93 80 108
96 94 81 109
97 95 82 110
84 96 83 111
99 111 84 112
100 98 85 113
101 99 86 114
102 100 87 115
103 101 88 116
104 102 89 117
105 103 90 118
106 104 91 119
107 105 92 120
108 106 93 121
109 107 94 122
110 108 95 123
111 109 96 124
98 110 97 125
113 125 98 126
114 112 99 127
115 113 100 128
116 114 101 129
117 115 102 130
118 116 103 131
119 117 104 132
120 118 105 133
121 119 106 134
122 120 107 135
123 121 108 136
124 122 109 137
125 123 110 138
112 124 111 139
127 139 112 140
128 126 113 141
129 127 114 142
130 128 115 143
131 129 116 144
132 130 117 145
133 131 118 146
134 132 119 147
135 133 120 148
136 134 121 149
137 135 122 150
138 136 123 151
139 137 124 152
126 138 125 153
141 153 126 154
142 140 127 155
143 141 128 156
144 142 129 157
145 143 130 158
146 144 131 159
147 145 132 160
148 146 133 161
149 147 134 162
150 148 135 163
151 149 136 164
152 150 137 165
153 151 138 166
140 152 139 167
155 167 140 168
156 154 141 169
157 155 142 170
158 156 143 171
159 157 144 172
160 158 145 173
161 159 146 174
162 160 147 175
163 161 148 176
164 162 149 177
165 163 150 178
166 164 151 179
167 165 152 180
154 166 153 181
169 181 154 182
170 168 155 183
171 169 156 184
172 170 157 185
173 171 158 186
174 172 159 187
175 173 160 188
176 174 161 189
177 175 162 190
178 176 163 191
179 177 164 192
180 178 165 193
181 179 166 194
168 180 167 195
183 195 168 0
184 182 169 1
185 183 170 2
186 184 171 3
187 185 172 4
188 186 173 5
189 187 174 6
190 188 175 7
191 189 176 8
192 190 177 9
193 191 178 10
194 192 179 11
195 193 180 12
182 194 181 13
