28 31 4 7 32 35 224 227 60 36 252 228
29 28 5 4 33 32 225 224 61 37 253 229
30 29 6 5 34 33 226 225 62 38 254 230
31 30 7 6 35 34 227 226 63 39 255 231
1 0 9 8 37 36 229 228 32 40 224 232
2 1 10 9 38 37 230 229 33 41 225 233
3 2 11 10 39 38 231 230 34 42 226 234
0 3 8 11 36 39 228 231 35 43 227 235
4 7 12 15 40 43 232 235 36 44 228 236
5 4 13 12 41 40 233 232 37 45 229 237
6 5 14 13 42 41 234 233 38 46 230 238
7 6 15 14 43 42 235 234 39 47 231 239
9 8 17 16 45 44 237 236 40 48 232 240
10 9 18 17 46 45 238 237 41 49 233 241
11 10 19 18 47 46 239 238 42 50 234 242
8 11 16 19 44 47 236 239 43 51 235 243
12 15 20 23 48 51 240 243 44 52 236 244
13 12 21 20 49 48 241 240 45 53 237 245
14 13 22 21 50 49 242 241 46 54 238 246
15 14 23 22 51 50 243 242 47 55 239 247
17 16 25 24 53 52 245 244 48 56 240 248
18 17 26 25 54 53 246 245 49 57 241 249
19 18 27 26 55 54 247 246 50 58 242 250
16 19 24 27 52 55 244 247 51 59 243 251
20 23 28 31 56 59 248 251 52 60 244 252
21 20 29 28 57 56 249 248 53 61 245 253
22 21 30 29 58 57 250 249 54 62 246 254
23 22 31 30 59 58 251 250 55 63 247 255
25 24 1 0 61 60 253 252 56 32 248 224
26 25 2 1 62 61 254 253 57 33 249 225
27 26 3 2 63 62 255 254 58 34 250 226
24 27 0 3 60 63 252 255 59 35 251 227
61 60 37 36 65 64 1 0 92 68 28 4
62 61 38 37 66 65 2 1 93 69 29 5
63 62 39 38 67 66 3 2 94 70 30 6
60 63 36 39 64 67 0 3 95 71 31 7
32 35 40 43 68 71 4 7 64 72 0 8
33 32 41 40 69 68 5 4 65 73 1 9
34 33 42 41 70 69 6 5 66 74 2 10
35 34 43 42 71 70 7 6 67 75 3 11
37 36 45 44 73 72 9 8 68 76 4 12
38 37 46 45 74 73 10 9 69 77 5 13
39 38 47 46 75 74 11 10 70 78 6 14
36 39 44 47 72 75 8 11 71 79 7 15
40 43 48 51 76 79 12 15 72 80 8 16
41 40 49 48 77 76 13 12 73 81 9 17
42 41 50 49 78 77 14 13 74 82 10 18
43 42 51 50 79 78 15 14 75 83 11 19
45 44 53 52 81 80 17 16 76 84 12 20
46 45 54 53 82 81 18 17 77 85 13 21
47 46 55 54 83 82 19 18 78 86 14 22
44 47 52 55 80 83 16 19 79 87 15 23
48 51 56 59 84 87 20 23 80 88 16 24
49 48 57 56 85 84 21 20 81 89 17 25
50 49 58 57 86 85 22 21 82 90 18 26
51 50 59 58 87 86 23 22 83 91 19 27
53 52 61 60 89 88 25 24 84 92 20 28
54 53 62 61 90 89 26 25 85 93 21 29
55 54 63 62 91 90 27 26 86 94 22 30
52 55 60 63 88 91 24 27 87 95 23 31
56 59 32 35 92 95 28 31 88 64 24 0
57 56 33 32 93 92 29 28 89 65 25 1
58 57 34 33 94 93 30 29 90 66 26 2
59 58 35 34 95 94 31 30 91 67 27 3
92 95 68 71 96 99 32 35 124 100 60 36
93 92 69 68 97 96 33 32 125 101 61 37
94 93 70 69 98 97 34 33 126 102 62 38
95 94 71 70 99 98 35 34 127 103 63 39
65 64 73 72 101 100 37 36 96 104 32 40
66 65 74 73 102 101 38 37 97 105 33 41
67 66 75 74 103 102 39 38 98 106 34 42
64 67 72 75 100 103 36 39 99 107 35 43
68 71 76 79 104 107 40 43 100 108 36 44
69 68 77 76 105 104 41 40 101 109 37 45
70 69 78 77 106 105 42 41 102 110 38 46
71 70 79 78 107 106 43 42 103 111 39 47
73 72 81 80 109 108 45 44 104 112 40 48
74 73 82 81 110 109 46 45 105 113 41 49
75 74 83 82 111 110 47 46 106 114 42 50
72 75 80 83 108 111 44 47 107 115 43 51
76 79 84 87 112 115 48 51 108 116 44 52
77 76 85 84 113 112 49 48 109 117 45 53
78 77 86 85 114 113 50 49 110 118 46 54
79 78 87 86 115 114 51 50 111 119 47 55
81 80 89 88 117 116 53 52 112 120 48 56
82 81 90 89 118 117 54 53 113 121 49 57
83 82 91 90 119 118 55 54 114 122 50 58
80 83 88 91 116 119 52 55 115 123 51 59
84 87 92 95 120 123 56 59 116 124 52 60
85 84 93 92 121 120 57 56 117 125 53 61
86 85 94 93 122 121 58 57 118 126 54 62
87 86 95 94 123 122 59 58 119 127 55 63
89 88 65 64 125 124 61 60 120 96 56 32
90 89 66 65 126 125 62 61 121 97 57 33
91 90 67 66 127 126 63 62 122 98 58 34
88 91 64 67 124 127 60 63 123 99 59 35
125 124 101 100 129 128 65 64 156 132 92 68
126 125 102 101 130 129 66 65 157 133 93 69
127 126 103 102 131 130 67 66 158 134 94 70
124 127 100 103 128 131 64 67 159 135 95 71
96 99 104 107 132 135 68 71 128 136 64 72
97 96 105 104 133 132 69 68 129 137 65 73
98 97 106 105 134 133 70 69 130 138 66 74
99 98 107 106 135 134 71 70 131 139 67 75
101 100 109 108 137 136 73 72 132 140 68 76
102 101 110 109 138 137 74 73 133 141 69 77
103 102 111 110 139 138 75 74 134 142 70 78
100 103 108 111 136 139 72 75 135 143 71 79
104 107 112 115 140 143 76 79 136 144 72 80
105 104 113 112 141 140 77 76 137 145 73 81
106 105 114 113 142 141 78 77 138 146 74 82
107 106 115 114 143 142 79 78 139 147 75 83
109 108 117 116 145 144 81 80 140 148 76 84
110 109 118 117 146 145 82 81 141 149 77 85
111 110 119 118 147 146 83 82 142 150 78 86
108 111 116 119 144 147 80 83 143 151 79 87
112 115 120 123 148 151 84 87 144 152 80 88
113 112 121 120 149 148 85 84 145 153 81 89
114 113 122 121 150 149 86 85 146 154 82 90
115 114 123 122 151 150 87 86 147 155 83 91
117 116 125 124 153 152 89 88 148 156 84 92
118 117 126 125 154 153 90 89 149 157 85 93
119 118 127 126 155 154 91 90 150 158 86 94
116 119 124 127 152 155 88 91 151 159 87 95
120 123 96 99 156 159 92 95 152 128 88 64
121 120 97 96 157 156 93 92 153 129 89 65
122 121 98 97 158 157 94 93 154 130 90 66
123 122 99 98 159 158 95 94 155 131 91 67
156 159 132 135 160 163 96 99 188 164 124 100
157 156 133 132 161 160 97 96 189 165 125 101
158 157 134 133 162 161 98 97 190 166 126 102
159 158 135 134 163 162 99 98 191 167 127 103
129 128 137 136 165 164 101 100 160 168 96 104
130 129 138 137 166 165 102 101 161 169 97 105
131 130 139 138 167 166 103 102 162 170 98 106
128 131 136 139 164 167 100 103 163 171 99 107
132 135 140 143 168 171 104 107 164 172 100 108
133 132 141 140 169 168 105 104 165 173 101 109
134 133 142 141 170 169 106 105 166 174 102 110
135 134 143 142 171 170 107 106 167 175 103 111
137 136 145 144 173 172 109 108 168 176 104 112
138 137 146 145 174 173 110 109 169 177 105 113
139 138 147 146 175 174 111 110 170 178 106 114
136 139 144 147 172 175 108 111 171 179 107 115
140 143 148 151 176 179 112 115 172 180 108 116
141 140 149 148 177 176 113 112 173 181 109 117
142 141 150 149 178 177 114 113 174 182 110 118
143 142 151 150 179 178 115 114 175 183 111 119
145 144 153 152 181 180 117 116 176 184 112 120
146 145 154 153 182 181 118 117 177 185 113 121
147 146 155 154 183 182 119 118 178 186 114 122
144 147 152 155 180 183 116 119 179 187 115 123
148 151 156 159 184 187 120 123 180 188 116 124
149 148 157 156 185 184 121 120 181 189 117 125
150 149 158 157 186 185 122 121 182 190 118 126
151 150 159 158 187 186 123 122 183 191 119 127
153 152 129 128 189 188 125 124 184 160 120 96
154 153 130 129 190 189 126 125 185 161 121 97
155 154 131 130 191 190 127 126 186 162 122 98
152 155 128 131 188 191 124 127 187 163 123 99
189 188 165 164 193 192 129 128 220 196 156 132
190 189 166 165 194 193 130 129 221 197 157 133
191 190 167 166 195 194 131 130 222 198 158 134
188 191 164 167 192 195 128 131 223 199 159 135
160 163 168 171 196 199 132 135 192 200 128 136
161 160 169 168 197 196 133 132 193 201 129 137
162 161 170 169 198 197 134 133 194 202 130 138
163 162 171 170 199 198 135 134 195 203 131 139
165 164 173 172 201 200 137 136 196 204 132 140
166 165 174 173 202 201 138 137 197 205 133 141
167 166 175 174 203 202 139 138 198 206 134 142
164 167 172 175 200 203 136 139 199 207 135 143
168 171 176 179 204 207 140 143 200 208 136 144
169 168 177 176 205 204 141 140 201 209 137 145
170 169 178 177 206 205 142 141 202 210 138 146
171 170 179 178 207 206 143 142 203 211 139 147
173 172 181 180 209 208 145 144 204 212 140 148
174 173 182 181 210 209 146 145 205 213 141 149
175 174 183 182 211 210 147 146 206 214 142 150
172 175 180 183 208 211 144 147 207 215 143 151
176 179 184 187 212 215 148 151 208 216 144 152
177 176 185 184 213 212 149 148 209 217 145 153
178 177 186 185 214 213 150 149 210 218 146 154
179 178 187 186 215 214 151 150 211 219 147 155
181 180 189 188 217 216 153 152 212 220 148 156
182 181 190 189 218 217 154 153 213 221 149 157
183 182 191 190 219 218 155 154 214 222 150 158
180 183 188 191 216 219 152 155 215 223 151 159
184 187 160 163 220 223 156 159 216 192 152 128
185 184 161 160 221 220 157 156 217 193 153 129
186 185 162 161 222 221 158 157 218 194 154 130
187 186 163 162 223 222 159 158 219 195 155 131
220 223 196 199 224 227 160 163 252 228 188 164
221 220 197 196 225 224 161 160 253 229 189 165
222 221 198 197 226 225 162 161 254 230 190 166
223 222 199 198 227 226 163 162 255 231 191 167
193 192 201 200 229 228 165 164 224 232 160 168
194 193 202 201 230 229 166 165 225 233 161 169
195 194 203 202 231 230 167 166 226 234 162 170
192 195 200 203 228 231 164 167 227 235 163 171
196 199 204 207 232 235 168 171 228 236 164 172
197 196 205 204 233 232 169 168 229 237 165 173
198 197 206 205 234 233 170 169 230 238 166 174
199 198 207 206 235 234 171 170 231 239 167 175
201 200 209 208 237 236 173 172 232 240 168 176
202 201 210 209 238 237 174 173 233 241 169 177
203 202 211 210 239 238 175 174 234 242 170 178
200 203 208 211 236 239 172 175 235 243 171 179
204 207 212 215 240 243 176 179 236 244 172 180
205 204 213 212 241 240 177 176 237 245 173 181
206 205 214 213 242 241 178 177 238 246 174 182
207 206 215 214 243 242 179 178 239 247 175 183
209 208 217 216 245 244 181 180 240 248 176 184
210 209 218 217 246 245 182 181 241 249 177 185
211 210 219 218 247 246 183 182 242 250 178 186
208 211 216 219 244 247 180 183 243 251 179 187
212 215 220 223 248 251 184 187 244 252 180 188
213 212 221 220 249 248 185 184 245 253 181 189
214 213 222 221 250 249 186 185 246 254 182 190
215 214 223 222 251 250 187 186 247 255 183 191
217 216 193 192 253 252 189 188 248 224 184 160
218 217 194 193 254 253 190 189 249 225 185 161
219 218 195 194 255 254 191 190 250 226 186 162
216 219 192 195 252 255 188 191 251 227 187 163
253 252 229 228 1 0 193 192 28 4 220 196
254 253 230 229 2 1 194 193 29 5 221 197
255 254 231 230 3 2 195 194 30 6 222 198
252 255 228 231 0 3 192 195 31 7 223 199
224 227 232 235 4 7 196 199 0 8 192 200
225 224 233 232 5 4 197 196 1 9 193 201
226 225 234 233 6 5 198 197 2 10 194 202
227 226 235 234 7 6 199 198 3 11 195 203
229 228 237 236 9 8 201 200 4 12 196 204
230 229 238 237 10 9 202 201 5 13 197 205
231 230 239 238 11 10 203 202 6 14 198 206
228 231 236 239 8 11 200 203 7 15 199 207
232 235 240 243 12 15 204 207 8 16 200 208
233 232 241 240 13 12 205 204 9 17 201 209
234 233 242 241 14 13 206 205 10 18 202 210
235 234 243 242 15 14 207 206 11 19 203 211
237 236 245 244 17 16 209 208 12 20 204 212
238 237 246 245 18 17 210 209 13 21 205 213
239 238 247 246 19 18 211 210 14 22 206 214
236 239 244 247 16 19 208 211 15 23 207 215
240 243 248 251 20 23 212 215 16 24 208 216
241 240 249 248 21 20 213 212 17 25 209 217
242 241 250 249 22 21 214 213 18 26 210 218
243 242 251 250 23 22 215 214 19 27 211 219
245 244 253 252 25 24 217 216 20 28 212 220
246 245 254 253 26 25 218 217 21 29 213 221
247 246 255 254 27 26 219 218 22 30 214 222
244 247 252 255 24 27 216 219 23 31 215 223
248 251 224 227 28 31 220 223 24 0 216 192
249 248 225 224 29 28 221 220 25 1 217 193
250 249 226 225 30 29 222 221 26 2 218 194
251 250 227 226 31 30 223 222 27 3 219 195
