1 3 12 4 15 5 16 48
2 0 13 5 12 6 17 49
3 1 14 6 13 7 18 50
0 2 15 7 14 4 19 51
5 7 0 8 3 9 20 52
6 4 1 9 0 10 21 53
7 5 2 10 1 11 22 54
4 6 3 11 2 8 23 55
9 11 4 12 7 13 24 56
10 8 5 13 4 14 25 57
11 9 6 14 5 15 26 58
8 10 7 15 6 12 27 59
13 15 8 0 11 1 28 60
14 12 9 1 8 2 29 61
15 13 10 2 9 3 30 62
12 14 11 3 10 0 31 63
17 19 28 20 31 21 32 0
18 16 29 21 28 22 33 1
19 17 30 22 29 23 34 2
16 18 31 23 30 20 35 3
21 23 16 24 19 25 36 4
22 20 17 25 16 26 37 5
23 21 18 26 17 27 38 6
20 22 19 27 18 24 39 7
25 27 20 28 23 29 40 8
26 24 21 29 20 30 41 9
27 25 22 30 21 31 42 10
24 26 23 31 22 28 43 11
29 31 24 16 27 17 44 12
30 28 25 17 24 18 45 13
31 29 26 18 25 19 46 14
28 30 27 19 26 16 47 15
33 35 44 36 47 37 48 16
34 32 45 37 44 38 49 17
35 33 46 38 45 39 50 18
32 34 47 39 46 36 51 19
37 39 32 40 35 41 52 20
38 36 33 41 32 42 53 21
39 37 34 42 33 43 54 22
36 38 35 43 34 40 55 23
41 43 36 44 39 45 56 24
42 40 37 45 36 46 57 25
43 41 38 46 37 47 58 26
40 42 39 47 38 44 59 27
45 47 40 32 43 33 60 28
46 44 41 33 40 34 61 29
47 45 42 34 41 35 62 30
44 46 43 35 42 32 63 31
49 51 60 52 63 53 0 32
50 48 61 53 60 54 1 33
51 49 62 54 61 55 2 34
48 50 63 55 62 52 3 35
53 55 48 56 51 57 4 36
54 52 49 57 48 58 5 37
55 53 50 58 49 59 6 38
52 54 51 59 50 56 7 39
57 59 52 60 55 61 8 40
58 56 53 61 52 62 9 41
59 57 54 62 53 63 10 42
56 58 55 63 54 60 11 43
61 63 56 48 59 49 12 44
62 60 57 49 56 50 13 45
63 61 58 50 57 51 14 46
60 62 59 51 58 48 15 47
