1 12 156 13
2 0 157 14
3 1 158 15
4 2 159 16
5 3 160 17
6 4 161 18
7 5 162 19
8 6 163 20
9 7 164 21
10 8 165 22
11 9 166 23
12 10 167 24
0 11 168 25
14 25 0 26
15 13 1 27
16 14 2 28
17 15 3 29
18 16 4 30
19 17 5 31
20 18 6 32
21 19 7 33
22 20 8 34
23 21 9 35
24 22 10 36
25 23 11 37
13 24 12 38
27 38 13 39
28 26 14 40
29 27 15 41
30 28 16 42
31 29 17 43
32 30 18 44
33 31 19 45
34 32 20 46
35 33 21 47
36 34 22 48
37 35 23 49
38 36 24 50
26 37 25 51
40 51 26 52
41 39 27 53
42 40 28 54
43 41 29 55
44 42 30 56
45 43 31 57
46 44 32 58
47 45 33 59
48 46 34 60
49 47 35 61
50 48 36 62
51 49 37 63
39 50 38 64
53 64 39 65
54 52 40 66
55 53 41 67
56 54 42 68
57 55 43 69
58 56 44 70
59 57 45 71
60 58 46 72
61 59 47 73
62 60 48 74
63 61 49 75
64 62 50 76
52 63 51 77
66 77 52 78
67 65 53 79
68 66 54 80
69 67 55 81
70 68 56 82
71 69 57 83
72 70 58 84
73 71 59 85
74 72 60 86
75 73 61 87
76 74 62 88
77 75 63 89
65 76 64 90
79 90 65 91
80 78 66 92
81 79 67 93
82 80 68 94
83 81 69 95
84 82 70 96
85 83 71 97
86 84 72 98
87 85 73 99
88 86 74 100
89 87 75 101
90 88 76 102
78 89 77 103
92 103 78 104
93 91 79 105
94 92 80 106
95 93 81 107
96 94 82 108
97 95 83 109
98 96 84 110
99 97 85 111
100 98 86 112
101 99 87 113
102 100 88 114
103 101 89 115
91 102 90 116
105 116 91 117
106 104 92 118
107 105 93 119
108 106 94 120
109 107 95 121
110 108 96 122
111 109 97 123
112 110 98 124
113 111 99 125
114 112 100 126
115 113 101 127
116 114 102 128
104 115 103 129
118 129 104 130
119 117 105 131
120 118 106 132
121 119 107 133
122 120 108 134
123 121 109 135
124 122 110 136
125 123 111 137
126 124 112 138
127 125 113 139
128 126 114 140
129 127 115 141
117 128 116 142
131 142 117 143
132 130 118 144
133 131 119 145
134 132 120 146
135 133 121 147
136 134 122 148
137 135 123 149
138 136 124 150
139 137 125 151
140 138 126 152
141 139 127 153
142 140 128 154
130 141 129 155
144 155 130 156
145 143 131 157
146 144 132 158
147 145 133 159
148 146 134 160
149 147 135 161
150 148 136 162
151 149 137 163
152 150 138 164
153 151 139 165
154 152 140 166
155 153 141 167
143 154 142 168
157 168 143 0
158 156 144 1
159 157 145 2
160 158 146 3
161 159 147 4
162 160 148 5
163 161 149 6
164 162 150 7
165 163 151 8
166 164 152 9
167 165 153 10
168 166 154 11
156 167 155 12
