45 49 5 9 50 54 450 454 95 55 495 455
46 45 6 5 51 50 451 450 96 56 496 456
47 46 7 6 52 51 452 451 97 57 497 457
48 47 8 7 53 52 453 452 98 58 498 458
49 48 9 8 54 53 454 453 99 59 499 459
1 0 11 10 56 55 456 455 50 60 450 460
2 1 12 11 57 56 457 456 51 61 451 461
3 2 13 12 58 57 458 457 52 62 452 462
4 3 14 13 59 58 459 458 53 63 453 463
0 4 10 14 55 59 455 459 54 64 454 464
5 9 15 19 60 64 460 464 55 65 455 465
6 5 16 15 61 60 461 460 56 66 456 466
7 6 17 16 62 61 462 461 57 67 457 467
8 7 18 17 63 62 463 462 58 68 458 468
9 8 19 18 64 63 464 463 59 69 459 469
11 10 21 20 66 65 466 465 60 70 460 470
12 11 22 21 67 66 467 466 61 71 461 471
13 12 23 22 68 67 468 467 62 72 462 472
14 13 24 23 69 68 469 468 63 73 463 473
10 14 20 24 65 69 465 469 64 74 464 474
15 19 25 29 70 74 470 474 65 75 465 475
16 15 26 25 71 70 471 470 66 76 466 476
17 16 27 26 72 71 472 471 67 77 467 477
18 17 28 27 73 72 473 472 68 78 468 478
19 18 29 28 74 73 474 473 69 79 469 479
21 20 31 30 76 75 476 475 70 80 470 480
22 21 32 31 77 76 477 476 71 81 471 481
23 22 33 32 78 77 478 477 72 82 472 482
24 23 34 33 79 78 479 478 73 83 473 483
20 24 30 34 75 79 475 479 74 84 474 484
25 29 35 39 80 84 480 484 75 85 475 485
26 25 36 35 81 80 481 480 76 86 476 486
27 26 37 36 82 81 482 481 77 87 477 487
28 27 38 37 83 82 483 482 78 88 478 488
29 28 39 38 84 83 484 483 79 89 479 489
31 30 41 40 86 85 486 485 80 90 480 490
32 31 42 41 87 86 487 486 81 91 481 491
33 32 43 42 88 87 488 487 82 92 482 492
34 33 44 43 89 88 489 488 83 93 483 493
30 34 40 44 85 89 485 489 84 94 484 494
35 39 45 49 90 94 490 494 85 95 485 495
36 35 46 45 91 90 491 490 86 96 486 496
37 36 47 46 92 91 492 491 87 97 487 497
38 37 48 47 93 92 493 492 88 98 488 498
39 38 49 48 94 93 494 493 89 99 489 499
41 40 1 0 96 95 496 495 90 50 490 450
42 41 2 1 97 96 497 496 91 51 491 451
43 42 3 2 98 97 498 497 92 52 492 452
44 43 4 3 99 98 499 498 93 53 493 453
40 44 0 4 95 99 495 499 94 54 494 454
96 95 56 55 101 100 1 0 145 105 45 5
97 96 57 56 102 101 2 1 146 106 46 6
98 97 58 57 103 102 3 2 147 107 47 7
99 98 59 58 104 103 4 3 148 108 48 8
95 99 55 59 100 104 0 4 149 109 49 9
50 54 60 64 105 109 5 9 100 110 0 10
51 50 61 60 106 105 6 5 101 111 1 11
52 51 62 61 107 106 7 6 102 112 2 12
53 52 63 62 108 107 8 7 103 113 3 13
54 53 64 63 109 108 9 8 104 114 4 14
56 55 66 65 111 110 11 10 105 115 5 15
57 56 67 66 112 111 12 11 106 116 6 16
58 57 68 67 113 112 13 12 107 117 7 17
59 58 69 68 114 113 14 13 108 118 8 18
55 59 65 69 110 114 10 14 109 119 9 19
60 64 70 74 115 119 15 19 110 120 10 20
61 60 71 70 116 115 16 15 111 121 11 21
62 61 72 71 117 116 17 16 112 122 12 22
63 62 73 72 118 117 18 17 113 123 13 23
64 63 74 73 119 118 19 18 114 124 14 24
66 65 76 75 121 120 21 20 115 125 15 25
67 66 77 76 122 121 22 21 116 126 16 26
68 67 78 77 123 122 23 22 117 127 17 27
69 68 79 78 124 123 24 23 118 128 18 28
65 69 75 79 120 124 20 24 119 129 19 29
70 74 80 84 125 129 25 29 120 130 20 30
71 70 81 80 126 125 26 25 121 131 21 31
72 71 82 81 127 126 27 26 122 132 22 32
73 72 83 82 128 127 28 27 123 133 23 33
74 73 84 83 129 128 29 28 124 134 24 34
76 75 86 85 131 130 31 30 125 135 25 35
77 76 87 86 132 131 32 31 126 136 26 36
78 77 88 87 133 132 33 32 127 137 27 37
79 78 89 88 134 133 34 33 128 138 28 38
75 79 85 89 130 134 30 34 129 139 29 39
80 84 90 94 135 139 35 39 130 140 30 40
81 80 91 90 136 135 36 35 131 141 31 41
82 81 92 91 137 136 37 36 132 142 32 42
83 82 93 92 138 137 38 37 133 143 33 43
84 83 94 93 139 138 39 38 134 144 34 44
86 85 96 95 141 140 41 40 135 145 35 45
87 86 97 96 142 141 42 41 136 146 36 46
88 87 98 97 143 142 43 42 137 147 37 47
89 88 99 98 144 143 44 43 138 148 38 48
85 89 95 99 140 144 40 44 139 149 39 49
90 94 50 54 145 149 45 49 140 100 40 0
91 90 51 50 146 145 46 45 141 101 41 1
92 91 52 51 147 146 47 46 142 102 42 2
93 92 53 52 148 147 48 47 143 103 43 3
94 93 54 53 149 148 49 48 144 104 44 4
145 149 105 109 150 154 50 54 195 155 95 55
146 145 106 105 151 150 51 50 196 156 96 56
147 146 107 106 152 151 52 51 197 157 97 57
148 147 108 107 153 152 53 52 198 158 98 58
149 148 109 108 154 153 54 53 199 159 99 59
101 100 111 110 156 155 56 55 150 160 50 60
102 101 112 111 157 156 57 56 151 161 51 61
103 102 113 112 158 157 58 57 152 162 52 62
104 103 114 113 159 158 59 58 153 163 53 63
100 104 110 114 155 159 55 59 154 164 54 64
105 109 115 119 160 164 60 64 155 165 55 65
106 105 116 115 161 160 61 60 156 166 56 66
107 106 117 116 162 161 62 61 157 167 57 67
108 107 118 117 163 162 63 62 158 168 58 68
109 108 119 118 164 163 64 63 159 169 59 69
111 110 121 120 166 165 66 65 160 170 60 70
112 111 122 121 167 166 67 66 161 171 61 71
113 112 123 122 168 167 68 67 162 172 62 72
114 113 124 123 169 168 69 68 163 173 63 73
110 114 120 124 165 169 65 69 164 174 64 74
115 119 125 129 170 174 70 74 165 175 65 75
116 115 126 125 171 170 71 70 166 176 66 76
117 116 127 126 172 171 72 71 167 177 67 77
118 117 128 127 173 172 73 72 168 178 68 78
119 118 129 128 174 173 74 73 169 179 69 79
121 120 131 130 176 175 76 75 170 180 70 80
122 121 132 131 177 176 77 76 171 181 71 81
123 122 133 132 178 177 78 77 172 182 72 82
124 123 134 133 179 178 79 78 173 183 73 83
120 124 130 134 175 179 75 79 174 184 74 84
125 129 135 139 180 184 80 84 175 185 75 85
126 125 136 135 181 180 81 80 176 186 76 86
127 126 137 136 182 181 82 81 177 187 77 87
128 127 138 137 183 182 83 82 178 188 78 88
129 128 139 138 184 183 84 83 179 189 79 89
131 130 141 140 186 185 86 85 180 190 80 90
132 131 142 141 187 186 87 86 181 191 81 91
133 132 143 142 188 187 88 87 182 192 82 92
134 133 144 143 189 188 89 88 183 193 83 93
130 134 140 144 185 189 85 89 184 194 84 94
135 139 145 149 190 194 90 94 185 195 85 95
136 135 146 145 191 190 91 90 186 196 86 96
137 136 147 146 192 191 92 91 187 197 87 97
138 137 148 147 193 192 93 92 188 198 88 98
139 138 149 148 194 193 94 93 189 199 89 99
141 140 101 100 196 195 96 95 190 150 90 50
142 141 102 101 197 196 97 96 191 151 91 51
143 142 103 102 198 197 98 97 192 152 92 52
144 143 104 103 199 198 99 98 193 153 93 53
140 144 100 104 195 199 95 99 194 154 94 54
196 195 156 155 201 200 101 100 245 205 145 105
197 196 157 156 202 201 102 101 246 206 146 106
198 197 158 157 203 202 103 102 247 207 147 107
199 198 159 158 204 203 104 103 248 208 148 108
195 199 155 159 200 204 100 104 249 209 149 109
150 154 160 164 205 209 105 109 200 210 100 110
151 150 161 160 206 205 106 105 201 211 101 111
152 151 162 161 207 206 107 106 202 212 102 112
153 152 163 162 208 207 108 107 203 213 103 113
154 153 164 163 209 208 109 108 204 214 104 114
156 155 166 165 211 210 111 110 205 215 105 115
157 156 167 166 212 211 112 111 206 216 106 116
158 157 168 167 213 212 113 112 207 217 107 117
159 158 169 168 214 213 114 113 208 218 108 118
155 159 165 169 210 214 110 114 209 219 109 119
160 164 170 174 215 219 115 119 210 220 110 120
161 160 171 170 216 215 116 115 211 221 111 121
162 161 172 171 217 216 117 116 212 222 112 122
163 162 173 172 218 217 118 117 213 223 113 123
164 163 174 173 219 218 119 118 214 224 114 124
166 165 176 175 221 220 121 120 215 225 115 125
167 166 177 176 222 221 122 121 216 226 116 126
168 167 178 177 223 222 123 122 217 227 117 127
169 168 179 178 224 223 124 123 218 228 118 128
165 169 175 179 220 224 120 124 219 229 119 129
170 174 180 184 225 229 125 129 220 230 120 130
171 170 181 180 226 225 126 125 221 231 121 131
172 171 182 181 227 226 127 126 222 232 122 132
173 172 183 182 228 227 128 127 223 233 123 133
174 173 184 183 229 228 129 128 224 234 124 134
176 175 186 185 231 230 131 130 225 235 125 135
177 176 187 186 232 231 132 131 226 236 126 136
178 177 188 187 233 232 133 132 227 237 127 137
179 178 189 188 234 233 134 133 228 238 128 138
175 179 185 189 230 234 130 134 229 239 129 139
180 184 190 194 235 239 135 139 230 240 130 140
181 180 191 190 236 235 136 135 231 241 131 141
182 181 192 191 237 236 137 136 232 242 132 142
183 182 193 192 238 237 138 137 233 243 133 143
184 183 194 193 239 238 139 138 234 244 134 144
186 185 196 195 241 240 141 140 235 245 135 145
187 186 197 196 242 241 142 141 236 246 136 146
188 187 198 197 243 242 143 142 237 247 137 147
189 188 199 198 244 243 144 143 238 248 138 148
185 189 195 199 240 244 140 144 239 249 139 149
190 194 150 154 245 249 145 149 240 200 140 100
191 190 151 150 246 245 146 145 241 201 141 101
192 191 152 151 247 246 147 146 242 202 142 102
193 192 153 152 248 247 148 147 243 203 143 103
194 193 154 153 249 248 149 148 244 204 144 104
245 249 205 209 250 254 150 154 295 255 195 155
246 245 206 205 251 250 151 150 296 256 196 156
247 246 207 206 252 251 152 151 297 257 197 157
248 247 208 207 253 252 153 152 298 258 198 158
249 248 209 208 254 253 154 153 299 259 199 159
201 200 211 210 256 255 156 155 250 260 150 160
202 201 212 211 257 256 157 156 251 261 151 161
203 202 213 212 258 257 158 157 252 262 152 162
204 203 214 213 259 258 159 158 253 263 153 163
200 204 210 214 255 259 155 159 254 264 154 164
205 209 215 219 260 264 160 164 255 265 155 165
206 205 216 215 261 260 161 160 256 266 156 166
207 206 217 216 262 261 162 161 257 267 157 167
208 207 218 217 263 262 163 162 258 268 158 168
209 208 219 218 264 263 164 163 259 269 159 169
211 210 221 220 266 265 166 165 260 270 160 170
212 211 222 221 267 266 167 166 261 271 161 171
213 212 223 222 268 267 168 167 262 272 162 172
214 213 224 223 269 268 169 168 263 273 163 173
210 214 220 224 265 269 165 169 264 274 164 174
215 219 225 229 270 274 170 174 265 275 165 175
216 215 226 225 271 270 171 170 266 276 166 176
217 216 227 226 272 271 172 171 267 277 167 177
218 217 228 227 273 272 173 172 268 278 168 178
219 218 229 228 274 273 174 173 269 279 169 179
221 220 231 230 276 275 176 175 270 280 170 180
222 221 232 231 277 276 177 176 271 281 171 181
223 222 233 232 278 277 178 177 272 282 172 182
224 223 234 233 279 278 179 178 273 283 173 183
220 224 230 234 275 279 175 179 274 284 174 184
225 229 235 239 280 284 180 184 275 285 175 185
226 225 236 235 281 280 181 180 276 286 176 186
227 226 237 236 282 281 182 181 277 287 177 187
228 227 238 237 283 282 183 182 278 288 178 188
229 228 239 238 284 283 184 183 279 289 179 189
231 230 241 240 286 285 186 185 280 290 180 190
232 231 242 241 287 286 187 186 281 291 181 191
233 232 243 242 288 287 188 187 282 292 182 192
234 233 244 243 289 288 189 188 283 293 183 193
230 234 240 244 285 289 185 189 284 294 184 194
235 239 245 249 290 294 190 194 285 295 185 195
236 235 246 245 291 290 191 190 286 296 186 196
237 236 247 246 292 291 192 191 287 297 187 197
238 237 248 247 293 292 193 192 288 298 188 198
239 238 249 248 294 293 194 193 289 299 189 199
241 240 201 200 296 295 196 195 290 250 190 150
242 241 202 201 297 296 197 196 291 251 191 151
243 242 203 202 298 297 198 197 292 252 192 152
244 243 204 203 299 298 199 198 293 253 193 153
240 244 200 204 295 299 195 199 294 254 194 154
296 295 256 255 301 300 201 200 345 305 245 205
297 296 257 256 302 301 202 201 346 306 246 206
298 297 258 257 303 302 203 202 347 307 247 207
299 298 259 258 304 303 204 203 348 308 248 208
295 299 255 259 300 304 200 204 349 309 249 209
250 254 260 264 305 309 205 209 300 310 200 210
251 250 261 260 306 305 206 205 301 311 201 211
252 251 262 261 307 306 207 206 302 312 202 212
253 252 263 262 308 307 208 207 303 313 203 213
254 253 264 263 309 308 209 208 304 314 204 214
256 255 266 265 311 310 211 210 305 315 205 215
257 256 267 266 312 311 212 211 306 316 206 216
258 257 268 267 313 312 213 212 307 317 207 217
259 258 269 268 314 313 214 213 308 318 208 218
255 259 265 269 310 314 210 214 309 319 209 219
260 264 270 274 315 319 215 219 310 320 210 220
261 260 271 270 316 315 216 215 311 321 211 221
262 261 272 271 317 316 217 216 312 322 212 222
263 262 273 272 318 317 218 217 313 323 213 223
264 263 274 273 319 318 219 218 314 324 214 224
266 265 276 275 321 320 221 220 315 325 215 225
267 266 277 276 322 321 222 221 316 326 216 226
268 267 278 277 323 322 223 222 317 327 217 227
269 268 279 278 324 323 224 223 318 328 218 228
265 269 275 279 320 324 220 224 319 329 219 229
270 274 280 284 325 329 225 229 320 330 220 230
271 270 281 280 326 325 226 225 321 331 221 231
272 271 282 281 327 326 227 226 322 332 222 232
273 272 283 282 328 327 228 227 323 333 223 233
274 273 284 283 329 328 229 228 324 334 224 234
276 275 286 285 331 330 231 230 325 335 225 235
277 276 287 286 332 331 232 231 326 336 226 236
278 277 288 287 333 332 233 232 327 337 227 237
279 278 289 288 334 333 234 233 328 338 228 238
275 279 285 289 330 334 230 234 329 339 229 239
280 284 290 294 335 339 235 239 330 340 230 240
281 280 291 290 336 335 236 235 331 341 231 241
282 281 292 291 337 336 237 236 332 342 232 242
283 282 293 292 338 337 238 237 333 343 233 243
284 283 294 293 339 338 239 238 334 344 234 244
286 285 296 295 341 340 241 240 335 345 235 245
287 286 297 296 342 341 242 241 336 346 236 246
288 287 298 297 343 342 243 242 337 347 237 247
289 288 299 298 344 343 244 243 338 348 238 248
285 289 295 299 340 344 240 244 339 349 239 249
290 294 250 254 345 349 245 249 340 300 240 200
291 290 251 250 346 345 246 245 341 301 241 201
292 291 252 251 347 346 247 246 342 302 242 202
293 292 253 252 348 347 248 247 343 303 243 203
294 293 254 253 349 348 249 248 344 304 244 204
345 349 305 309 350 354 250 254 395 355 295 255
346 345 306 305 351 350 251 250 396 356 296 256
347 346 307 306 352 351 252 251 397 357 297 257
348 347 308 307 353 352 253 252 398 358 298 258
349 348 309 308 354 353 254 253 399 359 299 259
301 300 311 310 356 355 256 255 350 360 250 260
302 301 312 311 357 356 257 256 351 361 251 261
303 302 313 312 358 357 258 257 352 362 252 262
304 303 314 313 359 358 259 258 353 363 253 263
300 304 310 314 355 359 255 259 354 364 254 264
305 309 315 319 360 364 260 264 355 365 255 265
306 305 316 315 361 360 261 260 356 366 256 266
307 306 317 316 362 361 262 261 357 367 257 267
308 307 318 317 363 362 263 262 358 368 258 268
309 308 319 318 364 363 264 263 359 369 259 269
311 310 321 320 366 365 266 265 360 370 260 270
312 311 322 321 367 366 267 266 361 371 261 271
313 312 323 322 368 367 268 267 362 372 262 272
314 313 324 323 369 368 269 268 363 373 263 273
310 314 320 324 365 369 265 269 364 374 264 274
315 319 325 329 370 374 270 274 365 375 265 275
316 315 326 325 371 370 271 270 366 376 266 276
317 316 327 326 372 371 272 271 367 377 267 277
318 317 328 327 373 372 273 272 368 378 268 278
319 318 329 328 374 373 274 273 369 379 269 279
321 320 331 330 376 375 276 275 370 380 270 280
322 321 332 331 377 376 277 276 371 381 271 281
323 322 333 332 378 377 278 277 372 382 272 282
324 323 334 333 379 378 279 278 373 383 273 283
320 324 330 334 375 379 275 279 374 384 274 284
325 329 335 339 380 384 280 284 375 385 275 285
326 325 336 335 381 380 281 280 376 386 276 286
327 326 337 336 382 381 282 281 377 387 277 287
328 327 338 337 383 382 283 282 378 388 278 288
329 328 339 338 384 383 284 283 379 389 279 289
331 330 341 340 386 385 286 285 380 390 280 290
332 331 342 341 387 386 287 286 381 391 281 291
333 332 343 342 388 387 288 287 382 392 282 292
334 333 344 343 389 388 289 288 383 393 283 293
330 334 340 344 385 389 285 289 384 394 284 294
335 339 345 349 390 394 290 294 385 395 285 295
336 335 346 345 391 390 291 290 386 396 286 296
337 336 347 346 392 391 292 291 387 397 287 297
338 337 348 347 393 392 293 292 388 398 288 298
339 338 349 348 394 393 294 293 389 399 289 299
341 340 301 300 396 395 296 295 390 350 290 250
342 341 302 301 397 396 297 296 391 351 291 251
343 342 303 302 398 397 298 297 392 352 292 252
344 343 304 303 399 398 299 298 393 353 293 253
340 344 300 304 395 399 295 299 394 354 294 254
396 395 356 355 401 400 301 300 445 405 345 305
397 396 357 356 402 401 302 301 446 406 346 306
398 397 358 357 403 402 303 302 447 407 347 307
399 398 359 358 404 403 304 303 448 408 348 308
395 399 355 359 400 404 300 304 449 409 349 309
350 354 360 364 405 409 305 309 400 410 300 310
351 350 361 360 406 405 306 305 401 411 301 311
352 351 362 361 407 406 307 306 402 412 302 312
353 352 363 362 408 407 308 307 403 413 303 313
354 353 364 363 409 408 309 308 404 414 304 314
356 355 366 365 411 410 311 310 405 415 305 315
357 356 367 366 412 411 312 311 406 416 306 316
358 357 368 367 413 412 313 312 407 417 307 317
359 358 369 368 414 413 314 313 408 418 308 318
355 359 365 369 410 414 310 314 409 419 309 319
360 364 370 374 415 419 315 319 410 420 310 320
361 360 371 370 416 415 316 315 411 421 311 321
362 361 372 371 417 416 317 316 412 422 312 322
363 362 373 372 418 417 318 317 413 423 313 323
364 363 374 373 419 418 319 318 414 424 314 324
366 365 376 375 421 420 321 320 415 425 315 325
367 366 377 376 422 421 322 321 416 426 316 326
368 367 378 377 423 422 323 322 417 427 317 327
369 368 379 378 424 423 324 323 418 428 318 328
365 369 375 379 420 424 320 324 419 429 319 329
370 374 380 384 425 429 325 329 420 430 320 330
371 370 381 380 426 425 326 325 421 431 321 331
372 371 382 381 427 426 327 326 422 432 322 332
373 372 383 382 428 427 328 327 423 433 323 333
374 373 384 383 429 428 329 328 424 434 324 334
376 375 386 385 431 430 331 330 425 435 325 335
377 376 387 386 432 431 332 331 426 436 326 336
378 377 388 387 433 432 333 332 427 437 327 337
379 378 389 388 434 433 334 333 428 438 328 338
375 379 385 389 430 434 330 334 429 439 329 339
380 384 390 394 435 439 335 339 430 440 330 340
381 380 391 390 436 435 336 335 431 441 331 341
382 381 392 391 437 436 337 336 432 442 332 342
383 382 393 392 438 437 338 337 433 443 333 343
384 383 394 393 439 438 339 338 434 444 334 344
386 385 396 395 441 440 341 340 435 445 335 345
387 386 397 396 442 441 342 341 436 446 336 346
388 387 398 397 443 442 343 342 437 447 337 347
389 388 399 398 444 443 344 343 438 448 338 348
385 389 395 399 440 444 340 344 439 449 339 349
390 394 350 354 445 449 345 349 440 400 340 300
391 390 351 350 446 445 346 345 441 401 341 301
392 391 352 351 447 446 347 346 442 402 342 302
393 392 353 352 448 447 348 347 443 403 343 303
394 393 354 353 449 448 349 348 444 404 344 304
445 449 405 409 450 454 350 354 495 455 395 355
446 445 406 405 451 450 351 350 496 456 396 356
447 446 407 406 452 451 352 351 497 457 397 357
448 447 408 407 453 452 353 352 498 458 398 358
449 448 409 408 454 453 354 353 499 459 399 359
401 400 411 410 456 455 356 355 450 460 350 360
402 401 412 411 457 456 357 356 451 461 351 361
403 402 413 412 458 457 358 357 452 462 352 362
404 403 414 413 459 458 359 358 453 463 353 363
400 404 410 414 455 459 355 359 454 464 354 364
405 409 415 419 460 464 360 364 455 465 355 365
406 405 416 415 461 460 361 360 456 466 356 366
407 406 417 416 462 461 362 361 457 467 357 367
408 407 418 417 463 462 363 362 458 468 358 368
409 408 419 418 464 463 364 363 459 469 359 369
411 410 421 420 466 465 366 365 460 470 360 370
412 411 422 421 467 466 367 366 461 471 361 371
413 412 423 422 468 467 368 367 462 472 362 372
414 413 424 423 469 468 369 368 463 473 363 373
410 414 420 424 465 469 365 369 464 474 364 374
415 419 425 429 470 474 370 374 465 475 365 375
416 415 426 425 471 470 371 370 466 476 366 376
417 416 427 426 472 471 372 371 467 477 367 377
418 417 428 427 473 472 373 372 468 478 368 378
419 418 429 428 474 473 374 373 469 479 369 379
421 420 431 430 476 475 376 375 470 480 370 380
422 421 432 431 477 476 377 376 471 481 371 381
423 422 433 432 478 477 378 377 472 482 372 382
424 423 434 433 479 478 379 378 473 483 373 383
420 424 430 434 475 479 375 379 474 484 374 384
425 429 435 439 480 484 380 384 475 485 375 385
426 425 436 435 481 480 381 380 476 486 376 386
427 426 437 436 482 481 382 381 477 487 377 387
428 427 438 437 483 482 383 382 478 488 378 388
429 428 439 438 484 483 384 383 479 489 379 389
431 430 441 440 486 485 386 385 480 490 380 390
432 431 442 441 487 486 387 386 481 491 381 391
433 432 443 442 488 487 388 387 482 492 382 392
434 433 444 443 489 488 389 388 483 493 383 393
430 434 440 444 485 489 385 389 484 494 384 394
435 439 445 449 490 494 390 394 485 495 385 395
436 435 446 445 491 490 391 390 486 496 386 396
437 436 447 446 492 491 392 391 487 497 387 397
438 437 448 447 493 492 393 392 488 498 388 398
439 438 449 448 494 493 394 393 489 499 389 399
441 440 401 400 496 495 396 395 490 450 390 350
442 441 402 401 497 496 397 396 491 451 391 351
443 442 403 402 498 497 398 397 492 452 392 352
444 443 404 403 499 498 399 398 493 453 393 353
440 444 400 404 495 499 395 399 494 454 394 354
496 495 456 455 1 0 401 400 45 5 445 405
497 496 457 456 2 1 402 401 46 6 446 406
498 497 458 457 3 2 403 402 47 7 447 407
499 498 459 458 4 3 404 403 48 8 448 408
495 499 455 459 0 4 400 404 49 9 449 409
450 454 460 464 5 9 405 409 0 10 400 410
451 450 461 460 6 5 406 405 1 11 401 411
452 451 462 461 7 6 407 406 2 12 402 412
453 452 463 462 8 7 408 407 3 13 403 413
454 453 464 463 9 8 409 408 4 14 404 414
456 455 466 465 11 10 411 410 5 15 405 415
457 456 467 466 12 11 412 411 6 16 406 416
458 457 468 467 13 12 413 412 7 17 407 417
459 458 469 468 14 13 414 413 8 18 408 418
455 459 465 469 10 14 410 414 9 19 409 419
460 464 470 474 15 19 415 419 10 20 410 420
461 460 471 470 16 15 416 415 11 21 411 421
462 461 472 471 17 16 417 416 12 22 412 422
463 462 473 472 18 17 418 417 13 23 413 423
464 463 474 473 19 18 419 418 14 24 414 424
466 465 476 475 21 20 421 420 15 25 415 425
467 466 477 476 22 21 422 421 16 26 416 426
468 467 478 477 23 22 423 422 17 27 417 427
469 468 479 478 24 23 424 423 18 28 418 428
465 469 475 479 20 24 420 424 19 29 419 429
470 474 480 484 25 29 425 429 20 30 420 430
471 470 481 480 26 25 426 425 21 31 421 431
472 471 482 481 27 26 427 426 22 32 422 432
473 472 483 482 28 27 428 427 23 33 423 433
474 473 484 483 29 28 429 428 24 34 424 434
476 475 486 485 31 30 431 430 25 35 425 435
477 476 487 486 32 31 432 431 26 36 426 436
478 477 488 487 33 32 433 432 27 37 427 437
479 478 489 488 34 33 434 433 28 38 428 438
475 479 485 489 30 34 430 434 29 39 429 439
480 484 490 494 35 39 435 439 30 40 430 440
481 480 491 490 36 35 436 435 31 41 431 441
482 481 492 491 37 36 437 436 32 42 432 442
483 482 493 492 38 37 438 437 33 43 433 443
484 483 494 493 39 38 439 438 34 44 434 444
486 485 496 495 41 40 441 440 35 45 435 445
487 486 497 496 42 41 442 441 36 46 436 446
488 487 498 497 43 42 443 442 37 47 437 447
489 488 499 498 44 43 444 443 38 48 438 448
485 489 495 499 40 44 440 444 39 49 439 449
490 494 450 454 45 49 445 449 40 0 440 400
491 490 451 450 46 45 446 445 41 1 441 401
492 491 452 451 47 46 447 446 42 2 442 402
493 492 453 452 48 47 448 447 43 3 443 403
494 493 454 453 49 48 449 448 44 4 444 404
