1 6 42 7
2 0 43 8
3 1 44 9
4 2 45 10
5 3 46 11
6 4 47 12
0 5 48 13
8 13 0 14
9 7 1 15
10 8 2 16
11 9 3 17
12 10 4 18
13 11 5 19
7 12 6 20
15 20 7 21
16 14 8 22
17 15 9 23
18 16 10 24
19 17 11 25
20 18 12 26
14 19 13 27
22 27 14 28
23 21 15 29
24 22 16 30
25 23 17 31
26 24 18 32
27 25 19 33
21 26 20 34
29 34 21 35
30 28 22 36
31 29 23 37
32 30 24 38
33 31 25 39
34 32 26 40
28 33 27 41
36 41 28 42
37 35 29 43
38 36 30 44
39 37 31 45
40 38 32 46
41 39 33 47
35 40 34 48
43 48 35 0
44 42 36 1
45 43 37 2
46 44 38 3
47 45 39 4
48 46 40 5
42 47 41 6
