1 8 72 9
2 0 73 10
3 1 74 11
4 2 75 12
5 3 76 13
6 4 77 14
7 5 78 15
8 6 79 16
0 7 80 17
10 17 0 18
11 9 1 19
12 10 2 20
13 11 3 21
14 12 4 22
15 13 5 23
16 14 6 24
17 15 7 25
9 16 8 26
19 26 9 27
20 18 10 28
21 19 11 29
22 20 12 30
23 21 13 31
24 22 14 32
25 23 15 33
26 24 16 34
18 25 17 35
28 35 18 36
29 27 19 37
30 28 20 38
31 29 21 39
32 30 22 40
33 31 23 41
34 32 24 42
35 33 25 43
27 34 26 44
37 44 27 45
38 36 28 46
39 37 29 47
40 38 30 48
41 39 31 49
42 40 32 50
43 41 33 51
44 42 34 52
36 43 35 53
46 53 36 54
47 45 37 55
48 46 38 56
49 47 39 57
50 48 40 58
51 49 41 59
52 50 42 60
53 51 43 61
45 52 44 62
55 62 45 63
56 54 46 64
57 55 47 65
58 56 48 66
59 57 49 67
60 58 50 68
61 59 51 69
62 60 52 70
54 61 53 71
64 71 54 72
65 63 55 73
66 64 56 74
67 65 57 75
68 66 58 76
69 67 59 77
70 68 60 78
71 69 61 79
63 70 62 80
73 80 63 0
74 72 64 1
75 73 65 2
76 74 66 3
77 75 67 4
78 76 68 5
79 77 69 6
80 78 70 7
72 79 71 8
