6 7 2 3 8 9 24 25 14 10 30 26
7 6 3 2 9 8 25 24 15 11 31 27
1 0 5 4 11 10 27 26 8 12 24 28
0 1 4 5 10 11 26 27 9 13 25 29
2 3 6 7 12 13 28 29 10 14 26 30
3 2 7 6 13 12 29 28 11 15 27 31
5 4 1 0 15 14 31 30 12 8 28 24
4 5 0 1 14 15 30 31 13 9 29 25
15 14 11 10 17 16 1 0 22 18 6 2
14 15 10 11 16 17 0 1 23 19 7 3
8 9 12 13 18 19 2 3 16 20 0 4
9 8 13 12 19 18 3 2 17 21 1 5
11 10 15 14 21 20 5 4 18 22 2 6
10 11 14 15 20 21 4 5 19 23 3 7
12 13 8 9 22 23 6 7 20 16 4 0
13 12 9 8 23 22 7 6 21 17 5 1
22 23 18 19 24 25 8 9 30 26 14 10
23 22 19 18 25 24 9 8 31 27 15 11
17 16 21 20 27 26 11 10 24 28 8 12
16 17 20 21 26 27 10 11 25 29 9 13
18 19 22 23 28 29 12 13 26 30 10 14
19 18 23 22 29 28 13 12 27 31 11 15
21 20 17 16 31 30 15 14 28 24 12 8
20 21 16 17 30 31 14 15 29 25 13 9
31 30 27 26 1 0 17 16 6 2 22 18
30 31 26 27 0 1 16 17 7 3 23 19
24 25 28 29 2 3 18 19 0 4 16 20
25 24 29 28 3 2 19 18 1 5 17 21
27 26 31 30 5 4 21 20 2 6 18 22
26 27 30 31 4 5 20 21 3 7 19 23
28 29 24 25 6 7 22 23 4 0 20 16
29 28 25 24 7 6 23 22 5 1 21 17
