66 71 6 11 72 77 792 797 138 78 858 798
67 66 7 6 73 72 793 792 139 79 859 799
68 67 8 7 74 73 794 793 140 80 860 800
69 68 9 8 75 74 795 794 141 81 861 801
70 69 10 9 76 75 796 795 142 82 862 802
71 70 11 10 77 76 797 796 143 83 863 803
1 0 13 12 79 78 799 798 72 84 792 804
2 1 14 13 80 79 800 799 73 85 793 805
3 2 15 14 81 80 801 800 74 86 794 806
4 3 16 15 82 81 802 801 75 87 795 807
5 4 17 16 83 82 803 802 76 88 796 808
0 5 12 17 78 83 798 803 77 89 797 809
6 11 18 23 84 89 804 809 78 90 798 810
7 6 19 18 85 84 805 804 79 91 799 811
8 7 20 19 86 85 806 805 80 92 800 812
9 8 21 20 87 86 807 806 81 93 801 813
10 9 22 21 88 87 808 807 82 94 802 814
11 10 23 22 89 88 809 808 83 95 803 815
13 12 25 24 91 90 811 810 84 96 804 816
14 13 26 25 92 91 812 811 85 97 805 817
15 14 27 26 93 92 813 812 86 98 806 818
16 15 28 27 94 93 814 813 87 99 807 819
17 16 29 28 95 94 815 814 88 100 808 820
12 17 24 29 90 95 810 815 89 101 809 821
18 23 30 35 96 101 816 821 90 102 810 822
19 18 31 30 97 96 817 816 91 103 811 823
20 19 32 31 98 97 818 817 92 104 812 824
21 20 33 32 99 98 819 818 93 105 813 825
22 21 34 33 100 99 820 819 94 106 814 826
23 22 35 34 101 100 821 820 95 107 815 827
25 24 37 36 103 102 823 822 96 108 816 828
26 25 38 37 104 103 824 823 97 109 817 829
27 26 39 38 105 104 825 824 98 110 818 830
28 27 40 39 106 105 826 825 99 111 819 831
29 28 41 40 107 106 827 826 100 112 820 832
24 29 36 41 102 107 822 827 101 113 821 833
30 35 42 47 108 113 828 833 102 114 822 834
31 30 43 42 109 108 829 828 103 115 823 835
32 31 44 43 110 109 830 829 104 116 824 836
33 32 45 44 111 110 831 830 105 117 825 837
34 33 46 45 112 111 832 831 106 118 826 838
35 34 47 46 113 112 833 832 107 119 827 839
37 36 49 48 115 114 835 834 108 120 828 840
38 37 50 49 116 115 836 835 109 121 829 841
39 38 51 50 117 116 837 836 110 122 830 842
40 39 52 51 118 117 838 837 111 123 831 843
41 40 53 52 119 118 839 838 112 124 832 844
36 41 48 53 114 119 834 839 113 125 833 845
42 47 54 59 120 125 840 845 114 126 834 846
43 42 55 54 121 120 841 840 115 127 835 847
44 43 56 55 122 121 842 841 116 128 836 848
45 44 57 56 123 122 843 842 117 129 837 849
46 45 58 57 124 123 844 843 118 130 838 850
47 46 59 58 125 124 845 844 119 131 839 851
49 48 61 60 127 126 847 846 120 132 840 852
50 49 62 61 128 127 848 847 121 133 841 853
51 50 63 62 129 128 849 848 122 134 842 854
52 51 64 63 130 129 850 849 123 135 843 855
53 52 65 64 131 130 851 850 124 136 844 856
48 53 60 65 126 131 846 851 125 137 845 857
54 59 66 71 132 137 852 857 126 138 846 858
55 54 67 66 133 132 853 852 127 139 847 859
56 55 68 67 134 133 854 853 128 140 848 860
57 56 69 68 135 134 855 854 129 141 849 861
58 57 70 69 136 135 856 855 130 142 850 862
59 58 71 70 137 136 857 856 131 143 851 863
61 60 1 0 139 138 859 858 132 72 852 792
62 61 2 1 140 139 860 859 133 73 853 793
63 62 3 2 141 140 861 860 134 74 854 794
64 63 4 3 142 141 862 861 135 75 855 795
65 64 5 4 143 142 863 862 136 76 856 796
60 65 0 5 138 143 858 863 137 77 857 797
139 138 79 78 145 144 1 0 210 150 66 6
140 139 80 79 146 145 2 1 211 151 67 7
141 140 81 80 147 146 3 2 212 152 68 8
142 141 82 81 148 147 4 3 213 153 69 9
143 142 83 82 149 148 5 4 214 154 70 10
138 143 78 83 144 149 0 5 215 155 71 11
72 77 84 89 150 155 6 11 144 156 0 12
73 72 85 84 151 150 7 6 145 157 1 13
74 73 86 85 152 151 8 7 146 158 2 14
75 74 87 86 153 152 9 8 147 159 3 15
76 75 88 87 154 153 10 9 148 160 4 16
77 76 89 88 155 154 11 10 149 161 5 17
79 78 91 90 157 156 13 12 150 162 6 18
80 79 92 91 158 157 14 13 151 163 7 19
81 80 93 92 159 158 15 14 152 164 8 20
82 81 94 93 160 159 16 15 153 165 9 21
83 82 95 94 161 160 17 16 154 166 10 22
78 83 90 95 156 161 12 17 155 167 11 23
84 89 96 101 162 167 18 23 156 168 12 24
85 84 97 96 163 162 19 18 157 169 13 25
86 85 98 97 164 163 20 19 158 170 14 26
87 86 99 98 165 164 21 20 159 171 15 27
88 87 100 99 166 165 22 21 160 172 16 28
89 88 101 100 167 166 23 22 161 173 17 29
91 90 103 102 169 168 25 24 162 174 18 30
92 91 104 103 170 169 26 25 163 175 19 31
93 92 105 104 171 170 27 26 164 176 20 32
94 93 106 105 172 171 28 27 165 177 21 33
95 94 107 106 173 172 29 28 166 178 22 34
90 95 102 107 168 173 24 29 167 179 23 35
96 101 108 113 174 179 30 35 168 180 24 36
97 96 109 108 175 174 31 30 169 181 25 37
98 97 110 109 176 175 32 31 170 182 26 38
99 98 111 110 177 176 33 32 171 183 27 39
100 99 112 111 178 177 34 33 172 184 28 40
101 100 113 112 179 178 35 34 173 185 29 41
103 102 115 114 181 180 37 36 174 186 30 42
104 103 116 115 182 181 38 37 175 187 31 43
105 104 117 116 183 182 39 38 176 188 32 44
106 105 118 117 184 183 40 39 177 189 33 45
107 106 119 118 185 184 41 40 178 190 34 46
102 107 114 119 180 185 36 41 179 191 35 47
108 113 120 125 186 191 42 47 180 192 36 48
109 108 121 120 187 186 43 42 181 193 37 49
110 109 122 121 188 187 44 43 182 194 38 50
111 110 123 122 189 188 45 44 183 195 39 51
112 111 124 123 190 189 46 45 184 196 40 52
113 112 125 124 191 190 47 46 185 197 41 53
115 114 127 126 193 192 49 48 186 198 42 54
116 115 128 127 194 193 50 49 187 199 43 55
117 116 129 128 195 194 51 50 188 200 44 56
118 117 130 129 196 195 52 51 189 201 45 57
119 118 131 130 197 196 53 52 190 202 46 58
114 119 126 131 192 197 48 53 191 203 47 59
120 125 132 137 198 203 54 59 192 204 48 60
121 120 133 132 199 198 55 54 193 205 49 61
122 121 134 133 200 199 56 55 194 206 50 62
123 122 135 134 201 200 57 56 195 207 51 63
124 123 136 135 202 201 58 57 196 208 52 64
125 124 137 136 203 202 59 58 197 209 53 65
127 126 139 138 205 204 61 60 198 210 54 66
128 127 140 139 206 205 62 61 199 211 55 67
129 128 141 140 207 206 63 62 200 212 56 68
130 129 142 141 208 207 64 63 201 213 57 69
131 130 143 142 209 208 65 64 202 214 58 70
126 131 138 143 204 209 60 65 203 215 59 71
132 137 72 77 210 215 66 71 204 144 60 0
133 132 73 72 211 210 67 66 205 145 61 1
134 133 74 73 212 211 68 67 206 146 62 2
135 134 75 74 213 212 69 68 207 147 63 3
136 135 76 75 214 213 70 69 208 148 64 4
137 136 77 76 215 214 71 70 209 149 65 5
210 215 150 155 216 221 72 77 282 222 138 78
211 210 151 150 217 216 73 72 283 223 139 79
212 211 152 151 218 217 74 73 284 224 140 80
213 212 153 152 219 218 75 74 285 225 141 81
214 213 154 153 220 219 76 75 286 226 142 82
215 214 155 154 221 220 77 76 287 227 143 83
145 144 157 156 223 222 79 78 216 228 72 84
146 145 158 157 224 223 80 79 217 229 73 85
147 146 159 158 225 224 81 80 218 230 74 86
148 147 160 159 226 225 82 81 219 231 75 87
149 148 161 160 227 226 83 82 220 232 76 88
144 149 156 161 222 227 78 83 221 233 77 89
150 155 162 167 228 233 84 89 222 234 78 90
151 150 163 162 229 228 85 84 223 235 79 91
152 151 164 163 230 229 86 85 224 236 80 92
153 152 165 164 231 230 87 86 225 237 81 93
154 153 166 165 232 231 88 87 226 238 82 94
155 154 167 166 233 232 89 88 227 239 83 95
157 156 169 168 235 234 91 90 228 240 84 96
158 157 170 169 236 235 92 91 229 241 85 97
159 158 171 170 237 236 93 92 230 242 86 98
160 159 172 171 238 237 94 93 231 243 87 99
161 160 173 172 239 238 95 94 232 244 88 100
156 161 168 173 234 239 90 95 233 245 89 101
162 167 174 179 240 245 96 101 234 246 90 102
163 162 175 174 241 240 97 96 235 247 91 103
164 163 176 175 242 241 98 97 236 248 92 104
165 164 177 176 243 242 99 98 237 249 93 105
166 165 178 177 244 243 100 99 238 250 94 106
167 166 179 178 245 244 101 100 239 251 95 107
169 168 181 180 247 246 103 102 240 252 96 108
170 169 182 181 248 247 104 103 241 253 97 109
171 170 183 182 249 248 105 104 242 254 98 110
172 171 184 183 250 249 106 105 243 255 99 111
173 172 185 184 251 250 107 106 244 256 100 112
168 173 180 185 246 251 102 107 245 257 101 113
174 179 186 191 252 257 108 113 246 258 102 114
175 174 187 186 253 252 109 108 247 259 103 115
176 175 188 187 254 253 110 109 248 260 104 116
177 176 189 188 255 254 111 110 249 261 105 117
178 177 190 189 256 255 112 111 250 262 106 118
179 178 191 190 257 256 113 112 251 263 107 119
181 180 193 192 259 258 115 114 252 264 108 120
182 181 194 193 260 259 116 115 253 265 109 121
183 182 195 194 261 260 117 116 254 266 110 122
184 183 196 195 262 261 118 117 255 267 111 123
185 184 197 196 263 262 119 118 256 268 112 124
180 185 192 197 258 263 114 119 257 269 113 125
186 191 198 203 264 269 120 125 258 270 114 126
187 186 199 198 265 264 121 120 259 271 115 127
188 187 200 199 266 265 122 121 260 272 116 128
189 188 201 200 267 266 123 122 261 273 117 129
190 189 202 201 268 267 124 123 262 274 118 130
191 190 203 202 269 268 125 124 263 275 119 131
193 192 205 204 271 270 127 126 264 276 120 132
194 193 206 205 272 271 128 127 265 277 121 133
195 194 207 206 273 272 129 128 266 278 122 134
196 195 208 207 274 273 130 129 267 279 123 135
197 196 209 208 275 274 131 130 268 280 124 136
192 197 204 209 270 275 126 131 269 281 125 137
198 203 210 215 276 281 132 137 270 282 126 138
199 198 211 210 277 276 133 132 271 283 127 139
200 199 212 211 278 277 134 133 272 284 128 140
201 200 213 212 279 278 135 134 273 285 129 141
202 201 214 213 280 279 136 135 274 286 130 142
203 202 215 214 281 280 137 136 275 287 131 143
205 204 145 144 283 282 139 138 276 216 132 72
206 205 146 145 284 283 140 139 277 217 133 73
207 206 147 146 285 284 141 140 278 218 134 74
208 207 148 147 286 285 142 141 279 219 135 75
209 208 149 148 287 286 143 142 280 220 136 76
204 209 144 149 282 287 138 143 281 221 137 77
283 282 223 222 289 288 145 144 354 294 210 150
284 283 224 223 290 289 146 145 355 295 211 151
285 284 225 224 291 290 147 146 356 296 212 152
286 285 226 225 292 291 148 147 357 297 213 153
287 286 227 226 293 292 149 148 358 298 214 154
282 287 222 227 288 293 144 149 359 299 215 155
216 221 228 233 294 299 150 155 288 300 144 156
217 216 229 228 295 294 151 150 289 301 145 157
218 217 230 229 296 295 152 151 290 302 146 158
219 218 231 230 297 296 153 152 291 303 147 159
220 219 232 231 298 297 154 153 292 304 148 160
221 220 233 232 299 298 155 154 293 305 149 161
223 222 235 234 301 300 157 156 294 306 150 162
224 223 236 235 302 301 158 157 295 307 151 163
225 224 237 236 303 302 159 158 296 308 152 164
226 225 238 237 304 303 160 159 297 309 153 165
227 226 239 238 305 304 161 160 298 310 154 166
222 227 234 239 300 305 156 161 299 311 155 167
228 233 240 245 306 311 162 167 300 312 156 168
229 228 241 240 307 306 163 162 301 313 157 169
230 229 242 241 308 307 164 163 302 314 158 170
231 230 243 242 309 308 165 164 303 315 159 171
232 231 244 243 310 309 166 165 304 316 160 172
233 232 245 244 311 310 167 166 305 317 161 173
235 234 247 246 313 312 169 168 306 318 162 174
236 235 248 247 314 313 170 169 307 319 163 175
237 236 249 248 315 314 171 170 308 320 164 176
238 237 250 249 316 315 172 171 309 321 165 177
239 238 251 250 317 316 173 172 310 322 166 178
234 239 246 251 312 317 168 173 311 323 167 179
240 245 252 257 318 323 174 179 312 324 168 180
241 240 253 252 319 318 175 174 313 325 169 181
242 241 254 253 320 319 176 175 314 326 170 182
243 242 255 254 321 320 177 176 315 327 171 183
244 243 256 255 322 321 178 177 316 328 172 184
245 244 257 256 323 322 179 178 317 329 173 185
247 246 259 258 325 324 181 180 318 330 174 186
248 247 260 259 326 325 182 181 319 331 175 187
249 248 261 260 327 326 183 182 320 332 176 188
250 249 262 261 328 327 184 183 321 333 177 189
251 250 263 262 329 328 185 184 322 334 178 190
246 251 258 263 324 329 180 185 323 335 179 191
252 257 264 269 330 335 186 191 324 336 180 192
253 252 265 264 331 330 187 186 325 337 181 193
254 253 266 265 332 331 188 187 326 338 182 194
255 254 267 266 333 332 189 188 327 339 183 195
256 255 268 267 334 333 190 189 328 340 184 196
257 256 269 268 335 334 191 190 329 341 185 197
259 258 271 270 337 336 193 192 330 342 186 198
260 259 272 271 338 337 194 193 331 343 187 199
261 260 273 272 339 338 195 194 332 344 188 200
262 261 274 273 340 339 196 195 333 345 189 201
263 262 275 274 341 340 197 196 334 346 190 202
258 263 270 275 336 341 192 197 335 347 191 203
264 269 276 281 342 347 198 203 336 348 192 204
265 264 277 276 343 342 199 198 337 349 193 205
266 265 278 277 344 343 200 199 338 350 194 206
267 266 279 278 345 344 201 200 339 351 195 207
268 267 280 279 346 345 202 201 340 352 196 208
269 268 281 280 347 346 203 202 341 353 197 209
271 270 283 282 349 348 205 204 342 354 198 210
272 271 284 283 350 349 206 205 343 355 199 211
273 272 285 284 351 350 207 206 344 356 200 212
274 273 286 285 352 351 208 207 345 357 201 213
275 274 287 286 353 352 209 208 346 358 202 214
270 275 282 287 348 353 204 209 347 359 203 215
276 281 216 221 354 359 210 215 348 288 204 144
277 276 217 216 355 354 211 210 349 289 205 145
278 277 218 217 356 355 212 211 350 290 206 146
279 278 219 218 357 356 213 212 351 291 207 147
280 279 220 219 358 357 214 213 352 292 208 148
281 280 221 220 359 358 215 214 353 293 209 149
354 359 294 299 360 365 216 221 426 366 282 222
355 354 295 294 361 360 217 216 427 367 283 223
356 355 296 295 362 361 218 217 428 368 284 224
357 356 297 296 363 362 219 218 429 369 285 225
358 357 298 297 364 363 220 219 430 370 286 226
359 358 299 298 365 364 221 220 431 371 287 227
289 288 301 300 367 366 223 222 360 372 216 228
290 289 302 301 368 367 224 223 361 373 217 229
291 290 303 302 369 368 225 224 362 374 218 230
292 291 304 303 370 369 226 225 363 375 219 231
293 292 305 304 371 370 227 226 364 376 220 232
288 293 300 305 366 371 222 227 365 377 221 233
294 299 306 311 372 377 228 233 366 378 222 234
295 294 307 306 373 372 229 228 367 379 223 235
296 295 308 307 374 373 230 229 368 380 224 236
297 296 309 308 375 374 231 230 369 381 225 237
298 297 310 309 376 375 232 231 370 382 226 238
299 298 311 310 377 376 233 232 371 383 227 239
301 300 313 312 379 378 235 234 372 384 228 240
302 301 314 313 380 379 236 235 373 385 229 241
303 302 315 314 381 380 237 236 374 386 230 242
304 303 316 315 382 381 238 237 375 387 231 243
305 304 317 316 383 382 239 238 376 388 232 244
300 305 312 317 378 383 234 239 377 389 233 245
306 311 318 323 384 389 240 245 378 390 234 246
307 306 319 318 385 384 241 240 379 391 235 247
308 307 320 319 386 385 242 241 380 392 236 248
309 308 321 320 387 386 243 242 381 393 237 249
310 309 322 321 388 387 244 243 382 394 238 250
311 310 323 322 389 388 245 244 383 395 239 251
313 312 325 324 391 390 247 246 384 396 240 252
314 313 326 325 392 391 248 247 385 397 241 253
315 314 327 326 393 392 249 248 386 398 242 254
316 315 328 327 394 393 250 249 387 399 243 255
317 316 329 328 395 394 251 250 388 400 244 256
312 317 324 329 390 395 246 251 389 401 245 257
318 323 330 335 396 401 252 257 390 402 246 258
319 318 331 330 397 396 253 252 391 403 247 259
320 319 332 331 398 397 254 253 392 404 248 260
321 320 333 332 399 398 255 254 393 405 249 261
322 321 334 333 400 399 256 255 394 406 250 262
323 322 335 334 401 400 257 256 395 407 251 263
325 324 337 336 403 402 259 258 396 408 252 264
326 325 338 337 404 403 260 259 397 409 253 265
327 326 339 338 405 404 261 260 398 410 254 266
328 327 340 339 406 405 262 261 399 411 255 267
329 328 341 340 407 406 263 262 400 412 256 268
324 329 336 341 402 407 258 263 401 413 257 269
330 335 342 347 408 413 264 269 402 414 258 270
331 330 343 342 409 408 265 264 403 415 259 271
332 331 344 343 410 409 266 265 404 416 260 272
333 332 345 344 411 410 267 266 405 417 261 273
334 333 346 345 412 411 268 267 406 418 262 274
335 334 347 346 413 412 269 268 407 419 263 275
337 336 349 348 415 414 271 270 408 420 264 276
338 337 350 349 416 415 272 271 409 421 265 277
339 338 351 350 417 416 273 272 410 422 266 278
340 339 352 351 418 417 274 273 411 423 267 279
341 340 353 352 419 418 275 274 412 424 268 280
336 341 348 353 414 419 270 275 413 425 269 281
342 347 354 359 420 425 276 281 414 426 270 282
343 342 355 354 421 420 277 276 415 427 271 283
344 343 356 355 422 421 278 277 416 428 272 284
345 344 357 356 423 422 279 278 417 429 273 285
346 345 358 357 424 423 280 279 418 430 274 286
347 346 359 358 425 424 281 280 419 431 275 287
349 348 289 288 427 426 283 282 420 360 276 216
350 349 290 289 428 427 284 283 421 361 277 217
351 350 291 290 429 428 285 284 422 362 278 218
352 351 292 291 430 429 286 285 423 363 279 219
353 352 293 292 431 430 287 286 424 364 280 220
348 353 288 293 426 431 282 287 425 365 281 221
427 426 367 366 433 432 289 288 498 438 354 294
428 427 368 367 434 433 290 289 499 439 355 295
429 428 369 368 435 434 291 290 500 440 356 296
430 429 370 369 436 435 292 291 501 441 357 297
431 430 371 370 437 436 293 292 502 442 358 298
426 431 366 371 432 437 288 293 503 443 359 299
360 365 372 377 438 443 294 299 432 444 288 300
361 360 373 372 439 438 295 294 433 445 289 301
362 361 374 373 440 439 296 295 434 446 290 302
363 362 375 374 441 440 297 296 435 447 291 303
364 363 376 375 442 441 298 297 436 448 292 304
365 364 377 376 443 442 299 298 437 449 293 305
367 366 379 378 445 444 301 300 438 450 294 306
368 367 380 379 446 445 302 301 439 451 295 307
369 368 381 380 447 446 303 302 440 452 296 308
370 369 382 381 448 447 304 303 441 453 297 309
371 370 383 382 449 448 305 304 442 454 298 310
366 371 378 383 444 449 300 305 443 455 299 311
372 377 384 389 450 455 306 311 444 456 300 312
373 372 385 384 451 450 307 306 445 457 301 313
374 373 386 385 452 451 308 307 446 458 302 314
375 374 387 386 453 452 309 308 447 459 303 315
376 375 388 387 454 453 310 309 448 460 304 316
377 376 389 388 455 454 311 310 449 461 305 317
379 378 391 390 457 456 313 312 450 462 306 318
380 379 392 391 458 457 314 313 451 463 307 319
381 380 393 392 459 458 315 314 452 464 308 320
382 381 394 393 460 459 316 315 453 465 309 321
383 382 395 394 461 460 317 316 454 466 310 322
378 383 390 395 456 461 312 317 455 467 311 323
384 389 396 401 462 467 318 323 456 468 312 324
385 384 397 396 463 462 319 318 457 469 313 325
386 385 398 397 464 463 320 319 458 470 314 326
387 386 399 398 465 464 321 320 459 471 315 327
388 387 400 399 466 465 322 321 460 472 316 328
389 388 401 400 467 466 323 322 461 473 317 329
391 390 403 402 469 468 325 324 462 474 318 330
392 391 404 403 470 469 326 325 463 475 319 331
393 392 405 404 471 470 327 326 464 476 320 332
394 393 406 405 472 471 328 327 465 477 321 333
395 394 407 406 473 472 329 328 466 478 322 334
390 395 402 407 468 473 324 329 467 479 323 335
396 401 408 413 474 479 330 335 468 480 324 336
397 396 409 408 475 474 331 330 469 481 325 337
398 397 410 409 476 475 332 331 470 482 326 338
399 398 411 410 477 476 333 332 471 483 327 339
400 399 412 411 478 477 334 333 472 484 328 340
401 400 413 412 479 478 335 334 473 485 329 341
403 402 415 414 481 480 337 336 474 486 330 342
404 403 416 415 482 481 338 337 475 487 331 343
405 404 417 416 483 482 339 338 476 488 332 344
406 405 418 417 484 483 340 339 477 489 333 345
407 406 419 418 485 484 341 340 478 490 334 346
402 407 414 419 480 485 336 341 479 491 335 347
408 413 420 425 486 491 342 347 480 492 336 348
409 408 421 420 487 486 343 342 481 493 337 349
410 409 422 421 488 487 344 343 482 494 338 350
411 410 423 422 489 488 345 344 483 495 339 351
412 411 424 423 490 489 346 345 484 496 340 352
413 412 425 424 491 490 347 346 485 497 341 353
415 414 427 426 493 492 349 348 486 498 342 354
416 415 428 427 494 493 350 349 487 499 343 355
417 416 429 428 495 494 351 350 488 500 344 356
418 417 430 429 496 495 352 351 489 501 345 357
419 418 431 430 497 496 353 352 490 502 346 358
414 419 426 431 492 497 348 353 491 503 347 359
420 425 360 365 498 503 354 359 492 432 348 288
421 420 361 360 499 498 355 354 493 433 349 289
422 421 362 361 500 499 356 355 494 434 350 290
423 422 363 362 501 500 357 356 495 435 351 291
424 423 364 363 502 501 358 357 496 436 352 292
425 424 365 364 503 502 359 358 497 437 353 293
498 503 438 443 504 509 360 365 570 510 426 366
499 498 439 438 505 504 361 360 571 511 427 367
500 499 440 439 506 505 362 361 572 512 428 368
501 500 441 440 507 506 363 362 573 513 429 369
502 501 442 441 508 507 364 363 574 514 430 370
503 502 443 442 509 508 365 364 575 515 431 371
433 432 445 444 511 510 367 366 504 516 360 372
434 433 446 445 512 511 368 367 505 517 361 373
435 434 447 446 513 512 369 368 506 518 362 374
436 435 448 447 514 513 370 369 507 519 363 375
437 436 449 448 515 514 371 370 508 520 364 376
432 437 444 449 510 515 366 371 509 521 365 377
438 443 450 455 516 521 372 377 510 522 366 378
439 438 451 450 517 516 373 372 511 523 367 379
440 439 452 451 518 517 374 373 512 524 368 380
441 440 453 452 519 518 375 374 513 525 369 381
442 441 454 453 520 519 376 375 514 526 370 382
443 442 455 454 521 520 377 376 515 527 371 383
445 444 457 456 523 522 379 378 516 528 372 384
446 445 458 457 524 523 380 379 517 529 373 385
447 446 459 458 525 524 381 380 518 530 374 386
448 447 460 459 526 525 382 381 519 531 375 387
449 448 461 460 527 526 383 382 520 532 376 388
444 449 456 461 522 527 378 383 521 533 377 389
450 455 462 467 528 533 384 389 522 534 378 390
451 450 463 462 529 528 385 384 523 535 379 391
452 451 464 463 530 529 386 385 524 536 380 392
453 452 465 464 531 530 387 386 525 537 381 393
454 453 466 465 532 531 388 387 526 538 382 394
455 454 467 466 533 532 389 388 527 539 383 395
457 456 469 468 535 534 391 390 528 540 384 396
458 457 470 469 536 535 392 391 529 541 385 397
459 458 471 470 537 536 393 392 530 542 386 398
460 459 472 471 538 537 394 393 531 543 387 399
461 460 473 472 539 538 395 394 532 544 388 400
456 461 468 473 534 539 390 395 533 545 389 401
462 467 474 479 540 545 396 401 534 546 390 402
463 462 475 474 541 540 397 396 535 547 391 403
464 463 476 475 542 541 398 397 536 548 392 404
465 464 477 476 543 542 399 398 537 549 393 405
466 465 478 477 544 543 400 399 538 550 394 406
467 466 479 478 545 544 401 400 539 551 395 407
469 468 481 480 547 546 403 402 540 552 396 408
470 469 482 481 548 547 404 403 541 553 397 409
471 470 483 482 549 548 405 404 542 554 398 410
472 471 484 483 550 549 406 405 543 555 399 411
473 472 485 484 551 550 407 406 544 556 400 412
468 473 480 485 546 551 402 407 545 557 401 413
474 479 486 491 552 557 408 413 546 558 402 414
475 474 487 486 553 552 409 408 547 559 403 415
476 475 488 487 554 553 410 409 548 560 404 416
477 476 489 488 555 554 411 410 549 561 405 417
478 477 490 489 556 555 412 411 550 562 406 418
479 478 491 490 557 556 413 412 551 563 407 419
481 480 493 492 559 558 415 414 552 564 408 420
482 481 494 493 560 559 416 415 553 565 409 421
483 482 495 494 561 560 417 416 554 566 410 422
484 483 496 495 562 561 418 417 555 567 411 423
485 484 497 496 563 562 419 418 556 568 412 424
480 485 492 497 558 563 414 419 557 569 413 425
486 491 498 503 564 569 420 425 558 570 414 426
487 486 499 498 565 564 421 420 559 571 415 427
488 487 500 499 566 565 422 421 560 572 416 428
489 488 501 500 567 566 423 422 561 573 417 429
490 489 502 501 568 567 424 423 562 574 418 430
491 490 503 502 569 568 425 424 563 575 419 431
493 492 433 432 571 570 427 426 564 504 420 360
494 493 434 433 572 571 428 427 565 505 421 361
495 494 435 434 573 572 429 428 566 506 422 362
496 495 436 435 574 573 430 429 567 507 423 363
497 496 437 436 575 574 431 430 568 508 424 364
492 497 432 437 570 575 426 431 569 509 425 365
571 570 511 510 577 576 433 432 642 582 498 438
572 571 512 511 578 577 434 433 643 583 499 439
573 572 513 512 579 578 435 434 644 584 500 440
574 573 514 513 580 579 436 435 645 585 501 441
575 574 515 514 581 580 437 436 646 586 502 442
570 575 510 515 576 581 432 437 647 587 503 443
504 509 516 521 582 587 438 443 576 588 432 444
505 504 517 516 583 582 439 438 577 589 433 445
506 505 518 517 584 583 440 439 578 590 434 446
507 506 519 518 585 584 441 440 579 591 435 447
508 507 520 519 586 585 442 441 580 592 436 448
509 508 521 520 587 586 443 442 581 593 437 449
511 510 523 522 589 588 445 444 582 594 438 450
512 511 524 523 590 589 446 445 583 595 439 451
513 512 525 524 591 590 447 446 584 596 440 452
514 513 526 525 592 591 448 447 585 597 441 453
515 514 527 526 593 592 449 448 586 598 442 454
510 515 522 527 588 593 444 449 587 599 443 455
516 521 528 533 594 599 450 455 588 600 444 456
517 516 529 528 595 594 451 450 589 601 445 457
518 517 530 529 596 595 452 451 590 602 446 458
519 518 531 530 597 596 453 452 591 603 447 459
520 519 532 531 598 597 454 453 592 604 448 460
521 520 533 532 599 598 455 454 593 605 449 461
523 522 535 534 601 600 457 456 594 606 450 462
524 523 536 535 602 601 458 457 595 607 451 463
525 524 537 536 603 602 459 458 596 608 452 464
526 525 538 537 604 603 460 459 597 609 453 465
527 526 539 538 605 604 461 460 598 610 454 466
522 527 534 539 600 605 456 461 599 611 455 467
528 533 540 545 606 611 462 467 600 612 456 468
529 528 541 540 607 606 463 462 601 613 457 469
530 529 542 541 608 607 464 463 602 614 458 470
531 530 543 542 609 608 465 464 603 615 459 471
532 531 544 543 610 609 466 465 604 616 460 472
533 532 545 544 611 610 467 466 605 617 461 473
535 534 547 546 613 612 469 468 606 618 462 474
536 535 548 547 614 613 470 469 607 619 463 475
537 536 549 548 615 614 471 470 608 620 464 476
538 537 550 549 616 615 472 471 609 621 465 477
539 538 551 550 617 616 473 472 610 622 466 478
534 539 546 551 612 617 468 473 611 623 467 479
540 545 552 557 618 623 474 479 612 624 468 480
541 540 553 552 619 618 475 474 613 625 469 481
542 541 554 553 620 619 476 475 614 626 470 482
543 542 555 554 621 620 477 476 615 627 471 483
544 543 556 555 622 621 478 477 616 628 472 484
545 544 557 556 623 622 479 478 617 629 473 485
547 546 559 558 625 624 481 480 618 630 474 486
548 547 560 559 626 625 482 481 619 631 475 487
549 548 561 560 627 626 483 482 620 632 476 488
550 549 562 561 628 627 484 483 621 633 477 489
551 550 563 562 629 628 485 484 622 634 478 490
546 551 558 563 624 629 480 485 623 635 479 491
552 557 564 569 630 635 486 491 624 636 480 492
553 552 565 564 631 630 487 486 625 637 481 493
554 553 566 565 632 631 488 487 626 638 482 494
555 554 567 566 633 632 489 488 627 639 483 495
556 555 568 567 634 633 490 489 628 640 484 496
557 556 569 568 635 634 491 490 629 641 485 497
559 558 571 570 637 636 493 492 630 642 486 498
560 559 572 571 638 637 494 493 631 643 487 499
561 560 573 572 639 638 495 494 632 644 488 500
562 561 574 573 640 639 496 495 633 645 489 501
563 562 575 574 641 640 497 496 634 646 490 502
558 563 570 575 636 641 492 497 635 647 491 503
564 569 504 509 642 647 498 503 636 576 492 432
565 564 505 504 643 642 499 498 637 577 493 433
566 565 506 505 644 643 500 499 638 578 494 434
567 566 507 506 645 644 501 500 639 579 495 435
568 567 508 507 646 645 502 501 640 580 496 436
569 568 509 508 647 646 503 502 641 581 497 437
642 647 582 587 648 653 504 509 714 654 570 510
643 642 583 582 649 648 505 504 715 655 571 511
644 643 584 583 650 649 506 505 716 656 572 512
645 644 585 584 651 650 507 506 717 657 573 513
646 645 586 585 652 651 508 507 718 658 574 514
647 646 587 586 653 652 509 508 719 659 575 515
577 576 589 588 655 654 511 510 648 660 504 516
578 577 590 589 656 655 512 511 649 661 505 517
579 578 591 590 657 656 513 512 650 662 506 518
580 579 592 591 658 657 514 513 651 663 507 519
581 580 593 592 659 658 515 514 652 664 508 520
576 581 588 593 654 659 510 515 653 665 509 521
582 587 594 599 660 665 516 521 654 666 510 522
583 582 595 594 661 660 517 516 655 667 511 523
584 583 596 595 662 661 518 517 656 668 512 524
585 584 597 596 663 662 519 518 657 669 513 525
586 585 598 597 664 663 520 519 658 670 514 526
587 586 599 598 665 664 521 520 659 671 515 527
589 588 601 600 667 666 523 522 660 672 516 528
590 589 602 601 668 667 524 523 661 673 517 529
591 590 603 602 669 668 525 524 662 674 518 530
592 591 604 603 670 669 526 525 663 675 519 531
593 592 605 604 671 670 527 526 664 676 520 532
588 593 600 605 666 671 522 527 665 677 521 533
594 599 606 611 672 677 528 533 666 678 522 534
595 594 607 606 673 672 529 528 667 679 523 535
596 595 608 607 674 673 530 529 668 680 524 536
597 596 609 608 675 674 531 530 669 681 525 537
598 597 610 609 676 675 532 531 670 682 526 538
599 598 611 610 677 676 533 532 671 683 527 539
601 600 613 612 679 678 535 534 672 684 528 540
602 601 614 613 680 679 536 535 673 685 529 541
603 602 615 614 681 680 537 536 674 686 530 542
604 603 616 615 682 681 538 537 675 687 531 543
605 604 617 616 683 682 539 538 676 688 532 544
600 605 612 617 678 683 534 539 677 689 533 545
606 611 618 623 684 689 540 545 678 690 534 546
607 606 619 618 685 684 541 540 679 691 535 547
608 607 620 619 686 685 542 541 680 692 536 548
609 608 621 620 687 686 543 542 681 693 537 549
610 609 622 621 688 687 544 543 682 694 538 550
611 610 623 622 689 688 545 544 683 695 539 551
613 612 625 624 691 690 547 546 684 696 540 552
614 613 626 625 692 691 548 547 685 697 541 553
615 614 627 626 693 692 549 548 686 698 542 554
616 615 628 627 694 693 550 549 687 699 543 555
617 616 629 628 695 694 551 550 688 700 544 556
612 617 624 629 690 695 546 551 689 701 545 557
618 623 630 635 696 701 552 557 690 702 546 558
619 618 631 630 697 696 553 552 691 703 547 559
620 619 632 631 698 697 554 553 692 704 548 560
621 620 633 632 699 698 555 554 693 705 549 561
622 621 634 633 700 699 556 555 694 706 550 562
623 622 635 634 701 700 557 556 695 707 551 563
625 624 637 636 703 702 559 558 696 708 552 564
626 625 638 637 704 703 560 559 697 709 553 565
627 626 639 638 705 704 561 560 698 710 554 566
628 627 640 639 706 705 562 561 699 711 555 567
629 628 641 640 707 706 563 562 700 712 556 568
624 629 636 641 702 707 558 563 701 713 557 569
630 635 642 647 708 713 564 569 702 714 558 570
631 630 643 642 709 708 565 564 703 715 559 571
632 631 644 643 710 709 566 565 704 716 560 572
633 632 645 644 711 710 567 566 705 717 561 573
634 633 646 645 712 711 568 567 706 718 562 574
635 634 647 646 713 712 569 568 707 719 563 575
637 636 577 576 715 714 571 570 708 648 564 504
638 637 578 577 716 715 572 571 709 649 565 505
639 638 579 578 717 716 573 572 710 650 566 506
640 639 580 579 718 717 574 573 711 651 567 507
641 640 581 580 719 718 575 574 712 652 568 508
636 641 576 581 714 719 570 575 713 653 569 509
715 714 655 654 721 720 577 576 786 726 642 582
716 715 656 655 722 721 578 577 787 727 643 583
717 716 657 656 723 722 579 578 788 728 644 584
718 717 658 657 724 723 580 579 789 729 645 585
719 718 659 658 725 724 581 580 790 730 646 586
714 719 654 659 720 725 576 581 791 731 647 587
648 653 660 665 726 731 582 587 720 732 576 588
649 648 661 660 727 726 583 582 721 733 577 589
650 649 662 661 728 727 584 583 722 734 578 590
651 650 663 662 729 728 585 584 723 735 579 591
652 651 664 663 730 729 586 585 724 736 580 592
653 652 665 664 731 730 587 586 725 737 581 593
655 654 667 666 733 732 589 588 726 738 582 594
656 655 668 667 734 733 590 589 727 739 583 595
657 656 669 668 735 734 591 590 728 740 584 596
658 657 670 669 736 735 592 591 729 741 585 597
659 658 671 670 737 736 593 592 730 742 586 598
654 659 666 671 732 737 588 593 731 743 587 599
660 665 672 677 738 743 594 599 732 744 588 600
661 660 673 672 739 738 595 594 733 745 589 601
662 661 674 673 740 739 596 595 734 746 590 602
663 662 675 674 741 740 597 596 735 747 591 603
664 663 676 675 742 741 598 597 736 748 592 604
665 664 677 676 743 742 599 598 737 749 593 605
667 666 679 678 745 744 601 600 738 750 594 606
668 667 680 679 746 745 602 601 739 751 595 607
669 668 681 680 747 746 603 602 740 752 596 608
670 669 682 681 748 747 604 603 741 753 597 609
671 670 683 682 749 748 605 604 742 754 598 610
666 671 678 683 744 749 600 605 743 755 599 611
672 677 684 689 750 755 606 611 744 756 600 612
673 672 685 684 751 750 607 606 745 757 601 613
674 673 686 685 752 751 608 607 746 758 602 614
675 674 687 686 753 752 609 608 747 759 603 615
676 675 688 687 754 753 610 609 748 760 604 616
677 676 689 688 755 754 611 610 749 761 605 617
679 678 691 690 757 756 613 612 750 762 606 618
680 679 692 691 758 757 614 613 751 763 607 619
681 680 693 692 759 758 615 614 752 764 608 620
682 681 694 693 760 759 616 615 753 765 609 621
683 682 695 694 761 760 617 616 754 766 610 622
678 683 690 695 756 761 612 617 755 767 611 623
684 689 696 701 762 767 618 623 756 768 612 624
685 684 697 696 763 762 619 618 757 769 613 625
686 685 698 697 764 763 620 619 758 770 614 626
687 686 699 698 765 764 621 620 759 771 615 627
688 687 700 699 766 765 622 621 760 772 616 628
689 688 701 700 767 766 623 622 761 773 617 629
691 690 703 702 769 768 625 624 762 774 618 630
692 691 704 703 770 769 626 625 763 775 619 631
693 692 705 704 771 770 627 626 764 776 620 632
694 693 706 705 772 771 628 627 765 777 621 633
695 694 707 706 773 772 629 628 766 778 622 634
690 695 702 707 768 773 624 629 767 779 623 635
696 701 708 713 774 779 630 635 768 780 624 636
697 696 709 708 775 774 631 630 769 781 625 637
698 697 710 709 776 775 632 631 770 782 626 638
699 698 711 710 777 776 633 632 771 783 627 639
700 699 712 711 778 777 634 633 772 784 628 640
701 700 713 712 779 778 635 634 773 785 629 641
703 702 715 714 781 780 637 636 774 786 630 642
704 703 716 715 782 781 638 637 775 787 631 643
705 704 717 716 783 782 639 638 776 788 632 644
706 705 718 717 784 783 640 639 777 789 633 645
707 706 719 718 785 784 641 640 778 790 634 646
702 707 714 719 780 785 636 641 779 791 635 647
708 713 648 653 786 791 642 647 780 720 636 576
709 708 649 648 787 786 643 642 781 721 637 577
710 709 650 649 788 787 644 643 782 722 638 578
711 710 651 650 789 788 645 644 783 723 639 579
712 711 652 651 790 789 646 645 784 724 640 580
713 712 653 652 791 790 647 646 785 725 641 581
786 791 726 731 792 797 648 653 858 798 714 654
787 786 727 726 793 792 649 648 859 799 715 655
788 787 728 727 794 793 650 649 860 800 716 656
789 788 729 728 795 794 651 650 861 801 717 657
790 789 730 729 796 795 652 651 862 802 718 658
791 790 731 730 797 796 653 652 863 803 719 659
721 720 733 732 799 798 655 654 792 804 648 660
722 721 734 733 800 799 656 655 793 805 649 661
723 722 735 734 801 800 657 656 794 806 650 662
724 723 736 735 802 801 658 657 795 807 651 663
725 724 737 736 803 802 659 658 796 808 652 664
720 725 732 737 798 803 654 659 797 809 653 665
726 731 738 743 804 809 660 665 798 810 654 666
727 726 739 738 805 804 661 660 799 811 655 667
728 727 740 739 806 805 662 661 800 812 656 668
729 728 741 740 807 806 663 662 801 813 657 669
730 729 742 741 808 807 664 663 802 814 658 670
731 730 743 742 809 808 665 664 803 815 659 671
733 732 745 744 811 810 667 666 804 816 660 672
734 733 746 745 812 811 668 667 805 817 661 673
735 734 747 746 813 812 669 668 806 818 662 674
736 735 748 747 814 813 670 669 807 819 663 675
737 736 749 748 815 814 671 670 808 820 664 676
732 737 744 749 810 815 666 671 809 821 665 677
738 743 750 755 816 821 672 677 810 822 666 678
739 738 751 750 817 816 673 672 811 823 667 679
740 739 752 751 818 817 674 673 812 824 668 680
741 740 753 752 819 818 675 674 813 825 669 681
742 741 754 753 820 819 676 675 814 826 670 682
743 742 755 754 821 820 677 676 815 827 671 683
745 744 757 756 823 822 679 678 816 828 672 684
746 745 758 757 824 823 680 679 817 829 673 685
747 746 759 758 825 824 681 680 818 830 674 686
748 747 760 759 826 825 682 681 819 831 675 687
749 748 761 760 827 826 683 682 820 832 676 688
744 749 756 761 822 827 678 683 821 833 677 689
750 755 762 767 828 833 684 689 822 834 678 690
751 750 763 762 829 828 685 684 823 835 679 691
752 751 764 763 830 829 686 685 824 836 680 692
753 752 765 764 831 830 687 686 825 837 681 693
754 753 766 765 832 831 688 687 826 838 682 694
755 754 767 766 833 832 689 688 827 839 683 695
757 756 769 768 835 834 691 690 828 840 684 696
758 757 770 769 836 835 692 691 829 841 685 697
759 758 771 770 837 836 693 692 830 842 686 698
760 759 772 771 838 837 694 693 831 843 687 699
761 760 773 772 839 838 695 694 832 844 688 700
756 761 768 773 834 839 690 695 833 845 689 701
762 767 774 779 840 845 696 701 834 846 690 702
763 762 775 774 841 840 697 696 835 847 691 703
764 763 776 775 842 841 698 697 836 848 692 704
765 764 777 776 843 842 699 698 837 849 693 705
766 765 778 777 844 843 700 699 838 850 694 706
767 766 779 778 845 844 701 700 839 851 695 707
769 768 781 780 847 846 703 702 840 852 696 708
770 769 782 781 848 847 704 703 841 853 697 709
771 770 783 782 849 848 705 704 842 854 698 710
772 771 784 783 850 849 706 705 843 855 699 711
773 772 785 784 851 850 707 706 844 856 700 712
768 773 780 785 846 851 702 707 845 857 701 713
774 779 786 791 852 857 708 713 846 858 702 714
775 774 787 786 853 852 709 708 847 859 703 715
776 775 788 787 854 853 710 709 848 860 704 716
777 776 789 788 855 854 711 710 849 861 705 717
778 777 790 789 856 855 712 711 850 862 706 718
779 778 791 790 857 856 713 712 851 863 707 719
781 780 721 720 859 858 715 714 852 792 708 648
782 781 722 721 860 859 716 715 853 793 709 649
783 782 723 722 861 860 717 716 854 794 710 650
784 783 724 723 862 861 718 717 855 795 711 651
785 784 725 724 863 862 719 718 856 796 712 652
780 785 720 725 858 863 714 719 857 797 713 653
859 858 799 798 1 0 721 720 66 6 786 726
860 859 800 799 2 1 722 721 67 7 787 727
861 860 801 800 3 2 723 722 68 8 788 728
862 861 802 801 4 3 724 723 69 9 789 729
863 862 803 802 5 4 725 724 70 10 790 730
858 863 798 803 0 5 720 725 71 11 791 731
792 797 804 809 6 11 726 731 0 12 720 732
793 792 805 804 7 6 727 726 1 13 721 733
794 793 806 805 8 7 728 727 2 14 722 734
795 794 807 806 9 8 729 728 3 15 723 735
796 795 808 807 10 9 730 729 4 16 724 736
797 796 809 808 11 10 731 730 5 17 725 737
799 798 811 810 13 12 733 732 6 18 726 738
800 799 812 811 14 13 734 733 7 19 727 739
801 800 813 812 15 14 735 734 8 20 728 740
802 801 814 813 16 15 736 735 9 21 729 741
803 802 815 814 17 16 737 736 10 22 730 742
798 803 810 815 12 17 732 737 11 23 731 743
804 809 816 821 18 23 738 743 12 24 732 744
805 804 817 816 19 18 739 738 13 25 733 745
806 805 818 817 20 19 740 739 14 26 734 746
807 806 819 818 21 20 741 740 15 27 735 747
808 807 820 819 22 21 742 741 16 28 736 748
809 808 821 820 23 22 743 742 17 29 737 749
811 810 823 822 25 24 745 744 18 30 738 750
812 811 824 823 26 25 746 745 19 31 739 751
813 812 825 824 27 26 747 746 20 32 740 752
814 813 826 825 28 27 748 747 21 33 741 753
815 814 827 826 29 28 749 748 22 34 742 754
810 815 822 827 24 29 744 749 23 35 743 755
816 821 828 833 30 35 750 755 24 36 744 756
817 816 829 828 31 30 751 750 25 37 745 757
818 817 830 829 32 31 752 751 26 38 746 758
819 818 831 830 33 32 753 752 27 39 747 759
820 819 832 831 34 33 754 753 28 40 748 760
821 820 833 832 35 34 755 754 29 41 749 761
823 822 835 834 37 36 757 756 30 42 750 762
824 823 836 835 38 37 758 757 31 43 751 763
825 824 837 836 39 38 759 758 32 44 752 764
826 825 838 837 40 39 760 759 33 45 753 765
827 826 839 838 41 40 761 760 34 46 754 766
822 827 834 839 36 41 756 761 35 47 755 767
828 833 840 845 42 47 762 767 36 48 756 768
829 828 841 840 43 42 763 762 37 49 757 769
830 829 842 841 44 43 764 763 38 50 758 770
831 830 843 842 45 44 765 764 39 51 759 771
832 831 844 843 46 45 766 765 40 52 760 772
833 832 845 844 47 46 767 766 41 53 761 773
835 834 847 846 49 48 769 768 42 54 762 774
836 835 848 847 50 49 770 769 43 55 763 775
837 836 849 848 51 50 771 770 44 56 764 776
838 837 850 849 52 51 772 771 45 57 765 777
839 838 851 850 53 52 773 772 46 58 766 778
834 839 846 851 48 53 768 773 47 59 767 779
840 845 852 857 54 59 774 779 48 60 768 780
841 840 853 852 55 54 775 774 49 61 769 781
842 841 854 853 56 55 776 775 50 62 770 782
843 842 855 854 57 56 777 776 51 63 771 783
844 843 856 855 58 57 778 777 52 64 772 784
845 844 857 856 59 58 779 778 53 65 773 785
847 846 859 858 61 60 781 780 54 66 774 786
848 847 860 859 62 61 782 781 55 67 775 787
849 848 861 860 63 62 783 782 56 68 776 788
850 849 862 861 64 63 784 783 57 69 777 789
851 850 863 862 65 64 785 784 58 70 778 790
846 851 858 863 60 65 780 785 59 71 779 791
852 857 792 797 66 71 786 791 60 0 780 720
853 852 793 792 67 66 787 786 61 1 781 721
854 853 794 793 68 67 788 787 62 2 782 722
855 854 795 794 69 68 789 788 63 3 783 723
856 855 796 795 70 69 790 789 64 4 784 724
857 856 797 796 71 70 791 790 65 5 785 725
