1 5 30 6 35 7 36 180
2 0 31 7 30 8 37 181
3 1 32 8 31 9 38 182
4 2 33 9 32 10 39 183
5 3 34 10 33 11 40 184
0 4 35 11 34 6 41 185
7 11 0 12 5 13 42 186
8 6 1 13 0 14 43 187
9 7 2 14 1 15 44 188
10 8 3 15 2 16 45 189
11 9 4 16 3 17 46 190
6 10 5 17 4 12 47 191
13 17 6 18 11 19 48 192
14 12 7 19 6 20 49 193
15 13 8 20 7 21 50 194
16 14 9 21 8 22 51 195
17 15 10 22 9 23 52 196
12 16 11 23 10 18 53 197
19 23 12 24 17 25 54 198
20 18 13 25 12 26 55 199
21 19 14 26 13 27 56 200
22 20 15 27 14 28 57 201
23 21 16 28 15 29 58 202
18 22 17 29 16 24 59 203
25 29 18 30 23 31 60 204
26 24 19 31 18 32 61 205
27 25 20 32 19 33 62 206
28 26 21 33 20 34 63 207
29 27 22 34 21 35 64 208
24 28 23 35 22 30 65 209
31 35 24 0 29 1 66 210
32 30 25 1 24 2 67 211
33 31 26 2 25 3 68 212
34 32 27 3 26 4 69 213
35 33 28 4 27 5 70 214
30 34 29 5 28 0 71 215
37 41 66 42 71 43 72 0
38 36 67 43 66 44 73 1
39 37 68 44 67 45 74 2
40 38 69 45 68 46 75 3
41 39 70 46 69 47 76 4
36 40 71 47 70 42 77 5
43 47 36 48 41 49 78 6
44 42 37 49 36 50 79 7
45 43 38 50 37 51 80 8
46 44 39 51 38 52 81 9
47 45 40 52 39 53 82 10
42 46 41 53 40 48 83 11
49 53 42 54 47 55 84 12
50 48 43 55 42 56 85 13
51 49 44 56 43 57 86 14
52 50 45 57 44 58 87 15
53 51 46 58 45 59 88 16
48 52 47 59 46 54 89 17
55 59 48 60 53 61 90 18
56 54 49 61 48 62 91 19
57 55 50 62 49 63 92 20
58 56 51 63 50 64 93 21
59 57 52 64 51 65 94 22
54 58 53 65 52 60 95 23
61 65 54 66 59 67 96 24
62 60 55 67 54 68 97 25
63 61 56 68 55 69 98 26
64 62 57 69 56 70 99 27
65 63 58 70 57 71 100 28
60 64 59 71 58 66 101 29
67 71 60 36 65 37 102 30
68 66 61 37 60 38 103 31
69 67 62 38 61 39 104 32
70 68 63 39 62 40 105 33
71 69 64 40 63 41 106 34
66 70 65 41 64 36 107 35
73 77 102 78 107 79 108 36
74 72 103 79 102 80 109 37
75 73 104 80 103 81 110 38
76 74 105 81 104 82 111 39
77 75 106 82 105 83 112 40
72 76 107 83 106 78 113 41
79 83 72 84 77 85 114 42
80 78 73 85 72 86 115 43
81 79 74 86 73 87 116 44
82 80 75 87 74 88 117 45
83 81 76 88 75 89 118 46
78 82 77 89 76 84 119 47
85 89 78 90 83 91 120 48
86 84 79 91 78 92 121 49
87 85 80 92 79 93 122 50
88 86 81 93 80 94 123 51
89 87 82 94 81 95 124 52
84 88 83 95 82 90 125 53
91 95 84 96 89 97 126 54
92 90 85 97 84 98 127 55
93 91 86 98 85 99 128 56
94 92 87 99 86 100 129 57
95 93 88 100 87 101 130 58
90 94 89 101 88 96 131 59
97 101 90 102 95 103 132 60
98 96 91 103 90 104 133 61
99 97 92 104 91 105 134 62
100 98 93 105 92 106 135 63
101 99 94 106 93 107 136 64
96 100 95 107 94 102 137 65
103 107 96 72 101 73 138 66
104 102 97 73 96 74 139 67
105 103 98 74 97 75 140 68
106 104 99 75 98 76 141 69
107 105 100 76 99 77 142 70
102 106 101 77 100 72 143 71
109 113 138 114 143 115 144 72
110 108 139 115 138 116 145 73
111 109 140 116 139 117 146 74
112 110 141 117 140 118 147 75
113 111 142 118 141 119 148 76
108 112 143 119 142 114 149 77
115 119 108 120 113 121 150 78
116 114 109 121 108 122 151 79
117 115 110 122 109 123 152 80
118 116 111 123 110 124 153 81
119 117 112 124 111 125 154 82
114 118 113 125 112 120 155 83
121 125 114 126 119 127 156 84
122 120 115 127 114 128 157 85
123 121 116 128 115 129 158 86
124 122 117 129 116 130 159 87
125 123 118 130 117 131 160 88
120 124 119 131 118 126 161 89
127 131 120 132 125 133 162 90
128 126 121 133 120 134 163 91
129 127 122 134 121 135 164 92
130 128 123 135 122 136 165 93
131 129 124 136 123 137 166 94
126 130 125 137 124 132 167 95
133 137 126 138 131 139 168 96
134 132 127 139 126 140 169 97
135 133 128 140 127 141 170 98
136 134 129 141 128 142 171 99
137 135 130 142 129 143 172 100
132 136 131 143 130 138 173 101
139 143 132 108 137 109 174 102
140 138 133 109 132 110 175 103
141 139 134 110 133 111 176 104
142 140 135 111 134 112 177 105
143 141 136 112 135 113 178 106
138 142 137 113 136 108 179 107
145 149 174 150 179 151 180 108
146 144 175 151 174 152 181 109
147 145 176 152 175 153 182 110
148 146 177 153 176 154 183 111
149 147 178 154 177 155 184 112
144 148 179 155 178 150 185 113
151 155 144 156 149 157 186 114
152 150 145 157 144 158 187 115
153 151 146 158 145 159 188 116
154 152 147 159 146 160 189 117
155 153 148 160 147 161 190 118
150 154 149 161 148 156 191 119
157 161 150 162 155 163 192 120
158 156 151 163 150 164 193 121
159 157 152 164 151 165 194 122
160 158 153 165 152 166 195 123
161 159 154 166 153 167 196 124
156 160 155 167 154 162 197 125
163 167 156 168 161 169 198 126
164 162 157 169 156 170 199 127
165 163 158 170 157 171 200 128
166 164 159 171 158 172 201 129
167 165 160 172 159 173 202 130
162 166 161 173 160 168 203 131
169 173 162 174 167 175 204 132
170 168 163 175 162 176 205 133
171 169 164 176 163 177 206 134
172 170 165 177 164 178 207 135
173 171 166 178 165 179 208 136
168 172 167 179 166 174 209 137
175 179 168 144 173 145 210 138
176 174 169 145 168 146 211 139
177 175 170 146 169 147 212 140
178 176 171 147 170 148 213 141
179 177 172 148 171 149 214 142
174 178 173 149 172 144 215 143
181 185 210 186 215 187 0 144
182 180 211 187 210 188 1 145
183 181 212 188 211 189 2 146
184 182 213 189 212 190 3 147
185 183 214 190 213 191 4 148
180 184 215 191 214 186 5 149
187 191 180 192 185 193 6 150
188 186 181 193 180 194 7 151
189 187 182 194 181 195 8 152
190 188 183 195 182 196 9 153
191 189 184 196 183 197 10 154
186 190 185 197 184 192 11 155
193 197 186 198 191 199 12 156
194 192 187 199 186 200 13 157
195 193 188 200 187 201 14 158
196 194 189 201 188 202 15 159
197 195 190 202 189 203 16 160
192 196 191 203 190 198 17 161
199 203 192 204 197 205 18 162
200 198 193 205 192 206 19 163
201 199 194 206 193 207 20 164
202 200 195 207 194 208 21 165
203 201 196 208 195 209 22 166
198 202 197 209 196 204 23 167
205 209 198 210 203 211 24 168
206 204 199 211 198 212 25 169
207 205 200 212 199 213 26 170
208 206 201 213 200 214 27 171
209 207 202 214 201 215 28 172
204 208 203 215 202 210 29 173
211 215 204 180 209 181 30 174
212 210 205 181 204 182 31 175
213 211 206 182 205 183 32 176
214 212 207 183 206 184 33 177
215 213 208 184 207 185 34 178
210 214 209 185 208 180 35 179
