15 17 3 5 18 20 90 92 33 21 105 93
16 15 4 3 19 18 91 90 34 22 106 94
17 16 5 4 20 19 92 91 35 23 107 95
1 0 7 6 22 21 94 93 18 24 90 96
2 1 8 7 23 22 95 94 19 25 91 97
0 2 6 8 21 23 93 95 20 26 92 98
3 5 9 11 24 26 96 98 21 27 93 99
4 3 10 9 25 24 97 96 22 28 94 100
5 4 11 10 26 25 98 97 23 29 95 101
7 6 13 12 28 27 100 99 24 30 96 102
8 7 14 13 29 28 101 100 25 31 97 103
6 8 12 14 27 29 99 101 26 32 98 104
9 11 15 17 30 32 102 104 27 33 99 105
10 9 16 15 31 30 103 102 28 34 100 106
11 10 17 16 32 31 104 103 29 35 101 107
13 12 1 0 34 33 106 105 30 18 102 90
14 13 2 1 35 34 107 106 31 19 103 91
12 14 0 2 33 35 105 107 32 20 104 92
34 33 22 21 37 36 1 0 51 39 15 3
35 34 23 22 38 37 2 1 52 40 16 4
33 35 21 23 36 38 0 2 53 41 17 5
18 20 24 26 39 41 3 5 36 42 0 6
19 18 25 24 40 39 4 3 37 43 1 7
20 19 26 25 41 40 5 4 38 44 2 8
22 21 28 27 43 42 7 6 39 45 3 9
23 22 29 28 44 43 8 7 40 46 4 10
21 23 27 29 42 44 6 8 41 47 5 11
24 26 30 32 45 47 9 11 42 48 6 12
25 24 31 30 46 45 10 9 43 49 7 13
26 25 32 31 47 46 11 10 44 50 8 14
28 27 34 33 49 48 13 12 45 51 9 15
29 28 35 34 50 49 14 13 46 52 10 16
27 29 33 35 48 50 12 14 47 53 11 17
30 32 18 20 51 53 15 17 48 36 12 0
31 30 19 18 52 51 16 15 49 37 13 1
32 31 20 19 53 52 17 16 50 38 14 2
51 53 39 41 54 56 18 20 69 57 33 21
52 51 40 39 55 54 19 18 70 58 34 22
53 52 41 40 56 55 20 19 71 59 35 23
37 36 43 42 58 57 22 21 54 60 18 24
38 37 44 43 59 58 23 22 55 61 19 25
36 38 42 44 57 59 21 23 56 62 20 26
39 41 45 47 60 62 24 26 57 63 21 27
40 39 46 45 61 60 25 24 58 64 22 28
41 40 47 46 62 61 26 25 59 65 23 29
43 42 49 48 64 63 28 27 60 66 24 30
44 43 50 49 65 64 29 28 61 67 25 31
42 44 48 50 63 65 27 29 62 68 26 32
45 47 51 53 66 68 30 32 63 69 27 33
46 45 52 51 67 66 31 30 64 70 28 34
47 46 53 52 68 67 32 31 65 71 29 35
49 48 37 36 70 69 34 33 66 54 30 18
50 49 38 37 71 70 35 34 67 55 31 19
48 50 36 38 69 71 33 35 68 56 32 20
70 69 58 57 73 72 37 36 87 75 51 39
71 70 59 58 74 73 38 37 88 76 52 40
69 71 57 59 72 74 36 38 89 77 53 41
54 56 60 62 75 77 39 41 72 78 36 42
55 54 61 60 76 75 40 39 73 79 37 43
56 55 62 61 77 76 41 40 74 80 38 44
58 57 64 63 79 78 43 42 75 81 39 45
59 58 65 64 80 79 44 43 76 82 40 46
57 59 63 65 78 80 42 44 77 83 41 47
60 62 66 68 81 83 45 47 78 84 42 48
61 60 67 66 82 81 46 45 79 85 43 49
62 61 68 67 83 82 47 46 80 86 44 50
64 63 70 69 85 84 49 48 81 87 45 51
65 64 71 70 86 85 50 49 82 88 46 52
63 65 69 71 84 86 48 50 83 89 47 53
66 68 54 56 87 89 51 53 84 72 48 36
67 66 55 54 88 87 52 51 85 73 49 37
68 67 56 55 89 88 53 52 86 74 50 38
87 89 75 77 90 92 54 56 105 93 69 57
88 87 76 75 91 90 55 54 106 94 70 58
89 88 77 76 92 91 56 55 107 95 71 59
73 72 79 78 94 93 58 57 90 96 54 60
74 73 80 79 95 94 59 58 91 97 55 61
72 74 78 80 93 95 57 59 92 98 56 62
75 77 81 83 96 98 60 62 93 99 57 63
76 75 82 81 97 96 61 60 94 100 58 64
77 76 83 82 98 97 62 61 95 101 59 65
79 78 85 84 100 99 64 63 96 102 60 66
80 79 86 85 101 100 65 64 97 103 61 67
78 80 84 86 99 101 63 65 98 104 62 68
81 83 87 89 102 104 66 68 99 105 63 69
82 81 88 87 103 102 67 66 100 106 64 70
83 82 89 88 104 103 68 67 101 107 65 71
85 84 73 72 106 105 70 69 102 90 66 54
86 85 74 73 107 106 71 70 103 91 67 55
84 86 72 74 105 107 69 71 104 92 68 56
106 105 94 93 1 0 73 72 15 3 87 75
107 106 95 94 2 1 74 73 16 4 88 76
105 107 93 95 0 2 72 74 17 5 89 77
90 92 96 98 3 5 75 77 0 6 72 78
91 90 97 96 4 3 76 75 1 7 73 79
92 91 98 97 5 4 77 76 2 8 74 80
94 93 100 99 7 6 79 78 3 9 75 81
95 94 101 100 8 7 80 79 4 10 76 82
93 95 99 101 6 8 78 80 5 11 77 83
96 98 102 104 9 11 81 83 6 12 78 84
97 96 103 102 10 9 82 81 7 13 79 85
98 97 104 103 11 10 83 82 8 14 80 86
100 99 106 105 13 12 85 84 9 15 81 87
101 100 107 106 14 13 86 85 10 16 82 88
99 101 105 107 12 14 84 86 11 17 83 89
102 104 90 92 15 17 87 89 12 0 84 72
103 102 91 90 16 15 88 87 13 1 85 73
104 103 92 91 17 16 89 88 14 2 86 74
