1 14 210 15
2 0 211 16
3 1 212 17
4 2 213 18
5 3 214 19
6 4 215 20
7 5 216 21
8 6 217 22
9 7 218 23
10 8 219 24
11 9 220 25
12 10 221 26
13 11 222 27
14 12 223 28
0 13 224 29
16 29 0 30
17 15 1 31
18 16 2 32
19 17 3 33
20 18 4 34
21 19 5 35
22 20 6 36
23 21 7 37
24 22 8 38
25 23 9 39
26 24 10 40
27 25 11 41
28 26 12 42
29 27 13 43
15 28 14 44
31 44 15 45
32 30 16 46
33 31 17 47
34 32 18 48
35 33 19 49
36 34 20 50
37 35 21 51
38 36 22 52
39 37 23 53
40 38 24 54
41 39 25 55
42 40 26 56
43 41 27 57
44 42 28 58
30 43 29 59
46 59 30 60
47 45 31 61
48 46 32 62
49 47 33 63
50 48 34 64
51 49 35 65
52 50 36 66
53 51 37 67
54 52 38 68
55 53 39 69
56 54 40 70
57 55 41 71
58 56 42 72
59 57 43 73
45 58 44 74
61 74 45 75
62 60 46 76
63 61 47 77
64 62 48 78
65 63 49 79
66 64 50 80
67 65 51 81
68 66 52 82
69 67 53 83
70 68 54 84
71 69 55 85
72 70 56 86
73 71 57 87
74 72 58 88
60 73 59 89
76 89 60 90
77 75 61 91
78 76 62 92
79 77 63 93
80 78 64 94
81 79 65 95
82 80 66 96
83 81 67 97
84 82 68 98
85 83 69 99
86 84 70 100
87 85 71 101
88 86 72 102
89 87 73 103
75 88 74 104
91 104 75 105
92 90 76 106
93 91 77 107
94 92 78 108
95 93 79 109
96 94 80 110
97 95 81 111
98 96 82 112
99 97 83 113
100 98 84 114
101 99 85 115
102 100 86 116
103 101 87 117
104 102 88 118
90 103 89 119
106 119 90 120
107 105 91 121
108 106 92 122
109 107 93 123
110 108 94 124
111 109 95 125
112 110 96 126
113 111 97 127
114 112 98 128
115 113 99 129
116 114 100 130
117 115 101 131
118 116 102 132
119 117 103 133
105 118 104 134
121 134 105 135
122 120 106 136
123 121 107 137
124 122 108 138
125 123 109 139
126 124 110 140
127 125 111 141
128 126 112 142
129 127 113 143
130 128 114 144
131 129 115 145
132 130 116 146
133 131 117 147
134 132 118 148
120 133 119 149
136 149 120 150
137 135 121 151
138 136 122 152
139 137 123 153
140 138 124 154
141 139 125 155
142 140 126 156
143 141 127 157
144 142 128 158
145 143 129 159
146 144 130 160
147 145 131 161
148 146 132 162
149 147 133 163
135 148 134 164
151 164 135 165
152 150 136 166
153 151 137 167
154 152 138 168
155 153 139 169
156 154 140 170
157 155 141 171
158 156 142 172
159 157 143 173
160 158 144 174
161 159 145 175
162 160 146 176
163 161 147 177
164 162 148 178
150 163 149 179
166 179 150 180
167 165 151 181
168 166 152 182
169 167 153 183
170 168 154 184
171 169 155 185
172 170 156 186
173 171 157 187
174 172 158 188
175 173 159 189
176 174 160 190
177 175 161 191
178 176 162 192
179 177 163 193
165 178 164 194
181 194 165 195
182 180 166 196
183 181 167 197
184 182 168 198
185 183 169 199
186 184 170 200
187 185 171 201
188 186 172 202
189 187 173 203
190 188 174 204
191 189 175 205
192 190 176 206
193 191 177 207
194 192 178 208
180 193 179 209
196 209 180 210
197 195 181 211
198 196 182 212
199 197 183 213
200 198 184 214
201 199 185 215
202 200 186 216
203 201 187 217
204 202 188 218
205 203 189 219
206 204 190 220
207 205 191 221
208 206 192 222
209 207 193 223
195 208 194 224
211 224 195 0
212 210 196 1
213 211 197 2
214 212 198 3
215 213 199 4
216 214 200 5
217 215 201 6
218 216 202 7
219 217 203 8
220 218 204 9
221 219 205 10
222 220 206 11
223 221 207 12
224 222 208 13
210 223 209 14
