1 6 42 7 48 8 49 294
2 0 43 8 42 9 50 295
3 1 44 9 43 10 51 296
4 2 45 10 44 11 52 297
5 3 46 11 45 12 53 298
6 4 47 12 46 13 54 299
0 5 48 13 47 7 55 300
8 13 0 14 6 15 56 301
9 7 1 15 0 16 57 302
10 8 2 16 1 17 58 303
11 9 3 17 2 18 59 304
12 10 4 18 3 19 60 305
13 11 5 19 4 20 61 306
7 12 6 20 5 14 62 307
15 20 7 21 13 22 63 308
16 14 8 22 7 23 64 309
17 15 9 23 8 24 65 310
18 16 10 24 9 25 66 311
19 17 11 25 10 26 67 312
20 18 12 26 11 27 68 313
14 19 13 27 12 21 69 314
22 27 14 28 20 29 70 315
23 21 15 29 14 30 71 316
24 22 16 30 15 31 72 317
25 23 17 31 16 32 73 318
26 24 18 32 17 33 74 319
27 25 19 33 18 34 75 320
21 26 20 34 19 28 76 321
29 34 21 35 27 36 77 322
30 28 22 36 21 37 78 323
31 29 23 37 22 38 79 324
32 30 24 38 23 39 80 325
33 31 25 39 24 40 81 326
34 32 26 40 25 41 82 327
28 33 27 41 26 35 83 328
36 41 28 42 34 43 84 329
37 35 29 43 28 44 85 330
38 36 30 44 29 45 86 331
39 37 31 45 30 46 87 332
40 38 32 46 31 47 88 333
41 39 33 47 32 48 89 334
35 40 34 48 33 42 90 335
43 48 35 0 41 1 91 336
44 42 36 1 35 2 92 337
45 43 37 2 36 3 93 338
46 44 38 3 37 4 94 339
47 45 39 4 38 5 95 340
48 46 40 5 39 6 96 341
42 47 41 6 40 0 97 342
50 55 91 56 97 57 98 0
51 49 92 57 91 58 99 1
52 50 93 58 92 59 100 2
53 51 94 59 93 60 101 3
54 52 95 60 94 61 102 4
55 53 96 61 95 62 103 5
49 54 97 62 96 56 104 6
57 62 49 63 55 64 105 7
58 56 50 64 49 65 106 8
59 57 51 65 50 66 107 9
60 58 52 66 51 67 108 10
61 59 53 67 52 68 109 11
62 60 54 68 53 69 110 12
56 61 55 69 54 63 111 13
64 69 56 70 62 71 112 14
65 63 57 71 56 72 113 15
66 64 58 72 57 73 114 16
67 65 59 73 58 74 115 17
68 66 60 74 59 75 116 18
69 67 61 75 60 76 117 19
63 68 62 76 61 70 118 20
71 76 63 77 69 78 119 21
72 70 64 78 63 79 120 22
73 71 65 79 64 80 121 23
74 72 66 80 65 81 122 24
75 73 67 81 66 82 123 25
76 74 68 82 67 83 124 26
70 75 69 83 68 77 125 27
78 83 70 84 76 85 126 28
79 77 71 85 70 86 127 29
80 78 72 86 71 87 128 30
81 79 73 87 72 88 129 31
82 80 74 88 73 89 130 32
83 81 75 89 74 90 131 33
77 82 76 90 75 84 132 34
85 90 77 91 83 92 133 35
86 84 78 92 77 93 134 36
87 85 79 93 78 94 135 37
88 86 80 94 79 95 136 38
89 87 81 95 80 96 137 39
90 88 82 96 81 97 138 40
84 89 83 97 82 91 139 41
92 97 84 49 90 50 140 42
93 91 85 50 84 51 141 43
94 92 86 51 85 52 142 44
95 93 87 52 86 53 143 45
96 94 88 53 87 54 144 46
97 95 89 54 88 55 145 47
91 96 90 55 89 49 146 48
99 104 140 105 146 106 147 49
100 98 141 106 140 107 148 50
101 99 142 107 141 108 149 51
102 100 143 108 142 109 150 52
103 101 144 109 143 110 151 53
104 102 145 110 144 111 152 54
98 103 146 111 145 105 153 55
106 111 98 112 104 113 154 56
107 105 99 113 98 114 155 57
108 106 100 114 99 115 156 58
109 107 101 115 100 116 157 59
110 108 102 116 101 117 158 60
111 109 103 117 102 118 159 61
105 110 104 118 103 112 160 62
113 118 105 119 111 120 161 63
114 112 106 120 105 121 162 64
115 113 107 121 106 122 163 65
116 114 108 122 107 123 164 66
117 115 109 123 108 124 165 67
118 116 110 124 109 125 166 68
112 117 111 125 110 119 167 69
120 125 112 126 118 127 168 70
121 119 113 127 112 128 169 71
122 120 114 128 113 129 170 72
123 121 115 129 114 130 171 73
124 122 116 130 115 131 172 74
125 123 117 131 116 132 173 75
119 124 118 132 117 126 174 76
127 132 119 133 125 134 175 77
128 126 120 134 119 135 176 78
129 127 121 135 120 136 177 79
130 128 122 136 121 137 178 80
131 129 123 137 122 138 179 81
132 130 124 138 123 139 180 82
126 131 125 139 124 133 181 83
134 139 126 140 132 141 182 84
135 133 127 141 126 142 183 85
136 134 128 142 127 143 184 86
137 135 129 143 128 144 185 87
138 136 130 144 129 145 186 88
139 137 131 145 130 146 187 89
133 138 132 146 131 140 188 90
141 146 133 98 139 99 189 91
142 140 134 99 133 100 190 92
143 141 135 100 134 101 191 93
144 142 136 101 135 102 192 94
145 143 137 102 136 103 193 95
146 144 138 103 137 104 194 96
140 145 139 104 138 98 195 97
148 153 189 154 195 155 196 98
149 147 190 155 189 156 197 99
150 148 191 156 190 157 198 100
151 149 192 157 191 158 199 101
152 150 193 158 192 159 200 102
153 151 194 159 193 160 201 103
147 152 195 160 194 154 202 104
155 160 147 161 153 162 203 105
156 154 148 162 147 163 204 106
157 155 149 163 148 164 205 107
158 156 150 164 149 165 206 108
159 157 151 165 150 166 207 109
160 158 152 166 151 167 208 110
154 159 153 167 152 161 209 111
162 167 154 168 160 169 210 112
163 161 155 169 154 170 211 113
164 162 156 170 155 171 212 114
165 163 157 171 156 172 213 115
166 164 158 172 157 173 214 116
167 165 159 173 158 174 215 117
161 166 160 174 159 168 216 118
169 174 161 175 167 176 217 119
170 168 162 176 161 177 218 120
171 169 163 177 162 178 219 121
172 170 164 178 163 179 220 122
173 171 165 179 164 180 221 123
174 172 166 180 165 181 222 124
168 173 167 181 166 175 223 125
176 181 168 182 174 183 224 126
177 175 169 183 168 184 225 127
178 176 170 184 169 185 226 128
179 177 171 185 170 186 227 129
180 178 172 186 171 187 228 130
181 179 173 187 172 188 229 131
175 180 174 188 173 182 230 132
183 188 175 189 181 190 231 133
184 182 176 190 175 191 232 134
185 183 177 191 176 192 233 135
186 184 178 192 177 193 234 136
187 185 179 193 178 194 235 137
188 186 180 194 179 195 236 138
182 187 181 195 180 189 237 139
190 195 182 147 188 148 238 140
191 189 183 148 182 149 239 141
192 190 184 149 183 150 240 142
193 191 185 150 184 151 241 143
194 192 186 151 185 152 242 144
195 193 187 152 186 153 243 145
189 194 188 153 187 147 244 146
197 202 238 203 244 204 245 147
198 196 239 204 238 205 246 148
199 197 240 205 239 206 247 149
200 198 241 206 240 207 248 150
201 199 242 207 241 208 249 151
202 200 243 208 242 209 250 152
196 201 244 209 243 203 251 153
204 209 196 210 202 211 252 154
205 203 197 211 196 212 253 155
206 204 198 212 197 213 254 156
207 205 199 213 198 214 255 157
208 206 200 214 199 215 256 158
209 207 201 215 200 216 257 159
203 208 202 216 201 210 258 160
211 216 203 217 209 218 259 161
212 210 204 218 203 219 260 162
213 211 205 219 204 220 261 163
214 212 206 220 205 221 262 164
215 213 207 221 206 222 263 165
216 214 208 222 207 223 264 166
210 215 209 223 208 217 265 167
218 223 210 224 216 225 266 168
219 217 211 225 210 226 267 169
220 218 212 226 211 227 268 170
221 219 213 227 212 228 269 171
222 220 214 228 213 229 270 172
223 221 215 229 214 230 271 173
217 222 216 230 215 224 272 174
225 230 217 231 223 232 273 175
226 224 218 232 217 233 274 176
227 225 219 233 218 234 275 177
228 226 220 234 219 235 276 178
229 227 221 235 220 236 277 179
230 228 222 236 221 237 278 180
224 229 223 237 222 231 279 181
232 237 224 238 230 239 280 182
233 231 225 239 224 240 281 183
234 232 226 240 225 241 282 184
235 233 227 241 226 242 283 185
236 234 228 242 227 243 284 186
237 235 229 243 228 244 285 187
231 236 230 244 229 238 286 188
239 244 231 196 237 197 287 189
240 238 232 197 231 198 288 190
241 239 233 198 232 199 289 191
242 240 234 199 233 200 290 192
243 241 235 200 234 201 291 193
244 242 236 201 235 202 292 194
238 243 237 202 236 196 293 195
246 251 287 252 293 253 294 196
247 245 288 253 287 254 295 197
248 246 289 254 288 255 296 198
249 247 290 255 289 256 297 199
250 248 291 256 290 257 298 200
251 249 292 257 291 258 299 201
245 250 293 258 292 252 300 202
253 258 245 259 251 260 301 203
254 252 246 260 245 261 302 204
255 253 247 261 246 262 303 205
256 254 248 262 247 263 304 206
257 255 249 263 248 264 305 207
258 256 250 264 249 265 306 208
252 257 251 265 250 259 307 209
260 265 252 266 258 267 308 210
261 259 253 267 252 268 309 211
262 260 254 268 253 269 310 212
263 261 255 269 254 270 311 213
264 262 256 270 255 271 312 214
265 263 257 271 256 272 313 215
259 264 258 272 257 266 314 216
267 272 259 273 265 274 315 217
268 266 260 274 259 275 316 218
269 267 261 275 260 276 317 219
270 268 262 276 261 277 318 220
271 269 263 277 262 278 319 221
272 270 264 278 263 279 320 222
266 271 265 279 264 273 321 223
274 279 266 280 272 281 322 224
275 273 267 281 266 282 323 225
276 274 268 282 267 283 324 226
277 275 269 283 268 284 325 227
278 276 270 284 269 285 326 228
279 277 271 285 270 286 327 229
273 278 272 286 271 280 328 230
281 286 273 287 279 288 329 231
282 280 274 288 273 289 330 232
283 281 275 289 274 290 331 233
284 282 276 290 275 291 332 234
285 283 277 291 276 292 333 235
286 284 278 292 277 293 334 236
280 285 279 293 278 287 335 237
288 293 280 245 286 246 336 238
289 287 281 246 280 247 337 239
290 288 282 247 281 248 338 240
291 289 283 248 282 249 339 241
292 290 284 249 283 250 340 242
293 291 285 250 284 251 341 243
287 292 286 251 285 245 342 244
295 300 336 301 342 302 0 245
296 294 337 302 336 303 1 246
297 295 338 303 337 304 2 247
298 296 339 304 338 305 3 248
299 297 340 305 339 306 4 249
300 298 341 306 340 307 5 250
294 299 342 307 341 301 6 251
302 307 294 308 300 309 7 252
303 301 295 309 294 310 8 253
304 302 296 310 295 311 9 254
305 303 297 311 296 312 10 255
306 304 298 312 297 313 11 256
307 305 299 313 298 314 12 257
301 306 300 314 299 308 13 258
309 314 301 315 307 316 14 259
310 308 302 316 301 317 15 260
311 309 303 317 302 318 16 261
312 310 304 318 303 319 17 262
313 311 305 319 304 320 18 263
314 312 306 320 305 321 19 264
308 313 307 321 306 315 20 265
316 321 308 322 314 323 21 266
317 315 309 323 308 324 22 267
318 316 310 324 309 325 23 268
319 317 311 325 310 326 24 269
320 318 312 326 311 327 25 270
321 319 313 327 312 328 26 271
315 320 314 328 313 322 27 272
323 328 315 329 321 330 28 273
324 322 316 330 315 331 29 274
325 323 317 331 316 332 30 275
326 324 318 332 317 333 31 276
327 325 319 333 318 334 32 277
328 326 320 334 319 335 33 278
322 327 321 335 320 329 34 279
330 335 322 336 328 337 35 280
331 329 323 337 322 338 36 281
332 330 324 338 323 339 37 282
333 331 325 339 324 340 38 283
334 332 326 340 325 341 39 284
335 333 327 341 326 342 40 285
329 334 328 342 327 336 41 286
337 342 329 294 335 295 42 287
338 336 330 295 329 296 43 288
339 337 331 296 330 297 44 289
340 338 332 297 331 298 45 290
341 339 333 298 332 299 46 291
342 340 334 299 333 300 47 292
336 341 335 300 334 294 48 293
