1 5 30 6 36 180
2 0 31 7 37 181
3 1 32 8 38 182
4 2 33 9 39 183
5 3 34 10 40 184
0 4 35 11 41 185
7 11 0 12 42 186
8 6 1 13 43 187
9 7 2 14 44 188
10 8 3 15 45 189
11 9 4 16 46 190
6 10 5 17 47 191
13 17 6 18 48 192
14 12 7 19 49 193
15 13 8 20 50 194
16 14 9 21 51 195
17 15 10 22 52 196
12 16 11 23 53 197
19 23 12 24 54 198
20 18 13 25 55 199
21 19 14 26 56 200
22 20 15 27 57 201
23 21 16 28 58 202
18 22 17 29 59 203
25 29 18 30 60 204
26 24 19 31 61 205
27 25 20 32 62 206
28 26 21 33 63 207
29 27 22 34 64 208
24 28 23 35 65 209
31 35 24 0 66 210
32 30 25 1 67 211
33 31 26 2 68 212
34 32 27 3 69 213
35 33 28 4 70 214
30 34 29 5 71 215
37 41 66 42 72 0
38 36 67 43 73 1
39 37 68 44 74 2
40 38 69 45 75 3
41 39 70 46 76 4
36 40 71 47 77 5
43 47 36 48 78 6
44 42 37 49 79 7
45 43 38 50 80 8
46 44 39 51 81 9
47 45 40 52 82 10
42 46 41 53 83 11
49 53 42 54 84 12
50 48 43 55 85 13
51 49 44 56 86 14
52 50 45 57 87 15
53 51 46 58 88 16
48 52 47 59 89 17
55 59 48 60 90 18
56 54 49 61 91 19
57 55 50 62 92 20
58 56 51 63 93 21
59 57 52 64 94 22
54 58 53 65 95 23
61 65 54 66 96 24
62 60 55 67 97 25
63 61 56 68 98 26
64 62 57 69 99 27
65 63 58 70 100 28
60 64 59 71 101 29
67 71 60 36 102 30
68 66 61 37 103 31
69 67 62 38 104 32
70 68 63 39 105 33
71 69 64 40 106 34
66 70 65 41 107 35
73 77 102 78 108 36
74 72 103 79 109 37
75 73 104 80 110 38
76 74 105 81 111 39
77 75 106 82 112 40
72 76 107 83 113 41
79 83 72 84 114 42
80 78 73 85 115 43
81 79 74 86 116 44
82 80 75 87 117 45
83 81 76 88 118 46
78 82 77 89 119 47
85 89 78 90 120 48
86 84 79 91 121 49
87 85 80 92 122 50
88 86 81 93 123 51
89 87 82 94 124 52
84 88 83 95 125 53
91 95 84 96 126 54
92 90 85 97 127 55
93 91 86 98 128 56
94 92 87 99 129 57
95 93 88 100 130 58
90 94 89 101 131 59
97 101 90 102 132 60
98 96 91 103 133 61
99 97 92 104 134 62
100 98 93 105 135 63
101 99 94 106 136 64
96 100 95 107 137 65
103 107 96 72 138 66
104 102 97 73 139 67
105 103 98 74 140 68
106 104 99 75 141 69
107 105 100 76 142 70
102 106 101 77 143 71
109 113 138 114 144 72
110 108 139 115 145 73
111 109 140 116 146 74
112 110 141 117 147 75
113 111 142 118 148 76
108 112 143 119 149 77
115 119 108 120 150 78
116 114 109 121 151 79
117 115 110 122 152 80
118 116 111 123 153 81
119 117 112 124 154 82
114 118 113 125 155 83
121 125 114 126 156 84
122 120 115 127 157 85
123 121 116 128 158 86
124 122 117 129 159 87
125 123 118 130 160 88
120 124 119 131 161 89
127 131 120 132 162 90
128 126 121 133 163 91
129 127 122 134 164 92
130 128 123 135 165 93
131 129 124 136 166 94
126 130 125 137 167 95
133 137 126 138 168 96
134 132 127 139 169 97
135 133 128 140 170 98
136 134 129 141 171 99
137 135 130 142 172 100
132 136 131 143 173 101
139 143 132 108 174 102
140 138 133 109 175 103
141 139 134 110 176 104
142 140 135 111 177 105
143 141 136 112 178 106
138 142 137 113 179 107
145 149 174 150 180 108
146 144 175 151 181 109
147 145 176 152 182 110
148 146 177 153 183 111
149 147 178 154 184 112
144 148 179 155 185 113
151 155 144 156 186 114
152 150 145 157 187 115
153 151 146 158 188 116
154 152 147 159 189 117
155 153 148 160 190 118
150 154 149 161 191 119
157 161 150 162 192 120
158 156 151 163 193 121
159 157 152 164 194 122
160 158 153 165 195 123
161 159 154 166 196 124
156 160 155 167 197 125
163 167 156 168 198 126
164 162 157 169 199 127
165 163 158 170 200 128
166 164 159 171 201 129
167 165 160 172 202 130
162 166 161 173 203 131
169 173 162 174 204 132
170 168 163 175 205 133
171 169 164 176 206 134
172 170 165 177 207 135
173 171 166 178 208 136
168 172 167 179 209 137
175 179 168 144 210 138
176 174 169 145 211 139
177 175 170 146 212 140
178 176 171 147 213 141
179 177 172 148 214 142
174 178 173 149 215 143
181 185 210 186 0 144
182 180 211 187 1 145
183 181 212 188 2 146
184 182 213 189 3 147
185 183 214 190 4 148
180 184 215 191 5 149
187 191 180 192 6 150
188 186 181 193 7 151
189 187 182 194 8 152
190 188 183 195 9 153
191 189 184 196 10 154
186 190 185 197 11 155
193 197 186 198 12 156
194 192 187 199 13 157
195 193 188 200 14 158
196 194 189 201 15 159
197 195 190 202 16 160
192 196 191 203 17 161
199 203 192 204 18 162
200 198 193 205 19 163
201 199 194 206 20 164
202 200 195 207 21 165
203 201 196 208 22 166
198 202 197 209 23 167
205 209 198 210 24 168
206 204 199 211 25 169
207 205 200 212 26 170
208 206 201 213 27 171
209 207 202 214 28 172
204 208 203 215 29 173
211 215 204 180 30 174
212 210 205 181 31 175
213 211 206 182 32 176
214 212 207 183 33 177
215 213 208 184 34 178
210 214 209 185 35 179
