91 97 7 13 98 104 1274 1280 189 105 1365 1281
92 91 8 7 99 98 1275 1274 190 106 1366 1282
93 92 9 8 100 99 1276 1275 191 107 1367 1283
94 93 10 9 101 100 1277 1276 192 108 1368 1284
95 94 11 10 102 101 1278 1277 193 109 1369 1285
96 95 12 11 103 102 1279 1278 194 110 1370 1286
97 96 13 12 104 103 1280 1279 195 111 1371 1287
1 0 15 14 106 105 1282 1281 98 112 1274 1288
2 1 16 15 107 106 1283 1282 99 113 1275 1289
3 2 17 16 108 107 1284 1283 100 114 1276 1290
4 3 18 17 109 108 1285 1284 101 115 1277 1291
5 4 19 18 110 109 1286 1285 102 116 1278 1292
6 5 20 19 111 110 1287 1286 103 117 1279 1293
0 6 14 20 105 111 1281 1287 104 118 1280 1294
7 13 21 27 112 118 1288 1294 105 119 1281 1295
8 7 22 21 113 112 1289 1288 106 120 1282 1296
9 8 23 22 114 113 1290 1289 107 121 1283 1297
10 9 24 23 115 114 1291 1290 108 122 1284 1298
11 10 25 24 116 115 1292 1291 109 123 1285 1299
12 11 26 25 117 116 1293 1292 110 124 1286 1300
13 12 27 26 118 117 1294 1293 111 125 1287 1301
15 14 29 28 120 119 1296 1295 112 126 1288 1302
16 15 30 29 121 120 1297 1296 113 127 1289 1303
17 16 31 30 122 121 1298 1297 114 128 1290 1304
18 17 32 31 123 122 1299 1298 115 129 1291 1305
19 18 33 32 124 123 1300 1299 116 130 1292 1306
20 19 34 33 125 124 1301 1300 117 131 1293 1307
14 20 28 34 119 125 1295 1301 118 132 1294 1308
21 27 35 41 126 132 1302 1308 119 133 1295 1309
22 21 36 35 127 126 1303 1302 120 134 1296 1310
23 22 37 36 128 127 1304 1303 121 135 1297 1311
24 23 38 37 129 128 1305 1304 122 136 1298 1312
25 24 39 38 130 129 1306 1305 123 137 1299 1313
26 25 40 39 131 130 1307 1306 124 138 1300 1314
27 26 41 40 132 131 1308 1307 125 139 1301 1315
29 28 43 42 134 133 1310 1309 126 140 1302 1316
30 29 44 43 135 134 1311 1310 127 141 1303 1317
31 30 45 44 136 135 1312 1311 128 142 1304 1318
32 31 46 45 137 136 1313 1312 129 143 1305 1319
33 32 47 46 138 137 1314 1313 130 144 1306 1320
34 33 48 47 139 138 1315 1314 131 145 1307 1321
28 34 42 48 133 139 1309 1315 132 146 1308 1322
35 41 49 55 140 146 1316 1322 133 147 1309 1323
36 35 50 49 141 140 1317 1316 134 148 1310 1324
37 36 51 50 142 141 1318 1317 135 149 1311 1325
38 37 52 51 143 142 1319 1318 136 150 1312 1326
39 38 53 52 144 143 1320 1319 137 151 1313 1327
40 39 54 53 145 144 1321 1320 138 152 1314 1328
41 40 55 54 146 145 1322 1321 139 153 1315 1329
43 42 57 56 148 147 1324 1323 140 154 1316 1330
44 43 58 57 149 148 1325 1324 141 155 1317 1331
45 44 59 58 150 149 1326 1325 142 156 1318 1332
46 45 60 59 151 150 1327 1326 143 157 1319 1333
47 46 61 60 152 151 1328 1327 144 158 1320 1334
48 47 62 61 153 152 1329 1328 145 159 1321 1335
42 48 56 62 147 153 1323 1329 146 160 1322 1336
49 55 63 69 154 160 1330 1336 147 161 1323 1337
50 49 64 63 155 154 1331 1330 148 162 1324 1338
51 50 65 64 156 155 1332 1331 149 163 1325 1339
52 51 66 65 157 156 1333 1332 150 164 1326 1340
53 52 67 66 158 157 1334 1333 151 165 1327 1341
54 53 68 67 159 158 1335 1334 152 166 1328 1342
55 54 69 68 160 159 1336 1335 153 167 1329 1343
57 56 71 70 162 161 1338 1337 154 168 1330 1344
58 57 72 71 163 162 1339 1338 155 169 1331 1345
59 58 73 72 164 163 1340 1339 156 170 1332 1346
60 59 74 73 165 164 1341 1340 157 171 1333 1347
61 60 75 74 166 165 1342 1341 158 172 1334 1348
62 61 76 75 167 166 1343 1342 159 173 1335 1349
56 62 70 76 161 167 1337 1343 160 174 1336 1350
63 69 77 83 168 174 1344 1350 161 175 1337 1351
64 63 78 77 169 168 1345 1344 162 176 1338 1352
65 64 79 78 170 169 1346 1345 163 177 1339 1353
66 65 80 79 171 170 1347 1346 164 178 1340 1354
67 66 81 80 172 171 1348 1347 165 179 1341 1355
68 67 82 81 173 172 1349 1348 166 180 1342 1356
69 68 83 82 174 173 1350 1349 167 181 1343 1357
71 70 85 84 176 175 1352 1351 168 182 1344 1358
72 71 86 85 177 176 1353 1352 169 183 1345 1359
73 72 87 86 178 177 1354 1353 170 184 1346 1360
74 73 88 87 179 178 1355 1354 171 185 1347 1361
75 74 89 88 180 179 1356 1355 172 186 1348 1362
76 75 90 89 181 180 1357 1356 173 187 1349 1363
70 76 84 90 175 181 1351 1357 174 188 1350 1364
77 83 91 97 182 188 1358 1364 175 189 1351 1365
78 77 92 91 183 182 1359 1358 176 190 1352 1366
79 78 93 92 184 183 1360 1359 177 191 1353 1367
80 79 94 93 185 184 1361 1360 178 192 1354 1368
81 80 95 94 186 185 1362 1361 179 193 1355 1369
82 81 96 95 187 186 1363 1362 180 194 1356 1370
83 82 97 96 188 187 1364 1363 181 195 1357 1371
85 84 1 0 190 189 1366 1365 182 98 1358 1274
86 85 2 1 191 190 1367 1366 183 99 1359 1275
87 86 3 2 192 191 1368 1367 184 100 1360 1276
88 87 4 3 193 192 1369 1368 185 101 1361 1277
89 88 5 4 194 193 1370 1369 186 102 1362 1278
90 89 6 5 195 194 1371 1370 187 103 1363 1279
84 90 0 6 189 195 1365 1371 188 104 1364 1280
190 189 106 105 197 196 1 0 287 203 91 7
191 190 107 106 198 197 2 1 288 204 92 8
192 191 108 107 199 198 3 2 289 205 93 9
193 192 109 108 200 199 4 3 290 206 94 10
194 193 110 109 201 200 5 4 291 207 95 11
195 194 111 110 202 201 6 5 292 208 96 12
189 195 105 111 196 202 0 6 293 209 97 13
98 104 112 118 203 209 7 13 196 210 0 14
99 98 113 112 204 203 8 7 197 211 1 15
100 99 114 113 205 204 9 8 198 212 2 16
101 100 115 114 206 205 10 9 199 213 3 17
102 101 116 115 207 206 11 10 200 214 4 18
103 102 117 116 208 207 12 11 201 215 5 19
104 103 118 117 209 208 13 12 202 216 6 20
106 105 120 119 211 210 15 14 203 217 7 21
107 106 121 120 212 211 16 15 204 218 8 22
108 107 122 121 213 212 17 16 205 219 9 23
109 108 123 122 214 213 18 17 206 220 10 24
110 109 124 123 215 214 19 18 207 221 11 25
111 110 125 124 216 215 20 19 208 222 12 26
105 111 119 125 210 216 14 20 209 223 13 27
112 118 126 132 217 223 21 27 210 224 14 28
113 112 127 126 218 217 22 21 211 225 15 29
114 113 128 127 219 218 23 22 212 226 16 30
115 114 129 128 220 219 24 23 213 227 17 31
116 115 130 129 221 220 25 24 214 228 18 32
117 116 131 130 222 221 26 25 215 229 19 33
118 117 132 131 223 222 27 26 216 230 20 34
120 119 134 133 225 224 29 28 217 231 21 35
121 120 135 134 226 225 30 29 218 232 22 36
122 121 136 135 227 226 31 30 219 233 23 37
123 122 137 136 228 227 32 31 220 234 24 38
124 123 138 137 229 228 33 32 221 235 25 39
125 124 139 138 230 229 34 33 222 236 26 40
119 125 133 139 224 230 28 34 223 237 27 41
126 132 140 146 231 237 35 41 224 238 28 42
127 126 141 140 232 231 36 35 225 239 29 43
128 127 142 141 233 232 37 36 226 240 30 44
129 128 143 142 234 233 38 37 227 241 31 45
130 129 144 143 235 234 39 38 228 242 32 46
131 130 145 144 236 235 40 39 229 243 33 47
132 131 146 145 237 236 41 40 230 244 34 48
134 133 148 147 239 238 43 42 231 245 35 49
135 134 149 148 240 239 44 43 232 246 36 50
136 135 150 149 241 240 45 44 233 247 37 51
137 136 151 150 242 241 46 45 234 248 38 52
138 137 152 151 243 242 47 46 235 249 39 53
139 138 153 152 244 243 48 47 236 250 40 54
133 139 147 153 238 244 42 48 237 251 41 55
140 146 154 160 245 251 49 55 238 252 42 56
141 140 155 154 246 245 50 49 239 253 43 57
142 141 156 155 247 246 51 50 240 254 44 58
143 142 157 156 248 247 52 51 241 255 45 59
144 143 158 157 249 248 53 52 242 256 46 60
145 144 159 158 250 249 54 53 243 257 47 61
146 145 160 159 251 250 55 54 244 258 48 62
148 147 162 161 253 252 57 56 245 259 49 63
149 148 163 162 254 253 58 57 246 260 50 64
150 149 164 163 255 254 59 58 247 261 51 65
151 150 165 164 256 255 60 59 248 262 52 66
152 151 166 165 257 256 61 60 249 263 53 67
153 152 167 166 258 257 62 61 250 264 54 68
147 153 161 167 252 258 56 62 251 265 55 69
154 160 168 174 259 265 63 69 252 266 56 70
155 154 169 168 260 259 64 63 253 267 57 71
156 155 170 169 261 260 65 64 254 268 58 72
157 156 171 170 262 261 66 65 255 269 59 73
158 157 172 171 263 262 67 66 256 270 60 74
159 158 173 172 264 263 68 67 257 271 61 75
160 159 174 173 265 264 69 68 258 272 62 76
162 161 176 175 267 266 71 70 259 273 63 77
163 162 177 176 268 267 72 71 260 274 64 78
164 163 178 177 269 268 73 72 261 275 65 79
165 164 179 178 270 269 74 73 262 276 66 80
166 165 180 179 271 270 75 74 263 277 67 81
167 166 181 180 272 271 76 75 264 278 68 82
161 167 175 181 266 272 70 76 265 279 69 83
168 174 182 188 273 279 77 83 266 280 70 84
169 168 183 182 274 273 78 77 267 281 71 85
170 169 184 183 275 274 79 78 268 282 72 86
171 170 185 184 276 275 80 79 269 283 73 87
172 171 186 185 277 276 81 80 270 284 74 88
173 172 187 186 278 277 82 81 271 285 75 89
174 173 188 187 279 278 83 82 272 286 76 90
176 175 190 189 281 280 85 84 273 287 77 91
177 176 191 190 282 281 86 85 274 288 78 92
178 177 192 191 283 282 87 86 275 289 79 93
179 178 193 192 284 283 88 87 276 290 80 94
180 179 194 193 285 284 89 88 277 291 81 95
181 180 195 194 286 285 90 89 278 292 82 96
175 181 189 195 280 286 84 90 279 293 83 97
182 188 98 104 287 293 91 97 280 196 84 0
183 182 99 98 288 287 92 91 281 197 85 1
184 183 100 99 289 288 93 92 282 198 86 2
185 184 101 100 290 289 94 93 283 199 87 3
186 185 102 101 291 290 95 94 284 200 88 4
187 186 103 102 292 291 96 95 285 201 89 5
188 187 104 103 293 292 97 96 286 202 90 6
287 293 203 209 294 300 98 104 385 301 189 105
288 287 204 203 295 294 99 98 386 302 190 106
289 288 205 204 296 295 100 99 387 303 191 107
290 289 206 205 297 296 101 100 388 304 192 108
291 290 207 206 298 297 102 101 389 305 193 109
292 291 208 207 299 298 103 102 390 306 194 110
293 292 209 208 300 299 104 103 391 307 195 111
197 196 211 210 302 301 106 105 294 308 98 112
198 197 212 211 303 302 107 106 295 309 99 113
199 198 213 212 304 303 108 107 296 310 100 114
200 199 214 213 305 304 109 108 297 311 101 115
201 200 215 214 306 305 110 109 298 312 102 116
202 201 216 215 307 306 111 110 299 313 103 117
196 202 210 216 301 307 105 111 300 314 104 118
203 209 217 223 308 314 112 118 301 315 105 119
204 203 218 217 309 308 113 112 302 316 106 120
205 204 219 218 310 309 114 113 303 317 107 121
206 205 220 219 311 310 115 114 304 318 108 122
207 206 221 220 312 311 116 115 305 319 109 123
208 207 222 221 313 312 117 116 306 320 110 124
209 208 223 222 314 313 118 117 307 321 111 125
211 210 225 224 316 315 120 119 308 322 112 126
212 211 226 225 317 316 121 120 309 323 113 127
213 212 227 226 318 317 122 121 310 324 114 128
214 213 228 227 319 318 123 122 311 325 115 129
215 214 229 228 320 319 124 123 312 326 116 130
216 215 230 229 321 320 125 124 313 327 117 131
210 216 224 230 315 321 119 125 314 328 118 132
217 223 231 237 322 328 126 132 315 329 119 133
218 217 232 231 323 322 127 126 316 330 120 134
219 218 233 232 324 323 128 127 317 331 121 135
220 219 234 233 325 324 129 128 318 332 122 136
221 220 235 234 326 325 130 129 319 333 123 137
222 221 236 235 327 326 131 130 320 334 124 138
223 222 237 236 328 327 132 131 321 335 125 139
225 224 239 238 330 329 134 133 322 336 126 140
226 225 240 239 331 330 135 134 323 337 127 141
227 226 241 240 332 331 136 135 324 338 128 142
228 227 242 241 333 332 137 136 325 339 129 143
229 228 243 242 334 333 138 137 326 340 130 144
230 229 244 243 335 334 139 138 327 341 131 145
224 230 238 244 329 335 133 139 328 342 132 146
231 237 245 251 336 342 140 146 329 343 133 147
232 231 246 245 337 336 141 140 330 344 134 148
233 232 247 246 338 337 142 141 331 345 135 149
234 233 248 247 339 338 143 142 332 346 136 150
235 234 249 248 340 339 144 143 333 347 137 151
236 235 250 249 341 340 145 144 334 348 138 152
237 236 251 250 342 341 146 145 335 349 139 153
239 238 253 252 344 343 148 147 336 350 140 154
240 239 254 253 345 344 149 148 337 351 141 155
241 240 255 254 346 345 150 149 338 352 142 156
242 241 256 255 347 346 151 150 339 353 143 157
243 242 257 256 348 347 152 151 340 354 144 158
244 243 258 257 349 348 153 152 341 355 145 159
238 244 252 258 343 349 147 153 342 356 146 160
245 251 259 265 350 356 154 160 343 357 147 161
246 245 260 259 351 350 155 154 344 358 148 162
247 246 261 260 352 351 156 155 345 359 149 163
248 247 262 261 353 352 157 156 346 360 150 164
249 248 263 262 354 353 158 157 347 361 151 165
250 249 264 263 355 354 159 158 348 362 152 166
251 250 265 264 356 355 160 159 349 363 153 167
253 252 267 266 358 357 162 161 350 364 154 168
254 253 268 267 359 358 163 162 351 365 155 169
255 254 269 268 360 359 164 163 352 366 156 170
256 255 270 269 361 360 165 164 353 367 157 171
257 256 271 270 362 361 166 165 354 368 158 172
258 257 272 271 363 362 167 166 355 369 159 173
252 258 266 272 357 363 161 167 356 370 160 174
259 265 273 279 364 370 168 174 357 371 161 175
260 259 274 273 365 364 169 168 358 372 162 176
261 260 275 274 366 365 170 169 359 373 163 177
262 261 276 275 367 366 171 170 360 374 164 178
263 262 277 276 368 367 172 171 361 375 165 179
264 263 278 277 369 368 173 172 362 376 166 180
265 264 279 278 370 369 174 173 363 377 167 181
267 266 281 280 372 371 176 175 364 378 168 182
268 267 282 281 373 372 177 176 365 379 169 183
269 268 283 282 374 373 178 177 366 380 170 184
270 269 284 283 375 374 179 178 367 381 171 185
271 270 285 284 376 375 180 179 368 382 172 186
272 271 286 285 377 376 181 180 369 383 173 187
266 272 280 286 371 377 175 181 370 384 174 188
273 279 287 293 378 384 182 188 371 385 175 189
274 273 288 287 379 378 183 182 372 386 176 190
275 274 289 288 380 379 184 183 373 387 177 191
276 275 290 289 381 380 185 184 374 388 178 192
277 276 291 290 382 381 186 185 375 389 179 193
278 277 292 291 383 382 187 186 376 390 180 194
279 278 293 292 384 383 188 187 377 391 181 195
281 280 197 196 386 385 190 189 378 294 182 98
282 281 198 197 387 386 191 190 379 295 183 99
283 282 199 198 388 387 192 191 380 296 184 100
284 283 200 199 389 388 193 192 381 297 185 101
285 284 201 200 390 389 194 193 382 298 186 102
286 285 202 201 391 390 195 194 383 299 187 103
280 286 196 202 385 391 189 195 384 300 188 104
386 385 302 301 393 392 197 196 483 399 287 203
387 386 303 302 394 393 198 197 484 400 288 204
388 387 304 303 395 394 199 198 485 401 289 205
389 388 305 304 396 395 200 199 486 402 290 206
390 389 306 305 397 396 201 200 487 403 291 207
391 390 307 306 398 397 202 201 488 404 292 208
385 391 301 307 392 398 196 202 489 405 293 209
294 300 308 314 399 405 203 209 392 406 196 210
295 294 309 308 400 399 204 203 393 407 197 211
296 295 310 309 401 400 205 204 394 408 198 212
297 296 311 310 402 401 206 205 395 409 199 213
298 297 312 311 403 402 207 206 396 410 200 214
299 298 313 312 404 403 208 207 397 411 201 215
300 299 314 313 405 404 209 208 398 412 202 216
302 301 316 315 407 406 211 210 399 413 203 217
303 302 317 316 408 407 212 211 400 414 204 218
304 303 318 317 409 408 213 212 401 415 205 219
305 304 319 318 410 409 214 213 402 416 206 220
306 305 320 319 411 410 215 214 403 417 207 221
307 306 321 320 412 411 216 215 404 418 208 222
301 307 315 321 406 412 210 216 405 419 209 223
308 314 322 328 413 419 217 223 406 420 210 224
309 308 323 322 414 413 218 217 407 421 211 225
310 309 324 323 415 414 219 218 408 422 212 226
311 310 325 324 416 415 220 219 409 423 213 227
312 311 326 325 417 416 221 220 410 424 214 228
313 312 327 326 418 417 222 221 411 425 215 229
314 313 328 327 419 418 223 222 412 426 216 230
316 315 330 329 421 420 225 224 413 427 217 231
317 316 331 330 422 421 226 225 414 428 218 232
318 317 332 331 423 422 227 226 415 429 219 233
319 318 333 332 424 423 228 227 416 430 220 234
320 319 334 333 425 424 229 228 417 431 221 235
321 320 335 334 426 425 230 229 418 432 222 236
315 321 329 335 420 426 224 230 419 433 223 237
322 328 336 342 427 433 231 237 420 434 224 238
323 322 337 336 428 427 232 231 421 435 225 239
324 323 338 337 429 428 233 232 422 436 226 240
325 324 339 338 430 429 234 233 423 437 227 241
326 325 340 339 431 430 235 234 424 438 228 242
327 326 341 340 432 431 236 235 425 439 229 243
328 327 342 341 433 432 237 236 426 440 230 244
330 329 344 343 435 434 239 238 427 441 231 245
331 330 345 344 436 435 240 239 428 442 232 246
332 331 346 345 437 436 241 240 429 443 233 247
333 332 347 346 438 437 242 241 430 444 234 248
334 333 348 347 439 438 243 242 431 445 235 249
335 334 349 348 440 439 244 243 432 446 236 250
329 335 343 349 434 440 238 244 433 447 237 251
336 342 350 356 441 447 245 251 434 448 238 252
337 336 351 350 442 441 246 245 435 449 239 253
338 337 352 351 443 442 247 246 436 450 240 254
339 338 353 352 444 443 248 247 437 451 241 255
340 339 354 353 445 444 249 248 438 452 242 256
341 340 355 354 446 445 250 249 439 453 243 257
342 341 356 355 447 446 251 250 440 454 244 258
344 343 358 357 449 448 253 252 441 455 245 259
345 344 359 358 450 449 254 253 442 456 246 260
346 345 360 359 451 450 255 254 443 457 247 261
347 346 361 360 452 451 256 255 444 458 248 262
348 347 362 361 453 452 257 256 445 459 249 263
349 348 363 362 454 453 258 257 446 460 250 264
343 349 357 363 448 454 252 258 447 461 251 265
350 356 364 370 455 461 259 265 448 462 252 266
351 350 365 364 456 455 260 259 449 463 253 267
352 351 366 365 457 456 261 260 450 464 254 268
353 352 367 366 458 457 262 261 451 465 255 269
354 353 368 367 459 458 263 262 452 466 256 270
355 354 369 368 460 459 264 263 453 467 257 271
356 355 370 369 461 460 265 264 454 468 258 272
358 357 372 371 463 462 267 266 455 469 259 273
359 358 373 372 464 463 268 267 456 470 260 274
360 359 374 373 465 464 269 268 457 471 261 275
361 360 375 374 466 465 270 269 458 472 262 276
362 361 376 375 467 466 271 270 459 473 263 277
363 362 377 376 468 467 272 271 460 474 264 278
357 363 371 377 462 468 266 272 461 475 265 279
364 370 378 384 469 475 273 279 462 476 266 280
365 364 379 378 470 469 274 273 463 477 267 281
366 365 380 379 471 470 275 274 464 478 268 282
367 366 381 380 472 471 276 275 465 479 269 283
368 367 382 381 473 472 277 276 466 480 270 284
369 368 383 382 474 473 278 277 467 481 271 285
370 369 384 383 475 474 279 278 468 482 272 286
372 371 386 385 477 476 281 280 469 483 273 287
373 372 387 386 478 477 282 281 470 484 274 288
374 373 388 387 479 478 283 282 471 485 275 289
375 374 389 388 480 479 284 283 472 486 276 290
376 375 390 389 481 480 285 284 473 487 277 291
377 376 391 390 482 481 286 285 474 488 278 292
371 377 385 391 476 482 280 286 475 489 279 293
378 384 294 300 483 489 287 293 476 392 280 196
379 378 295 294 484 483 288 287 477 393 281 197
380 379 296 295 485 484 289 288 478 394 282 198
381 380 297 296 486 485 290 289 479 395 283 199
382 381 298 297 487 486 291 290 480 396 284 200
383 382 299 298 488 487 292 291 481 397 285 201
384 383 300 299 489 488 293 292 482 398 286 202
483 489 399 405 490 496 294 300 581 497 385 301
484 483 400 399 491 490 295 294 582 498 386 302
485 484 401 400 492 491 296 295 583 499 387 303
486 485 402 401 493 492 297 296 584 500 388 304
487 486 403 402 494 493 298 297 585 501 389 305
488 487 404 403 495 494 299 298 586 502 390 306
489 488 405 404 496 495 300 299 587 503 391 307
393 392 407 406 498 497 302 301 490 504 294 308
394 393 408 407 499 498 303 302 491 505 295 309
395 394 409 408 500 499 304 303 492 506 296 310
396 395 410 409 501 500 305 304 493 507 297 311
397 396 411 410 502 501 306 305 494 508 298 312
398 397 412 411 503 502 307 306 495 509 299 313
392 398 406 412 497 503 301 307 496 510 300 314
399 405 413 419 504 510 308 314 497 511 301 315
400 399 414 413 505 504 309 308 498 512 302 316
401 400 415 414 506 505 310 309 499 513 303 317
402 401 416 415 507 506 311 310 500 514 304 318
403 402 417 416 508 507 312 311 501 515 305 319
404 403 418 417 509 508 313 312 502 516 306 320
405 404 419 418 510 509 314 313 503 517 307 321
407 406 421 420 512 511 316 315 504 518 308 322
408 407 422 421 513 512 317 316 505 519 309 323
409 408 423 422 514 513 318 317 506 520 310 324
410 409 424 423 515 514 319 318 507 521 311 325
411 410 425 424 516 515 320 319 508 522 312 326
412 411 426 425 517 516 321 320 509 523 313 327
406 412 420 426 511 517 315 321 510 524 314 328
413 419 427 433 518 524 322 328 511 525 315 329
414 413 428 427 519 518 323 322 512 526 316 330
415 414 429 428 520 519 324 323 513 527 317 331
416 415 430 429 521 520 325 324 514 528 318 332
417 416 431 430 522 521 326 325 515 529 319 333
418 417 432 431 523 522 327 326 516 530 320 334
419 418 433 432 524 523 328 327 517 531 321 335
421 420 435 434 526 525 330 329 518 532 322 336
422 421 436 435 527 526 331 330 519 533 323 337
423 422 437 436 528 527 332 331 520 534 324 338
424 423 438 437 529 528 333 332 521 535 325 339
425 424 439 438 530 529 334 333 522 536 326 340
426 425 440 439 531 530 335 334 523 537 327 341
420 426 434 440 525 531 329 335 524 538 328 342
427 433 441 447 532 538 336 342 525 539 329 343
428 427 442 441 533 532 337 336 526 540 330 344
429 428 443 442 534 533 338 337 527 541 331 345
430 429 444 443 535 534 339 338 528 542 332 346
431 430 445 444 536 535 340 339 529 543 333 347
432 431 446 445 537 536 341 340 530 544 334 348
433 432 447 446 538 537 342 341 531 545 335 349
435 434 449 448 540 539 344 343 532 546 336 350
436 435 450 449 541 540 345 344 533 547 337 351
437 436 451 450 542 541 346 345 534 548 338 352
438 437 452 451 543 542 347 346 535 549 339 353
439 438 453 452 544 543 348 347 536 550 340 354
440 439 454 453 545 544 349 348 537 551 341 355
434 440 448 454 539 545 343 349 538 552 342 356
441 447 455 461 546 552 350 356 539 553 343 357
442 441 456 455 547 546 351 350 540 554 344 358
443 442 457 456 548 547 352 351 541 555 345 359
444 443 458 457 549 548 353 352 542 556 346 360
445 444 459 458 550 549 354 353 543 557 347 361
446 445 460 459 551 550 355 354 544 558 348 362
447 446 461 460 552 551 356 355 545 559 349 363
449 448 463 462 554 553 358 357 546 560 350 364
450 449 464 463 555 554 359 358 547 561 351 365
451 450 465 464 556 555 360 359 548 562 352 366
452 451 466 465 557 556 361 360 549 563 353 367
453 452 467 466 558 557 362 361 550 564 354 368
454 453 468 467 559 558 363 362 551 565 355 369
448 454 462 468 553 559 357 363 552 566 356 370
455 461 469 475 560 566 364 370 553 567 357 371
456 455 470 469 561 560 365 364 554 568 358 372
457 456 471 470 562 561 366 365 555 569 359 373
458 457 472 471 563 562 367 366 556 570 360 374
459 458 473 472 564 563 368 367 557 571 361 375
460 459 474 473 565 564 369 368 558 572 362 376
461 460 475 474 566 565 370 369 559 573 363 377
463 462 477 476 568 567 372 371 560 574 364 378
464 463 478 477 569 568 373 372 561 575 365 379
465 464 479 478 570 569 374 373 562 576 366 380
466 465 480 479 571 570 375 374 563 577 367 381
467 466 481 480 572 571 376 375 564 578 368 382
468 467 482 481 573 572 377 376 565 579 369 383
462 468 476 482 567 573 371 377 566 580 370 384
469 475 483 489 574 580 378 384 567 581 371 385
470 469 484 483 575 574 379 378 568 582 372 386
471 470 485 484 576 575 380 379 569 583 373 387
472 471 486 485 577 576 381 380 570 584 374 388
473 472 487 486 578 577 382 381 571 585 375 389
474 473 488 487 579 578 383 382 572 586 376 390
475 474 489 488 580 579 384 383 573 587 377 391
477 476 393 392 582 581 386 385 574 490 378 294
478 477 394 393 583 582 387 386 575 491 379 295
479 478 395 394 584 583 388 387 576 492 380 296
480 479 396 395 585 584 389 388 577 493 381 297
481 480 397 396 586 585 390 389 578 494 382 298
482 481 398 397 587 586 391 390 579 495 383 299
476 482 392 398 581 587 385 391 580 496 384 300
582 581 498 497 589 588 393 392 679 595 483 399
583 582 499 498 590 589 394 393 680 596 484 400
584 583 500 499 591 590 395 394 681 597 485 401
585 584 501 500 592 591 396 395 682 598 486 402
586 585 502 501 593 592 397 396 683 599 487 403
587 586 503 502 594 593 398 397 684 600 488 404
581 587 497 503 588 594 392 398 685 601 489 405
490 496 504 510 595 601 399 405 588 602 392 406
491 490 505 504 596 595 400 399 589 603 393 407
492 491 506 505 597 596 401 400 590 604 394 408
493 492 507 506 598 597 402 401 591 605 395 409
494 493 508 507 599 598 403 402 592 606 396 410
495 494 509 508 600 599 404 403 593 607 397 411
496 495 510 509 601 600 405 404 594 608 398 412
498 497 512 511 603 602 407 406 595 609 399 413
499 498 513 512 604 603 408 407 596 610 400 414
500 499 514 513 605 604 409 408 597 611 401 415
501 500 515 514 606 605 410 409 598 612 402 416
502 501 516 515 607 606 411 410 599 613 403 417
503 502 517 516 608 607 412 411 600 614 404 418
497 503 511 517 602 608 406 412 601 615 405 419
504 510 518 524 609 615 413 419 602 616 406 420
505 504 519 518 610 609 414 413 603 617 407 421
506 505 520 519 611 610 415 414 604 618 408 422
507 506 521 520 612 611 416 415 605 619 409 423
508 507 522 521 613 612 417 416 606 620 410 424
509 508 523 522 614 613 418 417 607 621 411 425
510 509 524 523 615 614 419 418 608 622 412 426
512 511 526 525 617 616 421 420 609 623 413 427
513 512 527 526 618 617 422 421 610 624 414 428
514 513 528 527 619 618 423 422 611 625 415 429
515 514 529 528 620 619 424 423 612 626 416 430
516 515 530 529 621 620 425 424 613 627 417 431
517 516 531 530 622 621 426 425 614 628 418 432
511 517 525 531 616 622 420 426 615 629 419 433
518 524 532 538 623 629 427 433 616 630 420 434
519 518 533 532 624 623 428 427 617 631 421 435
520 519 534 533 625 624 429 428 618 632 422 436
521 520 535 534 626 625 430 429 619 633 423 437
522 521 536 535 627 626 431 430 620 634 424 438
523 522 537 536 628 627 432 431 621 635 425 439
524 523 538 537 629 628 433 432 622 636 426 440
526 525 540 539 631 630 435 434 623 637 427 441
527 526 541 540 632 631 436 435 624 638 428 442
528 527 542 541 633 632 437 436 625 639 429 443
529 528 543 542 634 633 438 437 626 640 430 444
530 529 544 543 635 634 439 438 627 641 431 445
531 530 545 544 636 635 440 439 628 642 432 446
525 531 539 545 630 636 434 440 629 643 433 447
532 538 546 552 637 643 441 447 630 644 434 448
533 532 547 546 638 637 442 441 631 645 435 449
534 533 548 547 639 638 443 442 632 646 436 450
535 534 549 548 640 639 444 443 633 647 437 451
536 535 550 549 641 640 445 444 634 648 438 452
537 536 551 550 642 641 446 445 635 649 439 453
538 537 552 551 643 642 447 446 636 650 440 454
540 539 554 553 645 644 449 448 637 651 441 455
541 540 555 554 646 645 450 449 638 652 442 456
542 541 556 555 647 646 451 450 639 653 443 457
543 542 557 556 648 647 452 451 640 654 444 458
544 543 558 557 649 648 453 452 641 655 445 459
545 544 559 558 650 649 454 453 642 656 446 460
539 545 553 559 644 650 448 454 643 657 447 461
546 552 560 566 651 657 455 461 644 658 448 462
547 546 561 560 652 651 456 455 645 659 449 463
548 547 562 561 653 652 457 456 646 660 450 464
549 548 563 562 654 653 458 457 647 661 451 465
550 549 564 563 655 654 459 458 648 662 452 466
551 550 565 564 656 655 460 459 649 663 453 467
552 551 566 565 657 656 461 460 650 664 454 468
554 553 568 567 659 658 463 462 651 665 455 469
555 554 569 568 660 659 464 463 652 666 456 470
556 555 570 569 661 660 465 464 653 667 457 471
557 556 571 570 662 661 466 465 654 668 458 472
558 557 572 571 663 662 467 466 655 669 459 473
559 558 573 572 664 663 468 467 656 670 460 474
553 559 567 573 658 664 462 468 657 671 461 475
560 566 574 580 665 671 469 475 658 672 462 476
561 560 575 574 666 665 470 469 659 673 463 477
562 561 576 575 667 666 471 470 660 674 464 478
563 562 577 576 668 667 472 471 661 675 465 479
564 563 578 577 669 668 473 472 662 676 466 480
565 564 579 578 670 669 474 473 663 677 467 481
566 565 580 579 671 670 475 474 664 678 468 482
568 567 582 581 673 672 477 476 665 679 469 483
569 568 583 582 674 673 478 477 666 680 470 484
570 569 584 583 675 674 479 478 667 681 471 485
571 570 585 584 676 675 480 479 668 682 472 486
572 571 586 585 677 676 481 480 669 683 473 487
573 572 587 586 678 677 482 481 670 684 474 488
567 573 581 587 672 678 476 482 671 685 475 489
574 580 490 496 679 685 483 489 672 588 476 392
575 574 491 490 680 679 484 483 673 589 477 393
576 575 492 491 681 680 485 484 674 590 478 394
577 576 493 492 682 681 486 485 675 591 479 395
578 577 494 493 683 682 487 486 676 592 480 396
579 578 495 494 684 683 488 487 677 593 481 397
580 579 496 495 685 684 489 488 678 594 482 398
679 685 595 601 686 692 490 496 777 693 581 497
680 679 596 595 687 686 491 490 778 694 582 498
681 680 597 596 688 687 492 491 779 695 583 499
682 681 598 597 689 688 493 492 780 696 584 500
683 682 599 598 690 689 494 493 781 697 585 501
684 683 600 599 691 690 495 494 782 698 586 502
685 684 601 600 692 691 496 495 783 699 587 503
589 588 603 602 694 693 498 497 686 700 490 504
590 589 604 603 695 694 499 498 687 701 491 505
591 590 605 604 696 695 500 499 688 702 492 506
592 591 606 605 697 696 501 500 689 703 493 507
593 592 607 606 698 697 502 501 690 704 494 508
594 593 608 607 699 698 503 502 691 705 495 509
588 594 602 608 693 699 497 503 692 706 496 510
595 601 609 615 700 706 504 510 693 707 497 511
596 595 610 609 701 700 505 504 694 708 498 512
597 596 611 610 702 701 506 505 695 709 499 513
598 597 612 611 703 702 507 506 696 710 500 514
599 598 613 612 704 703 508 507 697 711 501 515
600 599 614 613 705 704 509 508 698 712 502 516
601 600 615 614 706 705 510 509 699 713 503 517
603 602 617 616 708 707 512 511 700 714 504 518
604 603 618 617 709 708 513 512 701 715 505 519
605 604 619 618 710 709 514 513 702 716 506 520
606 605 620 619 711 710 515 514 703 717 507 521
607 606 621 620 712 711 516 515 704 718 508 522
608 607 622 621 713 712 517 516 705 719 509 523
602 608 616 622 707 713 511 517 706 720 510 524
609 615 623 629 714 720 518 524 707 721 511 525
610 609 624 623 715 714 519 518 708 722 512 526
611 610 625 624 716 715 520 519 709 723 513 527
612 611 626 625 717 716 521 520 710 724 514 528
613 612 627 626 718 717 522 521 711 725 515 529
614 613 628 627 719 718 523 522 712 726 516 530
615 614 629 628 720 719 524 523 713 727 517 531
617 616 631 630 722 721 526 525 714 728 518 532
618 617 632 631 723 722 527 526 715 729 519 533
619 618 633 632 724 723 528 527 716 730 520 534
620 619 634 633 725 724 529 528 717 731 521 535
621 620 635 634 726 725 530 529 718 732 522 536
622 621 636 635 727 726 531 530 719 733 523 537
616 622 630 636 721 727 525 531 720 734 524 538
623 629 637 643 728 734 532 538 721 735 525 539
624 623 638 637 729 728 533 532 722 736 526 540
625 624 639 638 730 729 534 533 723 737 527 541
626 625 640 639 731 730 535 534 724 738 528 542
627 626 641 640 732 731 536 535 725 739 529 543
628 627 642 641 733 732 537 536 726 740 530 544
629 628 643 642 734 733 538 537 727 741 531 545
631 630 645 644 736 735 540 539 728 742 532 546
632 631 646 645 737 736 541 540 729 743 533 547
633 632 647 646 738 737 542 541 730 744 534 548
634 633 648 647 739 738 543 542 731 745 535 549
635 634 649 648 740 739 544 543 732 746 536 550
636 635 650 649 741 740 545 544 733 747 537 551
630 636 644 650 735 741 539 545 734 748 538 552
637 643 651 657 742 748 546 552 735 749 539 553
638 637 652 651 743 742 547 546 736 750 540 554
639 638 653 652 744 743 548 547 737 751 541 555
640 639 654 653 745 744 549 548 738 752 542 556
641 640 655 654 746 745 550 549 739 753 543 557
642 641 656 655 747 746 551 550 740 754 544 558
643 642 657 656 748 747 552 551 741 755 545 559
645 644 659 658 750 749 554 553 742 756 546 560
646 645 660 659 751 750 555 554 743 757 547 561
647 646 661 660 752 751 556 555 744 758 548 562
648 647 662 661 753 752 557 556 745 759 549 563
649 648 663 662 754 753 558 557 746 760 550 564
650 649 664 663 755 754 559 558 747 761 551 565
644 650 658 664 749 755 553 559 748 762 552 566
651 657 665 671 756 762 560 566 749 763 553 567
652 651 666 665 757 756 561 560 750 764 554 568
653 652 667 666 758 757 562 561 751 765 555 569
654 653 668 667 759 758 563 562 752 766 556 570
655 654 669 668 760 759 564 563 753 767 557 571
656 655 670 669 761 760 565 564 754 768 558 572
657 656 671 670 762 761 566 565 755 769 559 573
659 658 673 672 764 763 568 567 756 770 560 574
660 659 674 673 765 764 569 568 757 771 561 575
661 660 675 674 766 765 570 569 758 772 562 576
662 661 676 675 767 766 571 570 759 773 563 577
663 662 677 676 768 767 572 571 760 774 564 578
664 663 678 677 769 768 573 572 761 775 565 579
658 664 672 678 763 769 567 573 762 776 566 580
665 671 679 685 770 776 574 580 763 777 567 581
666 665 680 679 771 770 575 574 764 778 568 582
667 666 681 680 772 771 576 575 765 779 569 583
668 667 682 681 773 772 577 576 766 780 570 584
669 668 683 682 774 773 578 577 767 781 571 585
670 669 684 683 775 774 579 578 768 782 572 586
671 670 685 684 776 775 580 579 769 783 573 587
673 672 589 588 778 777 582 581 770 686 574 490
674 673 590 589 779 778 583 582 771 687 575 491
675 674 591 590 780 779 584 583 772 688 576 492
676 675 592 591 781 780 585 584 773 689 577 493
677 676 593 592 782 781 586 585 774 690 578 494
678 677 594 593 783 782 587 586 775 691 579 495
672 678 588 594 777 783 581 587 776 692 580 496
778 777 694 693 785 784 589 588 875 791 679 595
779 778 695 694 786 785 590 589 876 792 680 596
780 779 696 695 787 786 591 590 877 793 681 597
781 780 697 696 788 787 592 591 878 794 682 598
782 781 698 697 789 788 593 592 879 795 683 599
783 782 699 698 790 789 594 593 880 796 684 600
777 783 693 699 784 790 588 594 881 797 685 601
686 692 700 706 791 797 595 601 784 798 588 602
687 686 701 700 792 791 596 595 785 799 589 603
688 687 702 701 793 792 597 596 786 800 590 604
689 688 703 702 794 793 598 597 787 801 591 605
690 689 704 703 795 794 599 598 788 802 592 606
691 690 705 704 796 795 600 599 789 803 593 607
692 691 706 705 797 796 601 600 790 804 594 608
694 693 708 707 799 798 603 602 791 805 595 609
695 694 709 708 800 799 604 603 792 806 596 610
696 695 710 709 801 800 605 604 793 807 597 611
697 696 711 710 802 801 606 605 794 808 598 612
698 697 712 711 803 802 607 606 795 809 599 613
699 698 713 712 804 803 608 607 796 810 600 614
693 699 707 713 798 804 602 608 797 811 601 615
700 706 714 720 805 811 609 615 798 812 602 616
701 700 715 714 806 805 610 609 799 813 603 617
702 701 716 715 807 806 611 610 800 814 604 618
703 702 717 716 808 807 612 611 801 815 605 619
704 703 718 717 809 808 613 612 802 816 606 620
705 704 719 718 810 809 614 613 803 817 607 621
706 705 720 719 811 810 615 614 804 818 608 622
708 707 722 721 813 812 617 616 805 819 609 623
709 708 723 722 814 813 618 617 806 820 610 624
710 709 724 723 815 814 619 618 807 821 611 625
711 710 725 724 816 815 620 619 808 822 612 626
712 711 726 725 817 816 621 620 809 823 613 627
713 712 727 726 818 817 622 621 810 824 614 628
707 713 721 727 812 818 616 622 811 825 615 629
714 720 728 734 819 825 623 629 812 826 616 630
715 714 729 728 820 819 624 623 813 827 617 631
716 715 730 729 821 820 625 624 814 828 618 632
717 716 731 730 822 821 626 625 815 829 619 633
718 717 732 731 823 822 627 626 816 830 620 634
719 718 733 732 824 823 628 627 817 831 621 635
720 719 734 733 825 824 629 628 818 832 622 636
722 721 736 735 827 826 631 630 819 833 623 637
723 722 737 736 828 827 632 631 820 834 624 638
724 723 738 737 829 828 633 632 821 835 625 639
725 724 739 738 830 829 634 633 822 836 626 640
726 725 740 739 831 830 635 634 823 837 627 641
727 726 741 740 832 831 636 635 824 838 628 642
721 727 735 741 826 832 630 636 825 839 629 643
728 734 742 748 833 839 637 643 826 840 630 644
729 728 743 742 834 833 638 637 827 841 631 645
730 729 744 743 835 834 639 638 828 842 632 646
731 730 745 744 836 835 640 639 829 843 633 647
732 731 746 745 837 836 641 640 830 844 634 648
733 732 747 746 838 837 642 641 831 845 635 649
734 733 748 747 839 838 643 642 832 846 636 650
736 735 750 749 841 840 645 644 833 847 637 651
737 736 751 750 842 841 646 645 834 848 638 652
738 737 752 751 843 842 647 646 835 849 639 653
739 738 753 752 844 843 648 647 836 850 640 654
740 739 754 753 845 844 649 648 837 851 641 655
741 740 755 754 846 845 650 649 838 852 642 656
735 741 749 755 840 846 644 650 839 853 643 657
742 748 756 762 847 853 651 657 840 854 644 658
743 742 757 756 848 847 652 651 841 855 645 659
744 743 758 757 849 848 653 652 842 856 646 660
745 744 759 758 850 849 654 653 843 857 647 661
746 745 760 759 851 850 655 654 844 858 648 662
747 746 761 760 852 851 656 655 845 859 649 663
748 747 762 761 853 852 657 656 846 860 650 664
750 749 764 763 855 854 659 658 847 861 651 665
751 750 765 764 856 855 660 659 848 862 652 666
752 751 766 765 857 856 661 660 849 863 653 667
753 752 767 766 858 857 662 661 850 864 654 668
754 753 768 767 859 858 663 662 851 865 655 669
755 754 769 768 860 859 664 663 852 866 656 670
749 755 763 769 854 860 658 664 853 867 657 671
756 762 770 776 861 867 665 671 854 868 658 672
757 756 771 770 862 861 666 665 855 869 659 673
758 757 772 771 863 862 667 666 856 870 660 674
759 758 773 772 864 863 668 667 857 871 661 675
760 759 774 773 865 864 669 668 858 872 662 676
761 760 775 774 866 865 670 669 859 873 663 677
762 761 776 775 867 866 671 670 860 874 664 678
764 763 778 777 869 868 673 672 861 875 665 679
765 764 779 778 870 869 674 673 862 876 666 680
766 765 780 779 871 870 675 674 863 877 667 681
767 766 781 780 872 871 676 675 864 878 668 682
768 767 782 781 873 872 677 676 865 879 669 683
769 768 783 782 874 873 678 677 866 880 670 684
763 769 777 783 868 874 672 678 867 881 671 685
770 776 686 692 875 881 679 685 868 784 672 588
771 770 687 686 876 875 680 679 869 785 673 589
772 771 688 687 877 876 681 680 870 786 674 590
773 772 689 688 878 877 682 681 871 787 675 591
774 773 690 689 879 878 683 682 872 788 676 592
775 774 691 690 880 879 684 683 873 789 677 593
776 775 692 691 881 880 685 684 874 790 678 594
875 881 791 797 882 888 686 692 973 889 777 693
876 875 792 791 883 882 687 686 974 890 778 694
877 876 793 792 884 883 688 687 975 891 779 695
878 877 794 793 885 884 689 688 976 892 780 696
879 878 795 794 886 885 690 689 977 893 781 697
880 879 796 795 887 886 691 690 978 894 782 698
881 880 797 796 888 887 692 691 979 895 783 699
785 784 799 798 890 889 694 693 882 896 686 700
786 785 800 799 891 890 695 694 883 897 687 701
787 786 801 800 892 891 696 695 884 898 688 702
788 787 802 801 893 892 697 696 885 899 689 703
789 788 803 802 894 893 698 697 886 900 690 704
790 789 804 803 895 894 699 698 887 901 691 705
784 790 798 804 889 895 693 699 888 902 692 706
791 797 805 811 896 902 700 706 889 903 693 707
792 791 806 805 897 896 701 700 890 904 694 708
793 792 807 806 898 897 702 701 891 905 695 709
794 793 808 807 899 898 703 702 892 906 696 710
795 794 809 808 900 899 704 703 893 907 697 711
796 795 810 809 901 900 705 704 894 908 698 712
797 796 811 810 902 901 706 705 895 909 699 713
799 798 813 812 904 903 708 707 896 910 700 714
800 799 814 813 905 904 709 708 897 911 701 715
801 800 815 814 906 905 710 709 898 912 702 716
802 801 816 815 907 906 711 710 899 913 703 717
803 802 817 816 908 907 712 711 900 914 704 718
804 803 818 817 909 908 713 712 901 915 705 719
798 804 812 818 903 909 707 713 902 916 706 720
805 811 819 825 910 916 714 720 903 917 707 721
806 805 820 819 911 910 715 714 904 918 708 722
807 806 821 820 912 911 716 715 905 919 709 723
808 807 822 821 913 912 717 716 906 920 710 724
809 808 823 822 914 913 718 717 907 921 711 725
810 809 824 823 915 914 719 718 908 922 712 726
811 810 825 824 916 915 720 719 909 923 713 727
813 812 827 826 918 917 722 721 910 924 714 728
814 813 828 827 919 918 723 722 911 925 715 729
815 814 829 828 920 919 724 723 912 926 716 730
816 815 830 829 921 920 725 724 913 927 717 731
817 816 831 830 922 921 726 725 914 928 718 732
818 817 832 831 923 922 727 726 915 929 719 733
812 818 826 832 917 923 721 727 916 930 720 734
819 825 833 839 924 930 728 734 917 931 721 735
820 819 834 833 925 924 729 728 918 932 722 736
821 820 835 834 926 925 730 729 919 933 723 737
822 821 836 835 927 926 731 730 920 934 724 738
823 822 837 836 928 927 732 731 921 935 725 739
824 823 838 837 929 928 733 732 922 936 726 740
825 824 839 838 930 929 734 733 923 937 727 741
827 826 841 840 932 931 736 735 924 938 728 742
828 827 842 841 933 932 737 736 925 939 729 743
829 828 843 842 934 933 738 737 926 940 730 744
830 829 844 843 935 934 739 738 927 941 731 745
831 830 845 844 936 935 740 739 928 942 732 746
832 831 846 845 937 936 741 740 929 943 733 747
826 832 840 846 931 937 735 741 930 944 734 748
833 839 847 853 938 944 742 748 931 945 735 749
834 833 848 847 939 938 743 742 932 946 736 750
835 834 849 848 940 939 744 743 933 947 737 751
836 835 850 849 941 940 745 744 934 948 738 752
837 836 851 850 942 941 746 745 935 949 739 753
838 837 852 851 943 942 747 746 936 950 740 754
839 838 853 852 944 943 748 747 937 951 741 755
841 840 855 854 946 945 750 749 938 952 742 756
842 841 856 855 947 946 751 750 939 953 743 757
843 842 857 856 948 947 752 751 940 954 744 758
844 843 858 857 949 948 753 752 941 955 745 759
845 844 859 858 950 949 754 753 942 956 746 760
846 845 860 859 951 950 755 754 943 957 747 761
840 846 854 860 945 951 749 755 944 958 748 762
847 853 861 867 952 958 756 762 945 959 749 763
848 847 862 861 953 952 757 756 946 960 750 764
849 848 863 862 954 953 758 757 947 961 751 765
850 849 864 863 955 954 759 758 948 962 752 766
851 850 865 864 956 955 760 759 949 963 753 767
852 851 866 865 957 956 761 760 950 964 754 768
853 852 867 866 958 957 762 761 951 965 755 769
855 854 869 868 960 959 764 763 952 966 756 770
856 855 870 869 961 960 765 764 953 967 757 771
857 856 871 870 962 961 766 765 954 968 758 772
858 857 872 871 963 962 767 766 955 969 759 773
859 858 873 872 964 963 768 767 956 970 760 774
860 859 874 873 965 964 769 768 957 971 761 775
854 860 868 874 959 965 763 769 958 972 762 776
861 867 875 881 966 972 770 776 959 973 763 777
862 861 876 875 967 966 771 770 960 974 764 778
863 862 877 876 968 967 772 771 961 975 765 779
864 863 878 877 969 968 773 772 962 976 766 780
865 864 879 878 970 969 774 773 963 977 767 781
866 865 880 879 971 970 775 774 964 978 768 782
867 866 881 880 972 971 776 775 965 979 769 783
869 868 785 784 974 973 778 777 966 882 770 686
870 869 786 785 975 974 779 778 967 883 771 687
871 870 787 786 976 975 780 779 968 884 772 688
872 871 788 787 977 976 781 780 969 885 773 689
873 872 789 788 978 977 782 781 970 886 774 690
874 873 790 789 979 978 783 782 971 887 775 691
868 874 784 790 973 979 777 783 972 888 776 692
974 973 890 889 981 980 785 784 1071 987 875 791
975 974 891 890 982 981 786 785 1072 988 876 792
976 975 892 891 983 982 787 786 1073 989 877 793
977 976 893 892 984 983 788 787 1074 990 878 794
978 977 894 893 985 984 789 788 1075 991 879 795
979 978 895 894 986 985 790 789 1076 992 880 796
973 979 889 895 980 986 784 790 1077 993 881 797
882 888 896 902 987 993 791 797 980 994 784 798
883 882 897 896 988 987 792 791 981 995 785 799
884 883 898 897 989 988 793 792 982 996 786 800
885 884 899 898 990 989 794 793 983 997 787 801
886 885 900 899 991 990 795 794 984 998 788 802
887 886 901 900 992 991 796 795 985 999 789 803
888 887 902 901 993 992 797 796 986 1000 790 804
890 889 904 903 995 994 799 798 987 1001 791 805
891 890 905 904 996 995 800 799 988 1002 792 806
892 891 906 905 997 996 801 800 989 1003 793 807
893 892 907 906 998 997 802 801 990 1004 794 808
894 893 908 907 999 998 803 802 991 1005 795 809
895 894 909 908 1000 999 804 803 992 1006 796 810
889 895 903 909 994 1000 798 804 993 1007 797 811
896 902 910 916 1001 1007 805 811 994 1008 798 812
897 896 911 910 1002 1001 806 805 995 1009 799 813
898 897 912 911 1003 1002 807 806 996 1010 800 814
899 898 913 912 1004 1003 808 807 997 1011 801 815
900 899 914 913 1005 1004 809 808 998 1012 802 816
901 900 915 914 1006 1005 810 809 999 1013 803 817
902 901 916 915 1007 1006 811 810 1000 1014 804 818
904 903 918 917 1009 1008 813 812 1001 1015 805 819
905 904 919 918 1010 1009 814 813 1002 1016 806 820
906 905 920 919 1011 1010 815 814 1003 1017 807 821
907 906 921 920 1012 1011 816 815 1004 1018 808 822
908 907 922 921 1013 1012 817 816 1005 1019 809 823
909 908 923 922 1014 1013 818 817 1006 1020 810 824
903 909 917 923 1008 1014 812 818 1007 1021 811 825
910 916 924 930 1015 1021 819 825 1008 1022 812 826
911 910 925 924 1016 1015 820 819 1009 1023 813 827
912 911 926 925 1017 1016 821 820 1010 1024 814 828
913 912 927 926 1018 1017 822 821 1011 1025 815 829
914 913 928 927 1019 1018 823 822 1012 1026 816 830
915 914 929 928 1020 1019 824 823 1013 1027 817 831
916 915 930 929 1021 1020 825 824 1014 1028 818 832
918 917 932 931 1023 1022 827 826 1015 1029 819 833
919 918 933 932 1024 1023 828 827 1016 1030 820 834
920 919 934 933 1025 1024 829 828 1017 1031 821 835
921 920 935 934 1026 1025 830 829 1018 1032 822 836
922 921 936 935 1027 1026 831 830 1019 1033 823 837
923 922 937 936 1028 1027 832 831 1020 1034 824 838
917 923 931 937 1022 1028 826 832 1021 1035 825 839
924 930 938 944 1029 1035 833 839 1022 1036 826 840
925 924 939 938 1030 1029 834 833 1023 1037 827 841
926 925 940 939 1031 1030 835 834 1024 1038 828 842
927 926 941 940 1032 1031 836 835 1025 1039 829 843
928 927 942 941 1033 1032 837 836 1026 1040 830 844
929 928 943 942 1034 1033 838 837 1027 1041 831 845
930 929 944 943 1035 1034 839 838 1028 1042 832 846
932 931 946 945 1037 1036 841 840 1029 1043 833 847
933 932 947 946 1038 1037 842 841 1030 1044 834 848
934 933 948 947 1039 1038 843 842 1031 1045 835 849
935 934 949 948 1040 1039 844 843 1032 1046 836 850
936 935 950 949 1041 1040 845 844 1033 1047 837 851
937 936 951 950 1042 1041 846 845 1034 1048 838 852
931 937 945 951 1036 1042 840 846 1035 1049 839 853
938 944 952 958 1043 1049 847 853 1036 1050 840 854
939 938 953 952 1044 1043 848 847 1037 1051 841 855
940 939 954 953 1045 1044 849 848 1038 1052 842 856
941 940 955 954 1046 1045 850 849 1039 1053 843 857
942 941 956 955 1047 1046 851 850 1040 1054 844 858
943 942 957 956 1048 1047 852 851 1041 1055 845 859
944 943 958 957 1049 1048 853 852 1042 1056 846 860
946 945 960 959 1051 1050 855 854 1043 1057 847 861
947 946 961 960 1052 1051 856 855 1044 1058 848 862
948 947 962 961 1053 1052 857 856 1045 1059 849 863
949 948 963 962 1054 1053 858 857 1046 1060 850 864
950 949 964 963 1055 1054 859 858 1047 1061 851 865
951 950 965 964 1056 1055 860 859 1048 1062 852 866
945 951 959 965 1050 1056 854 860 1049 1063 853 867
952 958 966 972 1057 1063 861 867 1050 1064 854 868
953 952 967 966 1058 1057 862 861 1051 1065 855 869
954 953 968 967 1059 1058 863 862 1052 1066 856 870
955 954 969 968 1060 1059 864 863 1053 1067 857 871
956 955 970 969 1061 1060 865 864 1054 1068 858 872
957 956 971 970 1062 1061 866 865 1055 1069 859 873
958 957 972 971 1063 1062 867 866 1056 1070 860 874
960 959 974 973 1065 1064 869 868 1057 1071 861 875
961 960 975 974 1066 1065 870 869 1058 1072 862 876
962 961 976 975 1067 1066 871 870 1059 1073 863 877
963 962 977 976 1068 1067 872 871 1060 1074 864 878
964 963 978 977 1069 1068 873 872 1061 1075 865 879
965 964 979 978 1070 1069 874 873 1062 1076 866 880
959 965 973 979 1064 1070 868 874 1063 1077 867 881
966 972 882 888 1071 1077 875 881 1064 980 868 784
967 966 883 882 1072 1071 876 875 1065 981 869 785
968 967 884 883 1073 1072 877 876 1066 982 870 786
969 968 885 884 1074 1073 878 877 1067 983 871 787
970 969 886 885 1075 1074 879 878 1068 984 872 788
971 970 887 886 1076 1075 880 879 1069 985 873 789
972 971 888 887 1077 1076 881 880 1070 986 874 790
1071 1077 987 993 1078 1084 882 888 1169 1085 973 889
1072 1071 988 987 1079 1078 883 882 1170 1086 974 890
1073 1072 989 988 1080 1079 884 883 1171 1087 975 891
1074 1073 990 989 1081 1080 885 884 1172 1088 976 892
1075 1074 991 990 1082 1081 886 885 1173 1089 977 893
1076 1075 992 991 1083 1082 887 886 1174 1090 978 894
1077 1076 993 992 1084 1083 888 887 1175 1091 979 895
981 980 995 994 1086 1085 890 889 1078 1092 882 896
982 981 996 995 1087 1086 891 890 1079 1093 883 897
983 982 997 996 1088 1087 892 891 1080 1094 884 898
984 983 998 997 1089 1088 893 892 1081 1095 885 899
985 984 999 998 1090 1089 894 893 1082 1096 886 900
986 985 1000 999 1091 1090 895 894 1083 1097 887 901
980 986 994 1000 1085 1091 889 895 1084 1098 888 902
987 993 1001 1007 1092 1098 896 902 1085 1099 889 903
988 987 1002 1001 1093 1092 897 896 1086 1100 890 904
989 988 1003 1002 1094 1093 898 897 1087 1101 891 905
990 989 1004 1003 1095 1094 899 898 1088 1102 892 906
991 990 1005 1004 1096 1095 900 899 1089 1103 893 907
992 991 1006 1005 1097 1096 901 900 1090 1104 894 908
993 992 1007 1006 1098 1097 902 901 1091 1105 895 909
995 994 1009 1008 1100 1099 904 903 1092 1106 896 910
996 995 1010 1009 1101 1100 905 904 1093 1107 897 911
997 996 1011 1010 1102 1101 906 905 1094 1108 898 912
998 997 1012 1011 1103 1102 907 906 1095 1109 899 913
999 998 1013 1012 1104 1103 908 907 1096 1110 900 914
1000 999 1014 1013 1105 1104 909 908 1097 1111 901 915
994 1000 1008 1014 1099 1105 903 909 1098 1112 902 916
1001 1007 1015 1021 1106 1112 910 916 1099 1113 903 917
1002 1001 1016 1015 1107 1106 911 910 1100 1114 904 918
1003 1002 1017 1016 1108 1107 912 911 1101 1115 905 919
1004 1003 1018 1017 1109 1108 913 912 1102 1116 906 920
1005 1004 1019 1018 1110 1109 914 913 1103 1117 907 921
1006 1005 1020 1019 1111 1110 915 914 1104 1118 908 922
1007 1006 1021 1020 1112 1111 916 915 1105 1119 909 923
1009 1008 1023 1022 1114 1113 918 917 1106 1120 910 924
1010 1009 1024 1023 1115 1114 919 918 1107 1121 911 925
1011 1010 1025 1024 1116 1115 920 919 1108 1122 912 926
1012 1011 1026 1025 1117 1116 921 920 1109 1123 913 927
1013 1012 1027 1026 1118 1117 922 921 1110 1124 914 928
1014 1013 1028 1027 1119 1118 923 922 1111 1125 915 929
1008 1014 1022 1028 1113 1119 917 923 1112 1126 916 930
1015 1021 1029 1035 1120 1126 924 930 1113 1127 917 931
1016 1015 1030 1029 1121 1120 925 924 1114 1128 918 932
1017 1016 1031 1030 1122 1121 926 925 1115 1129 919 933
1018 1017 1032 1031 1123 1122 927 926 1116 1130 920 934
1019 1018 1033 1032 1124 1123 928 927 1117 1131 921 935
1020 1019 1034 1033 1125 1124 929 928 1118 1132 922 936
1021 1020 1035 1034 1126 1125 930 929 1119 1133 923 937
1023 1022 1037 1036 1128 1127 932 931 1120 1134 924 938
1024 1023 1038 1037 1129 1128 933 932 1121 1135 925 939
1025 1024 1039 1038 1130 1129 934 933 1122 1136 926 940
1026 1025 1040 1039 1131 1130 935 934 1123 1137 927 941
1027 1026 1041 1040 1132 1131 936 935 1124 1138 928 942
1028 1027 1042 1041 1133 1132 937 936 1125 1139 929 943
1022 1028 1036 1042 1127 1133 931 937 1126 1140 930 944
1029 1035 1043 1049 1134 1140 938 944 1127 1141 931 945
1030 1029 1044 1043 1135 1134 939 938 1128 1142 932 946
1031 1030 1045 1044 1136 1135 940 939 1129 1143 933 947
1032 1031 1046 1045 1137 1136 941 940 1130 1144 934 948
1033 1032 1047 1046 1138 1137 942 941 1131 1145 935 949
1034 1033 1048 1047 1139 1138 943 942 1132 1146 936 950
1035 1034 1049 1048 1140 1139 944 943 1133 1147 937 951
1037 1036 1051 1050 1142 1141 946 945 1134 1148 938 952
1038 1037 1052 1051 1143 1142 947 946 1135 1149 939 953
1039 1038 1053 1052 1144 1143 948 947 1136 1150 940 954
1040 1039 1054 1053 1145 1144 949 948 1137 1151 941 955
1041 1040 1055 1054 1146 1145 950 949 1138 1152 942 956
1042 1041 1056 1055 1147 1146 951 950 1139 1153 943 957
1036 1042 1050 1056 1141 1147 945 951 1140 1154 944 958
1043 1049 1057 1063 1148 1154 952 958 1141 1155 945 959
1044 1043 1058 1057 1149 1148 953 952 1142 1156 946 960
1045 1044 1059 1058 1150 1149 954 953 1143 1157 947 961
1046 1045 1060 1059 1151 1150 955 954 1144 1158 948 962
1047 1046 1061 1060 1152 1151 956 955 1145 1159 949 963
1048 1047 1062 1061 1153 1152 957 956 1146 1160 950 964
1049 1048 1063 1062 1154 1153 958 957 1147 1161 951 965
1051 1050 1065 1064 1156 1155 960 959 1148 1162 952 966
1052 1051 1066 1065 1157 1156 961 960 1149 1163 953 967
1053 1052 1067 1066 1158 1157 962 961 1150 1164 954 968
1054 1053 1068 1067 1159 1158 963 962 1151 1165 955 969
1055 1054 1069 1068 1160 1159 964 963 1152 1166 956 970
1056 1055 1070 1069 1161 1160 965 964 1153 1167 957 971
1050 1056 1064 1070 1155 1161 959 965 1154 1168 958 972
1057 1063 1071 1077 1162 1168 966 972 1155 1169 959 973
1058 1057 1072 1071 1163 1162 967 966 1156 1170 960 974
1059 1058 1073 1072 1164 1163 968 967 1157 1171 961 975
1060 1059 1074 1073 1165 1164 969 968 1158 1172 962 976
1061 1060 1075 1074 1166 1165 970 969 1159 1173 963 977
1062 1061 1076 1075 1167 1166 971 970 1160 1174 964 978
1063 1062 1077 1076 1168 1167 972 971 1161 1175 965 979
1065 1064 981 980 1170 1169 974 973 1162 1078 966 882
1066 1065 982 981 1171 1170 975 974 1163 1079 967 883
1067 1066 983 982 1172 1171 976 975 1164 1080 968 884
1068 1067 984 983 1173 1172 977 976 1165 1081 969 885
1069 1068 985 984 1174 1173 978 977 1166 1082 970 886
1070 1069 986 985 1175 1174 979 978 1167 1083 971 887
1064 1070 980 986 1169 1175 973 979 1168 1084 972 888
1170 1169 1086 1085 1177 1176 981 980 1267 1183 1071 987
1171 1170 1087 1086 1178 1177 982 981 1268 1184 1072 988
1172 1171 1088 1087 1179 1178 983 982 1269 1185 1073 989
1173 1172 1089 1088 1180 1179 984 983 1270 1186 1074 990
1174 1173 1090 1089 1181 1180 985 984 1271 1187 1075 991
1175 1174 1091 1090 1182 1181 986 985 1272 1188 1076 992
1169 1175 1085 1091 1176 1182 980 986 1273 1189 1077 993
1078 1084 1092 1098 1183 1189 987 993 1176 1190 980 994
1079 1078 1093 1092 1184 1183 988 987 1177 1191 981 995
1080 1079 1094 1093 1185 1184 989 988 1178 1192 982 996
1081 1080 1095 1094 1186 1185 990 989 1179 1193 983 997
1082 1081 1096 1095 1187 1186 991 990 1180 1194 984 998
1083 1082 1097 1096 1188 1187 992 991 1181 1195 985 999
1084 1083 1098 1097 1189 1188 993 992 1182 1196 986 1000
1086 1085 1100 1099 1191 1190 995 994 1183 1197 987 1001
1087 1086 1101 1100 1192 1191 996 995 1184 1198 988 1002
1088 1087 1102 1101 1193 1192 997 996 1185 1199 989 1003
1089 1088 1103 1102 1194 1193 998 997 1186 1200 990 1004
1090 1089 1104 1103 1195 1194 999 998 1187 1201 991 1005
1091 1090 1105 1104 1196 1195 1000 999 1188 1202 992 1006
1085 1091 1099 1105 1190 1196 994 1000 1189 1203 993 1007
1092 1098 1106 1112 1197 1203 1001 1007 1190 1204 994 1008
1093 1092 1107 1106 1198 1197 1002 1001 1191 1205 995 1009
1094 1093 1108 1107 1199 1198 1003 1002 1192 1206 996 1010
1095 1094 1109 1108 1200 1199 1004 1003 1193 1207 997 1011
1096 1095 1110 1109 1201 1200 1005 1004 1194 1208 998 1012
1097 1096 1111 1110 1202 1201 1006 1005 1195 1209 999 1013
1098 1097 1112 1111 1203 1202 1007 1006 1196 1210 1000 1014
1100 1099 1114 1113 1205 1204 1009 1008 1197 1211 1001 1015
1101 1100 1115 1114 1206 1205 1010 1009 1198 1212 1002 1016
1102 1101 1116 1115 1207 1206 1011 1010 1199 1213 1003 1017
1103 1102 1117 1116 1208 1207 1012 1011 1200 1214 1004 1018
1104 1103 1118 1117 1209 1208 1013 1012 1201 1215 1005 1019
1105 1104 1119 1118 1210 1209 1014 1013 1202 1216 1006 1020
1099 1105 1113 1119 1204 1210 1008 1014 1203 1217 1007 1021
1106 1112 1120 1126 1211 1217 1015 1021 1204 1218 1008 1022
1107 1106 1121 1120 1212 1211 1016 1015 1205 1219 1009 1023
1108 1107 1122 1121 1213 1212 1017 1016 1206 1220 1010 1024
1109 1108 1123 1122 1214 1213 1018 1017 1207 1221 1011 1025
1110 1109 1124 1123 1215 1214 1019 1018 1208 1222 1012 1026
1111 1110 1125 1124 1216 1215 1020 1019 1209 1223 1013 1027
1112 1111 1126 1125 1217 1216 1021 1020 1210 1224 1014 1028
1114 1113 1128 1127 1219 1218 1023 1022 1211 1225 1015 1029
1115 1114 1129 1128 1220 1219 1024 1023 1212 1226 1016 1030
1116 1115 1130 1129 1221 1220 1025 1024 1213 1227 1017 1031
1117 1116 1131 1130 1222 1221 1026 1025 1214 1228 1018 1032
1118 1117 1132 1131 1223 1222 1027 1026 1215 1229 1019 1033
1119 1118 1133 1132 1224 1223 1028 1027 1216 1230 1020 1034
1113 1119 1127 1133 1218 1224 1022 1028 1217 1231 1021 1035
1120 1126 1134 1140 1225 1231 1029 1035 1218 1232 1022 1036
1121 1120 1135 1134 1226 1225 1030 1029 1219 1233 1023 1037
1122 1121 1136 1135 1227 1226 1031 1030 1220 1234 1024 1038
1123 1122 1137 1136 1228 1227 1032 1031 1221 1235 1025 1039
1124 1123 1138 1137 1229 1228 1033 1032 1222 1236 1026 1040
1125 1124 1139 1138 1230 1229 1034 1033 1223 1237 1027 1041
1126 1125 1140 1139 1231 1230 1035 1034 1224 1238 1028 1042
1128 1127 1142 1141 1233 1232 1037 1036 1225 1239 1029 1043
1129 1128 1143 1142 1234 1233 1038 1037 1226 1240 1030 1044
1130 1129 1144 1143 1235 1234 1039 1038 1227 1241 1031 1045
1131 1130 1145 1144 1236 1235 1040 1039 1228 1242 1032 1046
1132 1131 1146 1145 1237 1236 1041 1040 1229 1243 1033 1047
1133 1132 1147 1146 1238 1237 1042 1041 1230 1244 1034 1048
1127 1133 1141 1147 1232 1238 1036 1042 1231 1245 1035 1049
1134 1140 1148 1154 1239 1245 1043 1049 1232 1246 1036 1050
1135 1134 1149 1148 1240 1239 1044 1043 1233 1247 1037 1051
1136 1135 1150 1149 1241 1240 1045 1044 1234 1248 1038 1052
1137 1136 1151 1150 1242 1241 1046 1045 1235 1249 1039 1053
1138 1137 1152 1151 1243 1242 1047 1046 1236 1250 1040 1054
1139 1138 1153 1152 1244 1243 1048 1047 1237 1251 1041 1055
1140 1139 1154 1153 1245 1244 1049 1048 1238 1252 1042 1056
1142 1141 1156 1155 1247 1246 1051 1050 1239 1253 1043 1057
1143 1142 1157 1156 1248 1247 1052 1051 1240 1254 1044 1058
1144 1143 1158 1157 1249 1248 1053 1052 1241 1255 1045 1059
1145 1144 1159 1158 1250 1249 1054 1053 1242 1256 1046 1060
1146 1145 1160 1159 1251 1250 1055 1054 1243 1257 1047 1061
1147 1146 1161 1160 1252 1251 1056 1055 1244 1258 1048 1062
1141 1147 1155 1161 1246 1252 1050 1056 1245 1259 1049 1063
1148 1154 1162 1168 1253 1259 1057 1063 1246 1260 1050 1064
1149 1148 1163 1162 1254 1253 1058 1057 1247 1261 1051 1065
1150 1149 1164 1163 1255 1254 1059 1058 1248 1262 1052 1066
1151 1150 1165 1164 1256 1255 1060 1059 1249 1263 1053 1067
1152 1151 1166 1165 1257 1256 1061 1060 1250 1264 1054 1068
1153 1152 1167 1166 1258 1257 1062 1061 1251 1265 1055 1069
1154 1153 1168 1167 1259 1258 1063 1062 1252 1266 1056 1070
1156 1155 1170 1169 1261 1260 1065 1064 1253 1267 1057 1071
1157 1156 1171 1170 1262 1261 1066 1065 1254 1268 1058 1072
1158 1157 1172 1171 1263 1262 1067 1066 1255 1269 1059 1073
1159 1158 1173 1172 1264 1263 1068 1067 1256 1270 1060 1074
1160 1159 1174 1173 1265 1264 1069 1068 1257 1271 1061 1075
1161 1160 1175 1174 1266 1265 1070 1069 1258 1272 1062 1076
1155 1161 1169 1175 1260 1266 1064 1070 1259 1273 1063 1077
1162 1168 1078 1084 1267 1273 1071 1077 1260 1176 1064 980
1163 1162 1079 1078 1268 1267 1072 1071 1261 1177 1065 981
1164 1163 1080 1079 1269 1268 1073 1072 1262 1178 1066 982
1165 1164 1081 1080 1270 1269 1074 1073 1263 1179 1067 983
1166 1165 1082 1081 1271 1270 1075 1074 1264 1180 1068 984
1167 1166 1083 1082 1272 1271 1076 1075 1265 1181 1069 985
1168 1167 1084 1083 1273 1272 1077 1076 1266 1182 1070 986
1267 1273 1183 1189 1274 1280 1078 1084 1365 1281 1169 1085
1268 1267 1184 1183 1275 1274 1079 1078 1366 1282 1170 1086
1269 1268 1185 1184 1276 1275 1080 1079 1367 1283 1171 1087
1270 1269 1186 1185 1277 1276 1081 1080 1368 1284 1172 1088
1271 1270 1187 1186 1278 1277 1082 1081 1369 1285 1173 1089
1272 1271 1188 1187 1279 1278 1083 1082 1370 1286 1174 1090
1273 1272 1189 1188 1280 1279 1084 1083 1371 1287 1175 1091
1177 1176 1191 1190 1282 1281 1086 1085 1274 1288 1078 1092
1178 1177 1192 1191 1283 1282 1087 1086 1275 1289 1079 1093
1179 1178 1193 1192 1284 1283 1088 1087 1276 1290 1080 1094
1180 1179 1194 1193 1285 1284 1089 1088 1277 1291 1081 1095
1181 1180 1195 1194 1286 1285 1090 1089 1278 1292 1082 1096
1182 1181 1196 1195 1287 1286 1091 1090 1279 1293 1083 1097
1176 1182 1190 1196 1281 1287 1085 1091 1280 1294 1084 1098
1183 1189 1197 1203 1288 1294 1092 1098 1281 1295 1085 1099
1184 1183 1198 1197 1289 1288 1093 1092 1282 1296 1086 1100
1185 1184 1199 1198 1290 1289 1094 1093 1283 1297 1087 1101
1186 1185 1200 1199 1291 1290 1095 1094 1284 1298 1088 1102
1187 1186 1201 1200 1292 1291 1096 1095 1285 1299 1089 1103
1188 1187 1202 1201 1293 1292 1097 1096 1286 1300 1090 1104
1189 1188 1203 1202 1294 1293 1098 1097 1287 1301 1091 1105
1191 1190 1205 1204 1296 1295 1100 1099 1288 1302 1092 1106
1192 1191 1206 1205 1297 1296 1101 1100 1289 1303 1093 1107
1193 1192 1207 1206 1298 1297 1102 1101 1290 1304 1094 1108
1194 1193 1208 1207 1299 1298 1103 1102 1291 1305 1095 1109
1195 1194 1209 1208 1300 1299 1104 1103 1292 1306 1096 1110
1196 1195 1210 1209 1301 1300 1105 1104 1293 1307 1097 1111
1190 1196 1204 1210 1295 1301 1099 1105 1294 1308 1098 1112
1197 1203 1211 1217 1302 1308 1106 1112 1295 1309 1099 1113
1198 1197 1212 1211 1303 1302 1107 1106 1296 1310 1100 1114
1199 1198 1213 1212 1304 1303 1108 1107 1297 1311 1101 1115
1200 1199 1214 1213 1305 1304 1109 1108 1298 1312 1102 1116
1201 1200 1215 1214 1306 1305 1110 1109 1299 1313 1103 1117
1202 1201 1216 1215 1307 1306 1111 1110 1300 1314 1104 1118
1203 1202 1217 1216 1308 1307 1112 1111 1301 1315 1105 1119
1205 1204 1219 1218 1310 1309 1114 1113 1302 1316 1106 1120
1206 1205 1220 1219 1311 1310 1115 1114 1303 1317 1107 1121
1207 1206 1221 1220 1312 1311 1116 1115 1304 1318 1108 1122
1208 1207 1222 1221 1313 1312 1117 1116 1305 1319 1109 1123
1209 1208 1223 1222 1314 1313 1118 1117 1306 1320 1110 1124
1210 1209 1224 1223 1315 1314 1119 1118 1307 1321 1111 1125
1204 1210 1218 1224 1309 1315 1113 1119 1308 1322 1112 1126
1211 1217 1225 1231 1316 1322 1120 1126 1309 1323 1113 1127
1212 1211 1226 1225 1317 1316 1121 1120 1310 1324 1114 1128
1213 1212 1227 1226 1318 1317 1122 1121 1311 1325 1115 1129
1214 1213 1228 1227 1319 1318 1123 1122 1312 1326 1116 1130
1215 1214 1229 1228 1320 1319 1124 1123 1313 1327 1117 1131
1216 1215 1230 1229 1321 1320 1125 1124 1314 1328 1118 1132
1217 1216 1231 1230 1322 1321 1126 1125 1315 1329 1119 1133
1219 1218 1233 1232 1324 1323 1128 1127 1316 1330 1120 1134
1220 1219 1234 1233 1325 1324 1129 1128 1317 1331 1121 1135
1221 1220 1235 1234 1326 1325 1130 1129 1318 1332 1122 1136
1222 1221 1236 1235 1327 1326 1131 1130 1319 1333 1123 1137
1223 1222 1237 1236 1328 1327 1132 1131 1320 1334 1124 1138
1224 1223 1238 1237 1329 1328 1133 1132 1321 1335 1125 1139
1218 1224 1232 1238 1323 1329 1127 1133 1322 1336 1126 1140
1225 1231 1239 1245 1330 1336 1134 1140 1323 1337 1127 1141
1226 1225 1240 1239 1331 1330 1135 1134 1324 1338 1128 1142
1227 1226 1241 1240 1332 1331 1136 1135 1325 1339 1129 1143
1228 1227 1242 1241 1333 1332 1137 1136 1326 1340 1130 1144
1229 1228 1243 1242 1334 1333 1138 1137 1327 1341 1131 1145
1230 1229 1244 1243 1335 1334 1139 1138 1328 1342 1132 1146
1231 1230 1245 1244 1336 1335 1140 1139 1329 1343 1133 1147
1233 1232 1247 1246 1338 1337 1142 1141 1330 1344 1134 1148
1234 1233 1248 1247 1339 1338 1143 1142 1331 1345 1135 1149
1235 1234 1249 1248 1340 1339 1144 1143 1332 1346 1136 1150
1236 1235 1250 1249 1341 1340 1145 1144 1333 1347 1137 1151
1237 1236 1251 1250 1342 1341 1146 1145 1334 1348 1138 1152
1238 1237 1252 1251 1343 1342 1147 1146 1335 1349 1139 1153
1232 1238 1246 1252 1337 1343 1141 1147 1336 1350 1140 1154
1239 1245 1253 1259 1344 1350 1148 1154 1337 1351 1141 1155
1240 1239 1254 1253 1345 1344 1149 1148 1338 1352 1142 1156
1241 1240 1255 1254 1346 1345 1150 1149 1339 1353 1143 1157
1242 1241 1256 1255 1347 1346 1151 1150 1340 1354 1144 1158
1243 1242 1257 1256 1348 1347 1152 1151 1341 1355 1145 1159
1244 1243 1258 1257 1349 1348 1153 1152 1342 1356 1146 1160
1245 1244 1259 1258 1350 1349 1154 1153 1343 1357 1147 1161
1247 1246 1261 1260 1352 1351 1156 1155 1344 1358 1148 1162
1248 1247 1262 1261 1353 1352 1157 1156 1345 1359 1149 1163
1249 1248 1263 1262 1354 1353 1158 1157 1346 1360 1150 1164
1250 1249 1264 1263 1355 1354 1159 1158 1347 1361 1151 1165
1251 1250 1265 1264 1356 1355 1160 1159 1348 1362 1152 1166
1252 1251 1266 1265 1357 1356 1161 1160 1349 1363 1153 1167
1246 1252 1260 1266 1351 1357 1155 1161 1350 1364 1154 1168
1253 1259 1267 1273 1358 1364 1162 1168 1351 1365 1155 1169
1254 1253 1268 1267 1359 1358 1163 1162 1352 1366 1156 1170
1255 1254 1269 1268 1360 1359 1164 1163 1353 1367 1157 1171
1256 1255 1270 1269 1361 1360 1165 1164 1354 1368 1158 1172
1257 1256 1271 1270 1362 1361 1166 1165 1355 1369 1159 1173
1258 1257 1272 1271 1363 1362 1167 1166 1356 1370 1160 1174
1259 1258 1273 1272 1364 1363 1168 1167 1357 1371 1161 1175
1261 1260 1177 1176 1366 1365 1170 1169 1358 1274 1162 1078
1262 1261 1178 1177 1367 1366 1171 1170 1359 1275 1163 1079
1263 1262 1179 1178 1368 1367 1172 1171 1360 1276 1164 1080
1264 1263 1180 1179 1369 1368 1173 1172 1361 1277 1165 1081
1265 1264 1181 1180 1370 1369 1174 1173 1362 1278 1166 1082
1266 1265 1182 1181 1371 1370 1175 1174 1363 1279 1167 1083
1260 1266 1176 1182 1365 1371 1169 1175 1364 1280 1168 1084
1366 1365 1282 1281 1 0 1177 1176 91 7 1267 1183
1367 1366 1283 1282 2 1 1178 1177 92 8 1268 1184
1368 1367 1284 1283 3 2 1179 1178 93 9 1269 1185
1369 1368 1285 1284 4 3 1180 1179 94 10 1270 1186
1370 1369 1286 1285 5 4 1181 1180 95 11 1271 1187
1371 1370 1287 1286 6 5 1182 1181 96 12 1272 1188
1365 1371 1281 1287 0 6 1176 1182 97 13 1273 1189
1274 1280 1288 1294 7 13 1183 1189 0 14 1176 1190
1275 1274 1289 1288 8 7 1184 1183 1 15 1177 1191
1276 1275 1290 1289 9 8 1185 1184 2 16 1178 1192
1277 1276 1291 1290 10 9 1186 1185 3 17 1179 1193
1278 1277 1292 1291 11 10 1187 1186 4 18 1180 1194
1279 1278 1293 1292 12 11 1188 1187 5 19 1181 1195
1280 1279 1294 1293 13 12 1189 1188 6 20 1182 1196
1282 1281 1296 1295 15 14 1191 1190 7 21 1183 1197
1283 1282 1297 1296 16 15 1192 1191 8 22 1184 1198
1284 1283 1298 1297 17 16 1193 1192 9 23 1185 1199
1285 1284 1299 1298 18 17 1194 1193 10 24 1186 1200
1286 1285 1300 1299 19 18 1195 1194 11 25 1187 1201
1287 1286 1301 1300 20 19 1196 1195 12 26 1188 1202
1281 1287 1295 1301 14 20 1190 1196 13 27 1189 1203
1288 1294 1302 1308 21 27 1197 1203 14 28 1190 1204
1289 1288 1303 1302 22 21 1198 1197 15 29 1191 1205
1290 1289 1304 1303 23 22 1199 1198 16 30 1192 1206
1291 1290 1305 1304 24 23 1200 1199 17 31 1193 1207
1292 1291 1306 1305 25 24 1201 1200 18 32 1194 1208
1293 1292 1307 1306 26 25 1202 1201 19 33 1195 1209
1294 1293 1308 1307 27 26 1203 1202 20 34 1196 1210
1296 1295 1310 1309 29 28 1205 1204 21 35 1197 1211
1297 1296 1311 1310 30 29 1206 1205 22 36 1198 1212
1298 1297 1312 1311 31 30 1207 1206 23 37 1199 1213
1299 1298 1313 1312 32 31 1208 1207 24 38 1200 1214
1300 1299 1314 1313 33 32 1209 1208 25 39 1201 1215
1301 1300 1315 1314 34 33 1210 1209 26 40 1202 1216
1295 1301 1309 1315 28 34 1204 1210 27 41 1203 1217
1302 1308 1316 1322 35 41 1211 1217 28 42 1204 1218
1303 1302 1317 1316 36 35 1212 1211 29 43 1205 1219
1304 1303 1318 1317 37 36 1213 1212 30 44 1206 1220
1305 1304 1319 1318 38 37 1214 1213 31 45 1207 1221
1306 1305 1320 1319 39 38 1215 1214 32 46 1208 1222
1307 1306 1321 1320 40 39 1216 1215 33 47 1209 1223
1308 1307 1322 1321 41 40 1217 1216 34 48 1210 1224
1310 1309 1324 1323 43 42 1219 1218 35 49 1211 1225
1311 1310 1325 1324 44 43 1220 1219 36 50 1212 1226
1312 1311 1326 1325 45 44 1221 1220 37 51 1213 1227
1313 1312 1327 1326 46 45 1222 1221 38 52 1214 1228
1314 1313 1328 1327 47 46 1223 1222 39 53 1215 1229
1315 1314 1329 1328 48 47 1224 1223 40 54 1216 1230
1309 1315 1323 1329 42 48 1218 1224 41 55 1217 1231
1316 1322 1330 1336 49 55 1225 1231 42 56 1218 1232
1317 1316 1331 1330 50 49 1226 1225 43 57 1219 1233
1318 1317 1332 1331 51 50 1227 1226 44 58 1220 1234
1319 1318 1333 1332 52 51 1228 1227 45 59 1221 1235
1320 1319 1334 1333 53 52 1229 1228 46 60 1222 1236
1321 1320 1335 1334 54 53 1230 1229 47 61 1223 1237
1322 1321 1336 1335 55 54 1231 1230 48 62 1224 1238
1324 1323 1338 1337 57 56 1233 1232 49 63 1225 1239
1325 1324 1339 1338 58 57 1234 1233 50 64 1226 1240
1326 1325 1340 1339 59 58 1235 1234 51 65 1227 1241
1327 1326 1341 1340 60 59 1236 1235 52 66 1228 1242
1328 1327 1342 1341 61 60 1237 1236 53 67 1229 1243
1329 1328 1343 1342 62 61 1238 1237 54 68 1230 1244
1323 1329 1337 1343 56 62 1232 1238 55 69 1231 1245
1330 1336 1344 1350 63 69 1239 1245 56 70 1232 1246
1331 1330 1345 1344 64 63 1240 1239 57 71 1233 1247
1332 1331 1346 1345 65 64 1241 1240 58 72 1234 1248
1333 1332 1347 1346 66 65 1242 1241 59 73 1235 1249
1334 1333 1348 1347 67 66 1243 1242 60 74 1236 1250
1335 1334 1349 1348 68 67 1244 1243 61 75 1237 1251
1336 1335 1350 1349 69 68 1245 1244 62 76 1238 1252
1338 1337 1352 1351 71 70 1247 1246 63 77 1239 1253
1339 1338 1353 1352 72 71 1248 1247 64 78 1240 1254
1340 1339 1354 1353 73 72 1249 1248 65 79 1241 1255
1341 1340 1355 1354 74 73 1250 1249 66 80 1242 1256
1342 1341 1356 1355 75 74 1251 1250 67 81 1243 1257
1343 1342 1357 1356 76 75 1252 1251 68 82 1244 1258
1337 1343 1351 1357 70 76 1246 1252 69 83 1245 1259
1344 1350 1358 1364 77 83 1253 1259 70 84 1246 1260
1345 1344 1359 1358 78 77 1254 1253 71 85 1247 1261
1346 1345 1360 1359 79 78 1255 1254 72 86 1248 1262
1347 1346 1361 1360 80 79 1256 1255 73 87 1249 1263
1348 1347 1362 1361 81 80 1257 1256 74 88 1250 1264
1349 1348 1363 1362 82 81 1258 1257 75 89 1251 1265
1350 1349 1364 1363 83 82 1259 1258 76 90 1252 1266
1352 1351 1366 1365 85 84 1261 1260 77 91 1253 1267
1353 1352 1367 1366 86 85 1262 1261 78 92 1254 1268
1354 1353 1368 1367 87 86 1263 1262 79 93 1255 1269
1355 1354 1369 1368 88 87 1264 1263 80 94 1256 1270
1356 1355 1370 1369 89 88 1265 1264 81 95 1257 1271
1357 1356 1371 1370 90 89 1266 1265 82 96 1258 1272
1351 1357 1365 1371 84 90 1260 1266 83 97 1259 1273
1358 1364 1274 1280 91 97 1267 1273 84 0 1260 1176
1359 1358 1275 1274 92 91 1268 1267 85 1 1261 1177
1360 1359 1276 1275 93 92 1269 1268 86 2 1262 1178
1361 1360 1277 1276 94 93 1270 1269 87 3 1263 1179
1362 1361 1278 1277 95 94 1271 1270 88 4 1264 1180
1363 1362 1279 1278 96 95 1272 1271 89 5 1265 1181
1364 1363 1280 1279 97 96 1273 1272 90 6 1266 1182
