1 7 56 8 63 9 64 448
2 0 57 9 56 10 65 449
3 1 58 10 57 11 66 450
4 2 59 11 58 12 67 451
5 3 60 12 59 13 68 452
6 4 61 13 60 14 69 453
7 5 62 14 61 15 70 454
0 6 63 15 62 8 71 455
9 15 0 16 7 17 72 456
10 8 1 17 0 18 73 457
11 9 2 18 1 19 74 458
12 10 3 19 2 20 75 459
13 11 4 20 3 21 76 460
14 12 5 21 4 22 77 461
15 13 6 22 5 23 78 462
8 14 7 23 6 16 79 463
17 23 8 24 15 25 80 464
18 16 9 25 8 26 81 465
19 17 10 26 9 27 82 466
20 18 11 27 10 28 83 467
21 19 12 28 11 29 84 468
22 20 13 29 12 30 85 469
23 21 14 30 13 31 86 470
16 22 15 31 14 24 87 471
25 31 16 32 23 33 88 472
26 24 17 33 16 34 89 473
27 25 18 34 17 35 90 474
28 26 19 35 18 36 91 475
29 27 20 36 19 37 92 476
30 28 21 37 20 38 93 477
31 29 22 38 21 39 94 478
24 30 23 39 22 32 95 479
33 39 24 40 31 41 96 480
34 32 25 41 24 42 97 481
35 33 26 42 25 43 98 482
36 34 27 43 26 44 99 483
37 35 28 44 27 45 100 484
38 36 29 45 28 46 101 485
39 37 30 46 29 47 102 486
32 38 31 47 30 40 103 487
41 47 32 48 39 49 104 488
42 40 33 49 32 50 105 489
43 41 34 50 33 51 106 490
44 42 35 51 34 52 107 491
45 43 36 52 35 53 108 492
46 44 37 53 36 54 109 493
47 45 38 54 37 55 110 494
40 46 39 55 38 48 111 495
49 55 40 56 47 57 112 496
50 48 41 57 40 58 113 497
51 49 42 58 41 59 114 498
52 50 43 59 42 60 115 499
53 51 44 60 43 61 116 500
54 52 45 61 44 62 117 501
55 53 46 62 45 63 118 502
48 54 47 63 46 56 119 503
57 63 48 0 55 1 120 504
58 56 49 1 48 2 121 505
59 57 50 2 49 3 122 506
60 58 51 3 50 4 123 507
61 59 52 4 51 5 124 508
62 60 53 5 52 6 125 509
63 61 54 6 53 7 126 510
56 62 55 7 54 0 127 511
65 71 120 72 127 73 128 0
66 64 121 73 120 74 129 1
67 65 122 74 121 75 130 2
68 66 123 75 122 76 131 3
69 67 124 76 123 77 132 4
70 68 125 77 124 78 133 5
71 69 126 78 125 79 134 6
64 70 127 79 126 72 135 7
73 79 64 80 71 81 136 8
74 72 65 81 64 82 137 9
75 73 66 82 65 83 138 10
76 74 67 83 66 84 139 11
77 75 68 84 67 85 140 12
78 76 69 85 68 86 141 13
79 77 70 86 69 87 142 14
72 78 71 87 70 80 143 15
81 87 72 88 79 89 144 16
82 80 73 89 72 90 145 17
83 81 74 90 73 91 146 18
84 82 75 91 74 92 147 19
85 83 76 92 75 93 148 20
86 84 77 93 76 94 149 21
87 85 78 94 77 95 150 22
80 86 79 95 78 88 151 23
89 95 80 96 87 97 152 24
90 88 81 97 80 98 153 25
91 89 82 98 81 99 154 26
92 90 83 99 82 100 155 27
93 91 84 100 83 101 156 28
94 92 85 101 84 102 157 29
95 93 86 102 85 103 158 30
88 94 87 103 86 96 159 31
97 103 88 104 95 105 160 32
98 96 89 105 88 106 161 33
99 97 90 106 89 107 162 34
100 98 91 107 90 108 163 35
101 99 92 108 91 109 164 36
102 100 93 109 92 110 165 37
103 101 94 110 93 111 166 38
96 102 95 111 94 104 167 39
105 111 96 112 103 113 168 40
106 104 97 113 96 114 169 41
107 105 98 114 97 115 170 42
108 106 99 115 98 116 171 43
109 107 100 116 99 117 172 44
110 108 101 117 100 118 173 45
111 109 102 118 101 119 174 46
104 110 103 119 102 112 175 47
113 119 104 120 111 121 176 48
114 112 105 121 104 122 177 49
115 113 106 122 105 123 178 50
116 114 107 123 106 124 179 51
117 115 108 124 107 125 180 52
118 116 109 125 108 126 181 53
119 117 110 126 109 127 182 54
112 118 111 127 110 120 183 55
121 127 112 64 119 65 184 56
122 120 113 65 112 66 185 57
123 121 114 66 113 67 186 58
124 122 115 67 114 68 187 59
125 123 116 68 115 69 188 60
126 124 117 69 116 70 189 61
127 125 118 70 117 71 190 62
120 126 119 71 118 64 191 63
129 135 184 136 191 137 192 64
130 128 185 137 184 138 193 65
131 129 186 138 185 139 194 66
132 130 187 139 186 140 195 67
133 131 188 140 187 141 196 68
134 132 189 141 188 142 197 69
135 133 190 142 189 143 198 70
128 134 191 143 190 136 199 71
137 143 128 144 135 145 200 72
138 136 129 145 128 146 201 73
139 137 130 146 129 147 202 74
140 138 131 147 130 148 203 75
141 139 132 148 131 149 204 76
142 140 133 149 132 150 205 77
143 141 134 150 133 151 206 78
136 142 135 151 134 144 207 79
145 151 136 152 143 153 208 80
146 144 137 153 136 154 209 81
147 145 138 154 137 155 210 82
148 146 139 155 138 156 211 83
149 147 140 156 139 157 212 84
150 148 141 157 140 158 213 85
151 149 142 158 141 159 214 86
144 150 143 159 142 152 215 87
153 159 144 160 151 161 216 88
154 152 145 161 144 162 217 89
155 153 146 162 145 163 218 90
156 154 147 163 146 164 219 91
157 155 148 164 147 165 220 92
158 156 149 165 148 166 221 93
159 157 150 166 149 167 222 94
152 158 151 167 150 160 223 95
161 167 152 168 159 169 224 96
162 160 153 169 152 170 225 97
163 161 154 170 153 171 226 98
164 162 155 171 154 172 227 99
165 163 156 172 155 173 228 100
166 164 157 173 156 174 229 101
167 165 158 174 157 175 230 102
160 166 159 175 158 168 231 103
169 175 160 176 167 177 232 104
170 168 161 177 160 178 233 105
171 169 162 178 161 179 234 106
172 170 163 179 162 180 235 107
173 171 164 180 163 181 236 108
174 172 165 181 164 182 237 109
175 173 166 182 165 183 238 110
168 174 167 183 166 176 239 111
177 183 168 184 175 185 240 112
178 176 169 185 168 186 241 113
179 177 170 186 169 187 242 114
180 178 171 187 170 188 243 115
181 179 172 188 171 189 244 116
182 180 173 189 172 190 245 117
183 181 174 190 173 191 246 118
176 182 175 191 174 184 247 119
185 191 176 128 183 129 248 120
186 184 177 129 176 130 249 121
187 185 178 130 177 131 250 122
188 186 179 131 178 132 251 123
189 187 180 132 179 133 252 124
190 188 181 133 180 134 253 125
191 189 182 134 181 135 254 126
184 190 183 135 182 128 255 127
193 199 248 200 255 201 256 128
194 192 249 201 248 202 257 129
195 193 250 202 249 203 258 130
196 194 251 203 250 204 259 131
197 195 252 204 251 205 260 132
198 196 253 205 252 206 261 133
199 197 254 206 253 207 262 134
192 198 255 207 254 200 263 135
201 207 192 208 199 209 264 136
202 200 193 209 192 210 265 137
203 201 194 210 193 211 266 138
204 202 195 211 194 212 267 139
205 203 196 212 195 213 268 140
206 204 197 213 196 214 269 141
207 205 198 214 197 215 270 142
200 206 199 215 198 208 271 143
209 215 200 216 207 217 272 144
210 208 201 217 200 218 273 145
211 209 202 218 201 219 274 146
212 210 203 219 202 220 275 147
213 211 204 220 203 221 276 148
214 212 205 221 204 222 277 149
215 213 206 222 205 223 278 150
208 214 207 223 206 216 279 151
217 223 208 224 215 225 280 152
218 216 209 225 208 226 281 153
219 217 210 226 209 227 282 154
220 218 211 227 210 228 283 155
221 219 212 228 211 229 284 156
222 220 213 229 212 230 285 157
223 221 214 230 213 231 286 158
216 222 215 231 214 224 287 159
225 231 216 232 223 233 288 160
226 224 217 233 216 234 289 161
227 225 218 234 217 235 290 162
228 226 219 235 218 236 291 163
229 227 220 236 219 237 292 164
230 228 221 237 220 238 293 165
231 229 222 238 221 239 294 166
224 230 223 239 222 232 295 167
233 239 224 240 231 241 296 168
234 232 225 241 224 242 297 169
235 233 226 242 225 243 298 170
236 234 227 243 226 244 299 171
237 235 228 244 227 245 300 172
238 236 229 245 228 246 301 173
239 237 230 246 229 247 302 174
232 238 231 247 230 240 303 175
241 247 232 248 239 249 304 176
242 240 233 249 232 250 305 177
243 241 234 250 233 251 306 178
244 242 235 251 234 252 307 179
245 243 236 252 235 253 308 180
246 244 237 253 236 254 309 181
247 245 238 254 237 255 310 182
240 246 239 255 238 248 311 183
249 255 240 192 247 193 312 184
250 248 241 193 240 194 313 185
251 249 242 194 241 195 314 186
252 250 243 195 242 196 315 187
253 251 244 196 243 197 316 188
254 252 245 197 244 198 317 189
255 253 246 198 245 199 318 190
248 254 247 199 246 192 319 191
257 263 312 264 319 265 320 192
258 256 313 265 312 266 321 193
259 257 314 266 313 267 322 194
260 258 315 267 314 268 323 195
261 259 316 268 315 269 324 196
262 260 317 269 316 270 325 197
263 261 318 270 317 271 326 198
256 262 319 271 318 264 327 199
265 271 256 272 263 273 328 200
266 264 257 273 256 274 329 201
267 265 258 274 257 275 330 202
268 266 259 275 258 276 331 203
269 267 260 276 259 277 332 204
270 268 261 277 260 278 333 205
271 269 262 278 261 279 334 206
264 270 263 279 262 272 335 207
273 279 264 280 271 281 336 208
274 272 265 281 264 282 337 209
275 273 266 282 265 283 338 210
276 274 267 283 266 284 339 211
277 275 268 284 267 285 340 212
278 276 269 285 268 286 341 213
279 277 270 286 269 287 342 214
272 278 271 287 270 280 343 215
281 287 272 288 279 289 344 216
282 280 273 289 272 290 345 217
283 281 274 290 273 291 346 218
284 282 275 291 274 292 347 219
285 283 276 292 275 293 348 220
286 284 277 293 276 294 349 221
287 285 278 294 277 295 350 222
280 286 279 295 278 288 351 223
289 295 280 296 287 297 352 224
290 288 281 297 280 298 353 225
291 289 282 298 281 299 354 226
292 290 283 299 282 300 355 227
293 291 284 300 283 301 356 228
294 292 285 301 284 302 357 229
295 293 286 302 285 303 358 230
288 294 287 303 286 296 359 231
297 303 288 304 295 305 360 232
298 296 289 305 288 306 361 233
299 297 290 306 289 307 362 234
300 298 291 307 290 308 363 235
301 299 292 308 291 309 364 236
302 300 293 309 292 310 365 237
303 301 294 310 293 311 366 238
296 302 295 311 294 304 367 239
305 311 296 312 303 313 368 240
306 304 297 313 296 314 369 241
307 305 298 314 297 315 370 242
308 306 299 315 298 316 371 243
309 307 300 316 299 317 372 244
310 308 301 317 300 318 373 245
311 309 302 318 301 319 374 246
304 310 303 319 302 312 375 247
313 319 304 256 311 257 376 248
314 312 305 257 304 258 377 249
315 313 306 258 305 259 378 250
316 314 307 259 306 260 379 251
317 315 308 260 307 261 380 252
318 316 309 261 308 262 381 253
319 317 310 262 309 263 382 254
312 318 311 263 310 256 383 255
321 327 376 328 383 329 384 256
322 320 377 329 376 330 385 257
323 321 378 330 377 331 386 258
324 322 379 331 378 332 387 259
325 323 380 332 379 333 388 260
326 324 381 333 380 334 389 261
327 325 382 334 381 335 390 262
320 326 383 335 382 328 391 263
329 335 320 336 327 337 392 264
330 328 321 337 320 338 393 265
331 329 322 338 321 339 394 266
332 330 323 339 322 340 395 267
333 331 324 340 323 341 396 268
334 332 325 341 324 342 397 269
335 333 326 342 325 343 398 270
328 334 327 343 326 336 399 271
337 343 328 344 335 345 400 272
338 336 329 345 328 346 401 273
339 337 330 346 329 347 402 274
340 338 331 347 330 348 403 275
341 339 332 348 331 349 404 276
342 340 333 349 332 350 405 277
343 341 334 350 333 351 406 278
336 342 335 351 334 344 407 279
345 351 336 352 343 353 408 280
346 344 337 353 336 354 409 281
347 345 338 354 337 355 410 282
348 346 339 355 338 356 411 283
349 347 340 356 339 357 412 284
350 348 341 357 340 358 413 285
351 349 342 358 341 359 414 286
344 350 343 359 342 352 415 287
353 359 344 360 351 361 416 288
354 352 345 361 344 362 417 289
355 353 346 362 345 363 418 290
356 354 347 363 346 364 419 291
357 355 348 364 347 365 420 292
358 356 349 365 348 366 421 293
359 357 350 366 349 367 422 294
352 358 351 367 350 360 423 295
361 367 352 368 359 369 424 296
362 360 353 369 352 370 425 297
363 361 354 370 353 371 426 298
364 362 355 371 354 372 427 299
365 363 356 372 355 373 428 300
366 364 357 373 356 374 429 301
367 365 358 374 357 375 430 302
360 366 359 375 358 368 431 303
369 375 360 376 367 377 432 304
370 368 361 377 360 378 433 305
371 369 362 378 361 379 434 306
372 370 363 379 362 380 435 307
373 371 364 380 363 381 436 308
374 372 365 381 364 382 437 309
375 373 366 382 365 383 438 310
368 374 367 383 366 376 439 311
377 383 368 320 375 321 440 312
378 376 369 321 368 322 441 313
379 377 370 322 369 323 442 314
380 378 371 323 370 324 443 315
381 379 372 324 371 325 444 316
382 380 373 325 372 326 445 317
383 381 374 326 373 327 446 318
376 382 375 327 374 320 447 319
385 391 440 392 447 393 448 320
386 384 441 393 440 394 449 321
387 385 442 394 441 395 450 322
388 386 443 395 442 396 451 323
389 387 444 396 443 397 452 324
390 388 445 397 444 398 453 325
391 389 446 398 445 399 454 326
384 390 447 399 446 392 455 327
393 399 384 400 391 401 456 328
394 392 385 401 384 402 457 329
395 393 386 402 385 403 458 330
396 394 387 403 386 404 459 331
397 395 388 404 387 405 460 332
398 396 389 405 388 406 461 333
399 397 390 406 389 407 462 334
392 398 391 407 390 400 463 335
401 407 392 408 399 409 464 336
402 400 393 409 392 410 465 337
403 401 394 410 393 411 466 338
404 402 395 411 394 412 467 339
405 403 396 412 395 413 468 340
406 404 397 413 396 414 469 341
407 405 398 414 397 415 470 342
400 406 399 415 398 408 471 343
409 415 400 416 407 417 472 344
410 408 401 417 400 418 473 345
411 409 402 418 401 419 474 346
412 410 403 419 402 420 475 347
413 411 404 420 403 421 476 348
414 412 405 421 404 422 477 349
415 413 406 422 405 423 478 350
408 414 407 423 406 416 479 351
417 423 408 424 415 425 480 352
418 416 409 425 408 426 481 353
419 417 410 426 409 427 482 354
420 418 411 427 410 428 483 355
421 419 412 428 411 429 484 356
422 420 413 429 412 430 485 357
423 421 414 430 413 431 486 358
416 422 415 431 414 424 487 359
425 431 416 432 423 433 488 360
426 424 417 433 416 434 489 361
427 425 418 434 417 435 490 362
428 426 419 435 418 436 491 363
429 427 420 436 419 437 492 364
430 428 421 437 420 438 493 365
431 429 422 438 421 439 494 366
424 430 423 439 422 432 495 367
433 439 424 440 431 441 496 368
434 432 425 441 424 442 497 369
435 433 426 442 425 443 498 370
436 434 427 443 426 444 499 371
437 435 428 444 427 445 500 372
438 436 429 445 428 446 501 373
439 437 430 446 429 447 502 374
432 438 431 447 430 440 503 375
441 447 432 384 439 385 504 376
442 440 433 385 432 386 505 377
443 441 434 386 433 387 506 378
444 442 435 387 434 388 507 379
445 443 436 388 435 389 508 380
446 444 437 389 436 390 509 381
447 445 438 390 437 391 510 382
440 446 439 391 438 384 511 383
449 455 504 456 511 457 0 384
450 448 505 457 504 458 1 385
451 449 506 458 505 459 2 386
452 450 507 459 506 460 3 387
453 451 508 460 507 461 4 388
454 452 509 461 508 462 5 389
455 453 510 462 509 463 6 390
448 454 511 463 510 456 7 391
457 463 448 464 455 465 8 392
458 456 449 465 448 466 9 393
459 457 450 466 449 467 10 394
460 458 451 467 450 468 11 395
461 459 452 468 451 469 12 396
462 460 453 469 452 470 13 397
463 461 454 470 453 471 14 398
456 462 455 471 454 464 15 399
465 471 456 472 463 473 16 400
466 464 457 473 456 474 17 401
467 465 458 474 457 475 18 402
468 466 459 475 458 476 19 403
469 467 460 476 459 477 20 404
470 468 461 477 460 478 21 405
471 469 462 478 461 479 22 406
464 470 463 479 462 472 23 407
473 479 464 480 471 481 24 408
474 472 465 481 464 482 25 409
475 473 466 482 465 483 26 410
476 474 467 483 466 484 27 411
477 475 468 484 467 485 28 412
478 476 469 485 468 486 29 413
479 477 470 486 469 487 30 414
472 478 471 487 470 480 31 415
481 487 472 488 479 489 32 416
482 480 473 489 472 490 33 417
483 481 474 490 473 491 34 418
484 482 475 491 474 492 35 419
485 483 476 492 475 493 36 420
486 484 477 493 476 494 37 421
487 485 478 494 477 495 38 422
480 486 479 495 478 488 39 423
489 495 480 496 487 497 40 424
490 488 481 497 480 498 41 425
491 489 482 498 481 499 42 426
492 490 483 499 482 500 43 427
493 491 484 500 483 501 44 428
494 492 485 501 484 502 45 429
495 493 486 502 485 503 46 430
488 494 487 503 486 496 47 431
497 503 488 504 495 505 48 432
498 496 489 505 488 506 49 433
499 497 490 506 489 507 50 434
500 498 491 507 490 508 51 435
501 499 492 508 491 509 52 436
502 500 493 509 492 510 53 437
503 501 494 510 493 511 54 438
496 502 495 511 494 504 55 439
505 511 496 448 503 449 56 440
506 504 497 449 496 450 57 441
507 505 498 450 497 451 58 442
508 506 499 451 498 452 59 443
509 507 500 452 499 453 60 444
510 508 501 453 500 454 61 445
511 509 502 454 501 455 62 446
504 510 503 455 502 448 63 447
