66 41 71 36 426 401 431 396
67 36 66 37 427 396 426 397
68 37 67 38 428 397 427 398
69 38 68 39 429 398 428 399
70 39 69 40 430 399 429 400
71 40 70 41 431 400 430 401
36 47 41 42 396 407 401 402
37 42 36 43 397 402 396 403
38 43 37 44 398 403 397 404
39 44 38 45 399 404 398 405
40 45 39 46 400 405 399 406
41 46 40 47 401 406 400 407
42 53 47 48 402 413 407 408
43 48 42 49 403 408 402 409
44 49 43 50 404 409 403 410
45 50 44 51 405 410 404 411
46 51 45 52 406 411 405 412
47 52 46 53 407 412 406 413
48 59 53 54 408 419 413 414
49 54 48 55 409 414 408 415
50 55 49 56 410 415 409 416
51 56 50 57 411 416 410 417
52 57 51 58 412 417 411 418
53 58 52 59 413 418 412 419
54 65 59 60 414 425 419 420
55 60 54 61 415 420 414 421
56 61 55 62 416 421 415 422
57 62 56 63 417 422 416 423
58 63 57 64 418 423 417 424
59 64 58 65 419 424 418 425
60 71 65 66 420 431 425 426
61 66 60 67 421 426 420 427
62 67 61 68 422 427 421 428
63 68 62 69 423 428 422 429
64 69 63 70 424 429 423 430
65 70 64 71 425 430 424 431
73 78 72 79 1 6 0 7
74 79 73 80 2 7 1 8
75 80 74 81 3 8 2 9
76 81 75 82 4 9 3 10
77 82 76 83 5 10 4 11
72 83 77 78 0 11 5 6
79 84 78 85 7 12 6 13
80 85 79 86 8 13 7 14
81 86 80 87 9 14 8 15
82 87 81 88 10 15 9 16
83 88 82 89 11 16 10 17
78 89 83 84 6 17 11 12
85 90 84 91 13 18 12 19
86 91 85 92 14 19 13 20
87 92 86 93 15 20 14 21
88 93 87 94 16 21 15 22
89 94 88 95 17 22 16 23
84 95 89 90 12 23 17 18
91 96 90 97 19 24 18 25
92 97 91 98 20 25 19 26
93 98 92 99 21 26 20 27
94 99 93 100 22 27 21 28
95 100 94 101 23 28 22 29
90 101 95 96 18 29 23 24
97 102 96 103 25 30 24 31
98 103 97 104 26 31 25 32
99 104 98 105 27 32 26 33
100 105 99 106 28 33 27 34
101 106 100 107 29 34 28 35
96 107 101 102 24 35 29 30
103 72 102 73 31 0 30 1
104 73 103 74 32 1 31 2
105 74 104 75 33 2 32 3
106 75 105 76 34 3 33 4
107 76 106 77 35 4 34 5
102 77 107 72 30 5 35 0
138 113 143 108 66 41 71 36
139 108 138 109 67 36 66 37
140 109 139 110 68 37 67 38
141 110 140 111 69 38 68 39
142 111 141 112 70 39 69 40
143 112 142 113 71 40 70 41
108 119 113 114 36 47 41 42
109 114 108 115 37 42 36 43
110 115 109 116 38 43 37 44
111 116 110 117 39 44 38 45
112 117 111 118 40 45 39 46
113 118 112 119 41 46 40 47
114 125 119 120 42 53 47 48
115 120 114 121 43 48 42 49
116 121 115 122 44 49 43 50
117 122 116 123 45 50 44 51
118 123 117 124 46 51 45 52
119 124 118 125 47 52 46 53
120 131 125 126 48 59 53 54
121 126 120 127 49 54 48 55
122 127 121 128 50 55 49 56
123 128 122 129 51 56 50 57
124 129 123 130 52 57 51 58
125 130 124 131 53 58 52 59
126 137 131 132 54 65 59 60
127 132 126 133 55 60 54 61
128 133 127 134 56 61 55 62
129 134 128 135 57 62 56 63
130 135 129 136 58 63 57 64
131 136 130 137 59 64 58 65
132 143 137 138 60 71 65 66
133 138 132 139 61 66 60 67
134 139 133 140 62 67 61 68
135 140 134 141 63 68 62 69
136 141 135 142 64 69 63 70
137 142 136 143 65 70 64 71
145 150 144 151 73 78 72 79
146 151 145 152 74 79 73 80
147 152 146 153 75 80 74 81
148 153 147 154 76 81 75 82
149 154 148 155 77 82 76 83
144 155 149 150 72 83 77 78
151 156 150 157 79 84 78 85
152 157 151 158 80 85 79 86
153 158 152 159 81 86 80 87
154 159 153 160 82 87 81 88
155 160 154 161 83 88 82 89
150 161 155 156 78 89 83 84
157 162 156 163 85 90 84 91
158 163 157 164 86 91 85 92
159 164 158 165 87 92 86 93
160 165 159 166 88 93 87 94
161 166 160 167 89 94 88 95
156 167 161 162 84 95 89 90
163 168 162 169 91 96 90 97
164 169 163 170 92 97 91 98
165 170 164 171 93 98 92 99
166 171 165 172 94 99 93 100
167 172 166 173 95 100 94 101
162 173 167 168 90 101 95 96
169 174 168 175 97 102 96 103
170 175 169 176 98 103 97 104
171 176 170 177 99 104 98 105
172 177 171 178 100 105 99 106
173 178 172 179 101 106 100 107
168 179 173 174 96 107 101 102
175 144 174 145 103 72 102 73
176 145 175 146 104 73 103 74
177 146 176 147 105 74 104 75
178 147 177 148 106 75 105 76
179 148 178 149 107 76 106 77
174 149 179 144 102 77 107 72
210 185 215 180 138 113 143 108
211 180 210 181 139 108 138 109
212 181 211 182 140 109 139 110
213 182 212 183 141 110 140 111
214 183 213 184 142 111 141 112
215 184 214 185 143 112 142 113
180 191 185 186 108 119 113 114
181 186 180 187 109 114 108 115
182 187 181 188 110 115 109 116
183 188 182 189 111 116 110 117
184 189 183 190 112 117 111 118
185 190 184 191 113 118 112 119
186 197 191 192 114 125 119 120
187 192 186 193 115 120 114 121
188 193 187 194 116 121 115 122
189 194 188 195 117 122 116 123
190 195 189 196 118 123 117 124
191 196 190 197 119 124 118 125
192 203 197 198 120 131 125 126
193 198 192 199 121 126 120 127
194 199 193 200 122 127 121 128
195 200 194 201 123 128 122 129
196 201 195 202 124 129 123 130
197 202 196 203 125 130 124 131
198 209 203 204 126 137 131 132
199 204 198 205 127 132 126 133
200 205 199 206 128 133 127 134
201 206 200 207 129 134 128 135
202 207 201 208 130 135 129 136
203 208 202 209 131 136 130 137
204 215 209 210 132 143 137 138
205 210 204 211 133 138 132 139
206 211 205 212 134 139 133 140
207 212 206 213 135 140 134 141
208 213 207 214 136 141 135 142
209 214 208 215 137 142 136 143
217 222 216 223 145 150 144 151
218 223 217 224 146 151 145 152
219 224 218 225 147 152 146 153
220 225 219 226 148 153 147 154
221 226 220 227 149 154 148 155
216 227 221 222 144 155 149 150
223 228 222 229 151 156 150 157
224 229 223 230 152 157 151 158
225 230 224 231 153 158 152 159
226 231 225 232 154 159 153 160
227 232 226 233 155 160 154 161
222 233 227 228 150 161 155 156
229 234 228 235 157 162 156 163
230 235 229 236 158 163 157 164
231 236 230 237 159 164 158 165
232 237 231 238 160 165 159 166
233 238 232 239 161 166 160 167
228 239 233 234 156 167 161 162
235 240 234 241 163 168 162 169
236 241 235 242 164 169 163 170
237 242 236 243 165 170 164 171
238 243 237 244 166 171 165 172
239 244 238 245 167 172 166 173
234 245 239 240 162 173 167 168
241 246 240 247 169 174 168 175
242 247 241 248 170 175 169 176
243 248 242 249 171 176 170 177
244 249 243 250 172 177 171 178
245 250 244 251 173 178 172 179
240 251 245 246 168 179 173 174
247 216 246 217 175 144 174 145
248 217 247 218 176 145 175 146
249 218 248 219 177 146 176 147
250 219 249 220 178 147 177 148
251 220 250 221 179 148 178 149
246 221 251 216 174 149 179 144
282 257 287 252 210 185 215 180
283 252 282 253 211 180 210 181
284 253 283 254 212 181 211 182
285 254 284 255 213 182 212 183
286 255 285 256 214 183 213 184
287 256 286 257 215 184 214 185
252 263 257 258 180 191 185 186
253 258 252 259 181 186 180 187
254 259 253 260 182 187 181 188
255 260 254 261 183 188 182 189
256 261 255 262 184 189 183 190
257 262 256 263 185 190 184 191
258 269 263 264 186 197 191 192
259 264 258 265 187 192 186 193
260 265 259 266 188 193 187 194
261 266 260 267 189 194 188 195
262 267 261 268 190 195 189 196
263 268 262 269 191 196 190 197
264 275 269 270 192 203 197 198
265 270 264 271 193 198 192 199
266 271 265 272 194 199 193 200
267 272 266 273 195 200 194 201
268 273 267 274 196 201 195 202
269 274 268 275 197 202 196 203
270 281 275 276 198 209 203 204
271 276 270 277 199 204 198 205
272 277 271 278 200 205 199 206
273 278 272 279 201 206 200 207
274 279 273 280 202 207 201 208
275 280 274 281 203 208 202 209
276 287 281 282 204 215 209 210
277 282 276 283 205 210 204 211
278 283 277 284 206 211 205 212
279 284 278 285 207 212 206 213
280 285 279 286 208 213 207 214
281 286 280 287 209 214 208 215
289 294 288 295 217 222 216 223
290 295 289 296 218 223 217 224
291 296 290 297 219 224 218 225
292 297 291 298 220 225 219 226
293 298 292 299 221 226 220 227
288 299 293 294 216 227 221 222
295 300 294 301 223 228 222 229
296 301 295 302 224 229 223 230
297 302 296 303 225 230 224 231
298 303 297 304 226 231 225 232
299 304 298 305 227 232 226 233
294 305 299 300 222 233 227 228
301 306 300 307 229 234 228 235
302 307 301 308 230 235 229 236
303 308 302 309 231 236 230 237
304 309 303 310 232 237 231 238
305 310 304 311 233 238 232 239
300 311 305 306 228 239 233 234
307 312 306 313 235 240 234 241
308 313 307 314 236 241 235 242
309 314 308 315 237 242 236 243
310 315 309 316 238 243 237 244
311 316 310 317 239 244 238 245
306 317 311 312 234 245 239 240
313 318 312 319 241 246 240 247
314 319 313 320 242 247 241 248
315 320 314 321 243 248 242 249
316 321 315 322 244 249 243 250
317 322 316 323 245 250 244 251
312 323 317 318 240 251 245 246
319 288 318 289 247 216 246 217
320 289 319 290 248 217 247 218
321 290 320 291 249 218 248 219
322 291 321 292 250 219 249 220
323 292 322 293 251 220 250 221
318 293 323 288 246 221 251 216
354 329 359 324 282 257 287 252
355 324 354 325 283 252 282 253
356 325 355 326 284 253 283 254
357 326 356 327 285 254 284 255
358 327 357 328 286 255 285 256
359 328 358 329 287 256 286 257
324 335 329 330 252 263 257 258
325 330 324 331 253 258 252 259
326 331 325 332 254 259 253 260
327 332 326 333 255 260 254 261
328 333 327 334 256 261 255 262
329 334 328 335 257 262 256 263
330 341 335 336 258 269 263 264
331 336 330 337 259 264 258 265
332 337 331 338 260 265 259 266
333 338 332 339 261 266 260 267
334 339 333 340 262 267 261 268
335 340 334 341 263 268 262 269
336 347 341 342 264 275 269 270
337 342 336 343 265 270 264 271
338 343 337 344 266 271 265 272
339 344 338 345 267 272 266 273
340 345 339 346 268 273 267 274
341 346 340 347 269 274 268 275
342 353 347 348 270 281 275 276
343 348 342 349 271 276 270 277
344 349 343 350 272 277 271 278
345 350 344 351 273 278 272 279
346 351 345 352 274 279 273 280
347 352 346 353 275 280 274 281
348 359 353 354 276 287 281 282
349 354 348 355 277 282 276 283
350 355 349 356 278 283 277 284
351 356 350 357 279 284 278 285
352 357 351 358 280 285 279 286
353 358 352 359 281 286 280 287
361 366 360 367 289 294 288 295
362 367 361 368 290 295 289 296
363 368 362 369 291 296 290 297
364 369 363 370 292 297 291 298
365 370 364 371 293 298 292 299
360 371 365 366 288 299 293 294
367 372 366 373 295 300 294 301
368 373 367 374 296 301 295 302
369 374 368 375 297 302 296 303
370 375 369 376 298 303 297 304
371 376 370 377 299 304 298 305
366 377 371 372 294 305 299 300
373 378 372 379 301 306 300 307
374 379 373 380 302 307 301 308
375 380 374 381 303 308 302 309
376 381 375 382 304 309 303 310
377 382 376 383 305 310 304 311
372 383 377 378 300 311 305 306
379 384 378 385 307 312 306 313
380 385 379 386 308 313 307 314
381 386 380 387 309 314 308 315
382 387 381 388 310 315 309 316
383 388 382 389 311 316 310 317
378 389 383 384 306 317 311 312
385 390 384 391 313 318 312 319
386 391 385 392 314 319 313 320
387 392 386 393 315 320 314 321
388 393 387 394 316 321 315 322
389 394 388 395 317 322 316 323
384 395 389 390 312 323 317 318
391 360 390 361 319 288 318 289
392 361 391 362 320 289 319 290
393 362 392 363 321 290 320 291
394 363 393 364 322 291 321 292
395 364 394 365 323 292 322 293
390 365 395 360 318 293 323 288
426 401 431 396 354 329 359 324
427 396 426 397 355 324 354 325
428 397 427 398 356 325 355 326
429 398 428 399 357 326 356 327
430 399 429 400 358 327 357 328
431 400 430 401 359 328 358 329
396 407 401 402 324 335 329 330
397 402 396 403 325 330 324 331
398 403 397 404 326 331 325 332
399 404 398 405 327 332 326 333
400 405 399 406 328 333 327 334
401 406 400 407 329 334 328 335
402 413 407 408 330 341 335 336
403 408 402 409 331 336 330 337
404 409 403 410 332 337 331 338
405 410 404 411 333 338 332 339
406 411 405 412 334 339 333 340
407 412 406 413 335 340 334 341
408 419 413 414 336 347 341 342
409 414 408 415 337 342 336 343
410 415 409 416 338 343 337 344
411 416 410 417 339 344 338 345
412 417 411 418 340 345 339 346
413 418 412 419 341 346 340 347
414 425 419 420 342 353 347 348
415 420 414 421 343 348 342 349
416 421 415 422 344 349 343 350
417 422 416 423 345 350 344 351
418 423 417 424 346 351 345 352
419 424 418 425 347 352 346 353
420 431 425 426 348 359 353 354
421 426 420 427 349 354 348 355
422 427 421 428 350 355 349 356
423 428 422 429 351 356 350 357
424 429 423 430 352 357 351 358
425 430 424 431 353 358 352 359
1 6 0 7 361 366 360 367
2 7 1 8 362 367 361 368
3 8 2 9 363 368 362 369
4 9 3 10 364 369 363 370
5 10 4 11 365 370 364 371
0 11 5 6 360 371 365 366
7 12 6 13 367 372 366 373
8 13 7 14 368 373 367 374
9 14 8 15 369 374 368 375
10 15 9 16 370 375 369 376
11 16 10 17 371 376 370 377
6 17 11 12 366 377 371 372
13 18 12 19 373 378 372 379
14 19 13 20 374 379 373 380
15 20 14 21 375 380 374 381
16 21 15 22 376 381 375 382
17 22 16 23 377 382 376 383
12 23 17 18 372 383 377 378
19 24 18 25 379 384 378 385
20 25 19 26 380 385 379 386
21 26 20 27 381 386 380 387
22 27 21 28 382 387 381 388
23 28 22 29 383 388 382 389
18 29 23 24 378 389 383 384
25 30 24 31 385 390 384 391
26 31 25 32 386 391 385 392
27 32 26 33 387 392 386 393
28 33 27 34 388 393 387 394
29 34 28 35 389 394 388 395
24 35 29 30 384 395 389 390
31 0 30 1 391 360 390 361
32 1 31 2 392 361 391 362
33 2 32 3 393 362 392 363
34 3 33 4 394 363 393 364
35 4 34 5 395 364 394 365
30 5 35 0 390 365 395 360
