15 11 17 9 51 47 53 45
16 9 15 10 52 45 51 46
17 10 16 11 53 46 52 47
9 14 11 12 45 50 47 48
10 12 9 13 46 48 45 49
11 13 10 14 47 49 46 50
12 17 14 15 48 53 50 51
13 15 12 16 49 51 48 52
14 16 13 17 50 52 49 53
19 21 18 22 1 3 0 4
20 22 19 23 2 4 1 5
18 23 20 21 0 5 2 3
22 24 21 25 4 6 3 7
23 25 22 26 5 7 4 8
21 26 23 24 3 8 5 6
25 18 24 19 7 0 6 1
26 19 25 20 8 1 7 2
24 20 26 18 6 2 8 0
33 29 35 27 15 11 17 9
34 27 33 28 16 9 15 10
35 28 34 29 17 10 16 11
27 32 29 30 9 14 11 12
28 30 27 31 10 12 9 13
29 31 28 32 11 13 10 14
30 35 32 33 12 17 14 15
31 33 30 34 13 15 12 16
32 34 31 35 14 16 13 17
37 39 36 40 19 21 18 22
38 40 37 41 20 22 19 23
36 41 38 39 18 23 20 21
40 42 39 43 22 24 21 25
41 43 40 44 23 25 22 26
39 44 41 42 21 26 23 24
43 36 42 37 25 18 24 19
44 37 43 38 26 19 25 20
42 38 44 36 24 20 26 18
51 47 53 45 33 29 35 27
52 45 51 46 34 27 33 28
53 46 52 47 35 28 34 29
45 50 47 48 27 32 29 30
46 48 45 49 28 30 27 31
47 49 46 50 29 31 28 32
48 53 50 51 30 35 32 33
49 51 48 52 31 33 30 34
50 52 49 53 32 34 31 35
1 3 0 4 37 39 36 40
2 4 1 5 38 40 37 41
0 5 2 3 36 41 38 39
4 6 3 7 40 42 39 43
5 7 4 8 41 43 40 44
3 8 5 6 39 44 41 42
7 0 6 1 43 36 42 37
8 1 7 2 44 37 43 38
6 2 8 0 42 38 44 36
