1 3 12 4 15 5 28 124 31 127 16 112
2 0 13 5 12 6 29 125 28 124 17 113
3 1 14 6 13 7 30 126 29 125 18 114
0 2 15 7 14 4 31 127 30 126 19 115
5 7 0 8 3 9 16 112 19 115 20 116
6 4 1 9 0 10 17 113 16 112 21 117
7 5 2 10 1 11 18 114 17 113 22 118
4 6 3 11 2 8 19 115 18 114 23 119
9 11 4 12 7 13 20 116 23 119 24 120
10 8 5 13 4 14 21 117 20 116 25 121
11 9 6 14 5 15 22 118 21 117 26 122
8 10 7 15 6 12 23 119 22 118 27 123
13 15 8 0 11 1 24 120 27 123 28 124
14 12 9 1 8 2 25 121 24 120 29 125
15 13 10 2 9 3 26 122 25 121 30 126
12 14 11 3 10 0 27 123 26 122 31 127
17 19 28 20 31 21 36 4 37 5 32 0
18 16 29 21 28 22 37 5 38 6 33 1
19 17 30 22 29 23 38 6 39 7 34 2
16 18 31 23 30 20 39 7 36 4 35 3
21 23 16 24 19 25 40 8 41 9 36 4
22 20 17 25 16 26 41 9 42 10 37 5
23 21 18 26 17 27 42 10 43 11 38 6
20 22 19 27 18 24 43 11 40 8 39 7
25 27 20 28 23 29 44 12 45 13 40 8
26 24 21 29 20 30 45 13 46 14 41 9
27 25 22 30 21 31 46 14 47 15 42 10
24 26 23 31 22 28 47 15 44 12 43 11
29 31 24 16 27 17 32 0 33 1 44 12
30 28 25 17 24 18 33 1 34 2 45 13
31 29 26 18 25 19 34 2 35 3 46 14
28 30 27 19 26 16 35 3 32 0 47 15
33 35 44 36 47 37 60 28 63 31 48 16
34 32 45 37 44 38 61 29 60 28 49 17
35 33 46 38 45 39 62 30 61 29 50 18
32 34 47 39 46 36 63 31 62 30 51 19
37 39 32 40 35 41 48 16 51 19 52 20
38 36 33 41 32 42 49 17 48 16 53 21
39 37 34 42 33 43 50 18 49 17 54 22
36 38 35 43 34 40 51 19 50 18 55 23
41 43 36 44 39 45 52 20 55 23 56 24
42 40 37 45 36 46 53 21 52 20 57 25
43 41 38 46 37 47 54 22 53 21 58 26
40 42 39 47 38 44 55 23 54 22 59 27
45 47 40 32 43 33 56 24 59 27 60 28
46 44 41 33 40 34 57 25 56 24 61 29
47 45 42 34 41 35 58 26 57 25 62 30
44 46 43 35 42 32 59 27 58 26 63 31
49 51 60 52 63 53 68 36 69 37 64 32
50 48 61 53 60 54 69 37 70 38 65 33
51 49 62 54 61 55 70 38 71 39 66 34
48 50 63 55 62 52 71 39 68 36 67 35
53 55 48 56 51 57 72 40 73 41 68 36
54 52 49 57 48 58 73 41 74 42 69 37
55 53 50 58 49 59 74 42 75 43 70 38
52 54 51 59 50 56 75 43 72 40 71 39
57 59 52 60 55 61 76 44 77 45 72 40
58 56 53 61 52 62 77 45 78 46 73 41
59 57 54 62 53 63 78 46 79 47 74 42
56 58 55 63 54 60 79 47 76 44 75 43
61 63 56 48 59 49 64 32 65 33 76 44
62 60 57 49 56 50 65 33 66 34 77 45
63 61 58 50 57 51 66 34 67 35 78 46
60 62 59 51 58 48 67 35 64 32 79 47
65 67 76 68 79 69 92 60 95 63 80 48
66 64 77 69 76 70 93 61 92 60 81 49
67 65 78 70 77 71 94 62 93 61 82 50
64 66 79 71 78 68 95 63 94 62 83 51
69 71 64 72 67 73 80 48 83 51 84 52
70 68 65 73 64 74 81 49 80 48 85 53
71 69 66 74 65 75 82 50 81 49 86 54
68 70 67 75 66 72 83 51 82 50 87 55
73 75 68 76 71 77 84 52 87 55 88 56
74 72 69 77 68 78 85 53 84 52 89 57
75 73 70 78 69 79 86 54 85 53 90 58
72 74 71 79 70 76 87 55 86 54 91 59
77 79 72 64 75 65 88 56 91 59 92 60
78 76 73 65 72 66 89 57 88 56 93 61
79 77 74 66 73 67 90 58 89 57 94 62
76 78 75 67 74 64 91 59 90 58 95 63
81 83 92 84 95 85 100 68 101 69 96 64
82 80 93 85 92 86 101 69 102 70 97 65
83 81 94 86 93 87 102 70 103 71 98 66
80 82 95 87 94 84 103 71 100 68 99 67
85 87 80 88 83 89 104 72 105 73 100 68
86 84 81 89 80 90 105 73 106 74 101 69
87 85 82 90 81 91 106 74 107 75 102 70
84 86 83 91 82 88 107 75 104 72 103 71
89 91 84 92 87 93 108 76 109 77 104 72
90 88 85 93 84 94 109 77 110 78 105 73
91 89 86 94 85 95 110 78 111 79 106 74
88 90 87 95 86 92 111 79 108 76 107 75
93 95 88 80 91 81 96 64 97 65 108 76
94 92 89 81 88 82 97 65 98 66 109 77
95 93 90 82 89 83 98 66 99 67 110 78
92 94 91 83 90 80 99 67 96 64 111 79
97 99 108 100 111 101 124 92 127 95 112 80
98 96 109 101 108 102 125 93 124 92 113 81
99 97 110 102 109 103 126 94 125 93 114 82
96 98 111 103 110 100 127 95 126 94 115 83
101 103 96 104 99 105 112 80 115 83 116 84
102 100 97 105 96 106 113 81 112 80 117 85
103 101 98 106 97 107 114 82 113 81 118 86
100 102 99 107 98 104 115 83 114 82 119 87
105 107 100 108 103 109 116 84 119 87 120 88
106 104 101 109 100 110 117 85 116 84 121 89
107 105 102 110 101 111 118 86 117 85 122 90
104 106 103 111 102 108 119 87 118 86 123 91
109 111 104 96 107 97 120 88 123 91 124 92
110 108 105 97 104 98 121 89 120 88 125 93
111 109 106 98 105 99 122 90 121 89 126 94
108 110 107 99 106 96 123 91 122 90 127 95
113 115 124 116 127 117 4 100 5 101 0 96
114 112 125 117 124 118 5 101 6 102 1 97
115 113 126 118 125 119 6 102 7 103 2 98
112 114 127 119 126 116 7 103 4 100 3 99
117 119 112 120 115 121 8 104 9 105 4 100
118 116 113 121 112 122 9 105 10 106 5 101
119 117 114 122 113 123 10 106 11 107 6 102
116 118 115 123 114 120 11 107 8 104 7 103
121 123 116 124 119 125 12 108 13 109 8 104
122 120 117 125 116 126 13 109 14 110 9 105
123 121 118 126 117 127 14 110 15 111 10 106
120 122 119 127 118 124 15 111 12 108 11 107
125 127 120 112 123 113 0 96 1 97 12 108
126 124 121 113 120 114 1 97 2 98 13 109
127 125 122 114 121 115 2 98 3 99 14 110
124 126 123 115 122 112 3 99 0 96 15 111
