91 55 97 49 679 643 685 637
92 49 91 50 680 637 679 638
93 50 92 51 681 638 680 639
94 51 93 52 682 639 681 640
95 52 94 53 683 640 682 641
96 53 95 54 684 641 683 642
97 54 96 55 685 642 684 643
49 62 55 56 637 650 643 644
50 56 49 57 638 644 637 645
51 57 50 58 639 645 638 646
52 58 51 59 640 646 639 647
53 59 52 60 641 647 640 648
54 60 53 61 642 648 641 649
55 61 54 62 643 649 642 650
56 69 62 63 644 657 650 651
57 63 56 64 645 651 644 652
58 64 57 65 646 652 645 653
59 65 58 66 647 653 646 654
60 66 59 67 648 654 647 655
61 67 60 68 649 655 648 656
62 68 61 69 650 656 649 657
63 76 69 70 651 664 657 658
64 70 63 71 652 658 651 659
65 71 64 72 653 659 652 660
66 72 65 73 654 660 653 661
67 73 66 74 655 661 654 662
68 74 67 75 656 662 655 663
69 75 68 76 657 663 656 664
70 83 76 77 658 671 664 665
71 77 70 78 659 665 658 666
72 78 71 79 660 666 659 667
73 79 72 80 661 667 660 668
74 80 73 81 662 668 661 669
75 81 74 82 663 669 662 670
76 82 75 83 664 670 663 671
77 90 83 84 665 678 671 672
78 84 77 85 666 672 665 673
79 85 78 86 667 673 666 674
80 86 79 87 668 674 667 675
81 87 80 88 669 675 668 676
82 88 81 89 670 676 669 677
83 89 82 90 671 677 670 678
84 97 90 91 672 685 678 679
85 91 84 92 673 679 672 680
86 92 85 93 674 680 673 681
87 93 86 94 675 681 674 682
88 94 87 95 676 682 675 683
89 95 88 96 677 683 676 684
90 96 89 97 678 684 677 685
99 105 98 106 1 7 0 8
100 106 99 107 2 8 1 9
101 107 100 108 3 9 2 10
102 108 101 109 4 10 3 11
103 109 102 110 5 11 4 12
104 110 103 111 6 12 5 13
98 111 104 105 0 13 6 7
106 112 105 113 8 14 7 15
107 113 106 114 9 15 8 16
108 114 107 115 10 16 9 17
109 115 108 116 11 17 10 18
110 116 109 117 12 18 11 19
111 117 110 118 13 19 12 20
105 118 111 112 7 20 13 14
113 119 112 120 15 21 14 22
114 120 113 121 16 22 15 23
115 121 114 122 17 23 16 24
116 122 115 123 18 24 17 25
117 123 116 124 19 25 18 26
118 124 117 125 20 26 19 27
112 125 118 119 14 27 20 21
120 126 119 127 22 28 21 29
121 127 120 128 23 29 22 30
122 128 121 129 24 30 23 31
123 129 122 130 25 31 24 32
124 130 123 131 26 32 25 33
125 131 124 132 27 33 26 34
119 132 125 126 21 34 27 28
127 133 126 134 29 35 28 36
128 134 127 135 30 36 29 37
129 135 128 136 31 37 30 38
130 136 129 137 32 38 31 39
131 137 130 138 33 39 32 40
132 138 131 139 34 40 33 41
126 139 132 133 28 41 34 35
134 140 133 141 36 42 35 43
135 141 134 142 37 43 36 44
136 142 135 143 38 44 37 45
137 143 136 144 39 45 38 46
138 144 137 145 40 46 39 47
139 145 138 146 41 47 40 48
133 146 139 140 35 48 41 42
141 98 140 99 43 0 42 1
142 99 141 100 44 1 43 2
143 100 142 101 45 2 44 3
144 101 143 102 46 3 45 4
145 102 144 103 47 4 46 5
146 103 145 104 48 5 47 6
140 104 146 98 42 6 48 0
189 153 195 147 91 55 97 49
190 147 189 148 92 49 91 50
191 148 190 149 93 50 92 51
192 149 191 150 94 51 93 52
193 150 192 151 95 52 94 53
194 151 193 152 96 53 95 54
195 152 194 153 97 54 96 55
147 160 153 154 49 62 55 56
148 154 147 155 50 56 49 57
149 155 148 156 51 57 50 58
150 156 149 157 52 58 51 59
151 157 150 158 53 59 52 60
152 158 151 159 54 60 53 61
153 159 152 160 55 61 54 62
154 167 160 161 56 69 62 63
155 161 154 162 57 63 56 64
156 162 155 163 58 64 57 65
157 163 156 164 59 65 58 66
158 164 157 165 60 66 59 67
159 165 158 166 61 67 60 68
160 166 159 167 62 68 61 69
161 174 167 168 63 76 69 70
162 168 161 169 64 70 63 71
163 169 162 170 65 71 64 72
164 170 163 171 66 72 65 73
165 171 164 172 67 73 66 74
166 172 165 173 68 74 67 75
167 173 166 174 69 75 68 76
168 181 174 175 70 83 76 77
169 175 168 176 71 77 70 78
170 176 169 177 72 78 71 79
171 177 170 178 73 79 72 80
172 178 171 179 74 80 73 81
173 179 172 180 75 81 74 82
174 180 173 181 76 82 75 83
175 188 181 182 77 90 83 84
176 182 175 183 78 84 77 85
177 183 176 184 79 85 78 86
178 184 177 185 80 86 79 87
179 185 178 186 81 87 80 88
180 186 179 187 82 88 81 89
181 187 180 188 83 89 82 90
182 195 188 189 84 97 90 91
183 189 182 190 85 91 84 92
184 190 183 191 86 92 85 93
185 191 184 192 87 93 86 94
186 192 185 193 88 94 87 95
187 193 186 194 89 95 88 96
188 194 187 195 90 96 89 97
197 203 196 204 99 105 98 106
198 204 197 205 100 106 99 107
199 205 198 206 101 107 100 108
200 206 199 207 102 108 101 109
201 207 200 208 103 109 102 110
202 208 201 209 104 110 103 111
196 209 202 203 98 111 104 105
204 210 203 211 106 112 105 113
205 211 204 212 107 113 106 114
206 212 205 213 108 114 107 115
207 213 206 214 109 115 108 116
208 214 207 215 110 116 109 117
209 215 208 216 111 117 110 118
203 216 209 210 105 118 111 112
211 217 210 218 113 119 112 120
212 218 211 219 114 120 113 121
213 219 212 220 115 121 114 122
214 220 213 221 116 122 115 123
215 221 214 222 117 123 116 124
216 222 215 223 118 124 117 125
210 223 216 217 112 125 118 119
218 224 217 225 120 126 119 127
219 225 218 226 121 127 120 128
220 226 219 227 122 128 121 129
221 227 220 228 123 129 122 130
222 228 221 229 124 130 123 131
223 229 222 230 125 131 124 132
217 230 223 224 119 132 125 126
225 231 224 232 127 133 126 134
226 232 225 233 128 134 127 135
227 233 226 234 129 135 128 136
228 234 227 235 130 136 129 137
229 235 228 236 131 137 130 138
230 236 229 237 132 138 131 139
224 237 230 231 126 139 132 133
232 238 231 239 134 140 133 141
233 239 232 240 135 141 134 142
234 240 233 241 136 142 135 143
235 241 234 242 137 143 136 144
236 242 235 243 138 144 137 145
237 243 236 244 139 145 138 146
231 244 237 238 133 146 139 140
239 196 238 197 141 98 140 99
240 197 239 198 142 99 141 100
241 198 240 199 143 100 142 101
242 199 241 200 144 101 143 102
243 200 242 201 145 102 144 103
244 201 243 202 146 103 145 104
238 202 244 196 140 104 146 98
287 251 293 245 189 153 195 147
288 245 287 246 190 147 189 148
289 246 288 247 191 148 190 149
290 247 289 248 192 149 191 150
291 248 290 249 193 150 192 151
292 249 291 250 194 151 193 152
293 250 292 251 195 152 194 153
245 258 251 252 147 160 153 154
246 252 245 253 148 154 147 155
247 253 246 254 149 155 148 156
248 254 247 255 150 156 149 157
249 255 248 256 151 157 150 158
250 256 249 257 152 158 151 159
251 257 250 258 153 159 152 160
252 265 258 259 154 167 160 161
253 259 252 260 155 161 154 162
254 260 253 261 156 162 155 163
255 261 254 262 157 163 156 164
256 262 255 263 158 164 157 165
257 263 256 264 159 165 158 166
258 264 257 265 160 166 159 167
259 272 265 266 161 174 167 168
260 266 259 267 162 168 161 169
261 267 260 268 163 169 162 170
262 268 261 269 164 170 163 171
263 269 262 270 165 171 164 172
264 270 263 271 166 172 165 173
265 271 264 272 167 173 166 174
266 279 272 273 168 181 174 175
267 273 266 274 169 175 168 176
268 274 267 275 170 176 169 177
269 275 268 276 171 177 170 178
270 276 269 277 172 178 171 179
271 277 270 278 173 179 172 180
272 278 271 279 174 180 173 181
273 286 279 280 175 188 181 182
274 280 273 281 176 182 175 183
275 281 274 282 177 183 176 184
276 282 275 283 178 184 177 185
277 283 276 284 179 185 178 186
278 284 277 285 180 186 179 187
279 285 278 286 181 187 180 188
280 293 286 287 182 195 188 189
281 287 280 288 183 189 182 190
282 288 281 289 184 190 183 191
283 289 282 290 185 191 184 192
284 290 283 291 186 192 185 193
285 291 284 292 187 193 186 194
286 292 285 293 188 194 187 195
295 301 294 302 197 203 196 204
296 302 295 303 198 204 197 205
297 303 296 304 199 205 198 206
298 304 297 305 200 206 199 207
299 305 298 306 201 207 200 208
300 306 299 307 202 208 201 209
294 307 300 301 196 209 202 203
302 308 301 309 204 210 203 211
303 309 302 310 205 211 204 212
304 310 303 311 206 212 205 213
305 311 304 312 207 213 206 214
306 312 305 313 208 214 207 215
307 313 306 314 209 215 208 216
301 314 307 308 203 216 209 210
309 315 308 316 211 217 210 218
310 316 309 317 212 218 211 219
311 317 310 318 213 219 212 220
312 318 311 319 214 220 213 221
313 319 312 320 215 221 214 222
314 320 313 321 216 222 215 223
308 321 314 315 210 223 216 217
316 322 315 323 218 224 217 225
317 323 316 324 219 225 218 226
318 324 317 325 220 226 219 227
319 325 318 326 221 227 220 228
320 326 319 327 222 228 221 229
321 327 320 328 223 229 222 230
315 328 321 322 217 230 223 224
323 329 322 330 225 231 224 232
324 330 323 331 226 232 225 233
325 331 324 332 227 233 226 234
326 332 325 333 228 234 227 235
327 333 326 334 229 235 228 236
328 334 327 335 230 236 229 237
322 335 328 329 224 237 230 231
330 336 329 337 232 238 231 239
331 337 330 338 233 239 232 240
332 338 331 339 234 240 233 241
333 339 332 340 235 241 234 242
334 340 333 341 236 242 235 243
335 341 334 342 237 243 236 244
329 342 335 336 231 244 237 238
337 294 336 295 239 196 238 197
338 295 337 296 240 197 239 198
339 296 338 297 241 198 240 199
340 297 339 298 242 199 241 200
341 298 340 299 243 200 242 201
342 299 341 300 244 201 243 202
336 300 342 294 238 202 244 196
385 349 391 343 287 251 293 245
386 343 385 344 288 245 287 246
387 344 386 345 289 246 288 247
388 345 387 346 290 247 289 248
389 346 388 347 291 248 290 249
390 347 389 348 292 249 291 250
391 348 390 349 293 250 292 251
343 356 349 350 245 258 251 252
344 350 343 351 246 252 245 253
345 351 344 352 247 253 246 254
346 352 345 353 248 254 247 255
347 353 346 354 249 255 248 256
348 354 347 355 250 256 249 257
349 355 348 356 251 257 250 258
350 363 356 357 252 265 258 259
351 357 350 358 253 259 252 260
352 358 351 359 254 260 253 261
353 359 352 360 255 261 254 262
354 360 353 361 256 262 255 263
355 361 354 362 257 263 256 264
356 362 355 363 258 264 257 265
357 370 363 364 259 272 265 266
358 364 357 365 260 266 259 267
359 365 358 366 261 267 260 268
360 366 359 367 262 268 261 269
361 367 360 368 263 269 262 270
362 368 361 369 264 270 263 271
363 369 362 370 265 271 264 272
364 377 370 371 266 279 272 273
365 371 364 372 267 273 266 274
366 372 365 373 268 274 267 275
367 373 366 374 269 275 268 276
368 374 367 375 270 276 269 277
369 375 368 376 271 277 270 278
370 376 369 377 272 278 271 279
371 384 377 378 273 286 279 280
372 378 371 379 274 280 273 281
373 379 372 380 275 281 274 282
374 380 373 381 276 282 275 283
375 381 374 382 277 283 276 284
376 382 375 383 278 284 277 285
377 383 376 384 279 285 278 286
378 391 384 385 280 293 286 287
379 385 378 386 281 287 280 288
380 386 379 387 282 288 281 289
381 387 380 388 283 289 282 290
382 388 381 389 284 290 283 291
383 389 382 390 285 291 284 292
384 390 383 391 286 292 285 293
393 399 392 400 295 301 294 302
394 400 393 401 296 302 295 303
395 401 394 402 297 303 296 304
396 402 395 403 298 304 297 305
397 403 396 404 299 305 298 306
398 404 397 405 300 306 299 307
392 405 398 399 294 307 300 301
400 406 399 407 302 308 301 309
401 407 400 408 303 309 302 310
402 408 401 409 304 310 303 311
403 409 402 410 305 311 304 312
404 410 403 411 306 312 305 313
405 411 404 412 307 313 306 314
399 412 405 406 301 314 307 308
407 413 406 414 309 315 308 316
408 414 407 415 310 316 309 317
409 415 408 416 311 317 310 318
410 416 409 417 312 318 311 319
411 417 410 418 313 319 312 320
412 418 411 419 314 320 313 321
406 419 412 413 308 321 314 315
414 420 413 421 316 322 315 323
415 421 414 422 317 323 316 324
416 422 415 423 318 324 317 325
417 423 416 424 319 325 318 326
418 424 417 425 320 326 319 327
419 425 418 426 321 327 320 328
413 426 419 420 315 328 321 322
421 427 420 428 323 329 322 330
422 428 421 429 324 330 323 331
423 429 422 430 325 331 324 332
424 430 423 431 326 332 325 333
425 431 424 432 327 333 326 334
426 432 425 433 328 334 327 335
420 433 426 427 322 335 328 329
428 434 427 435 330 336 329 337
429 435 428 436 331 337 330 338
430 436 429 437 332 338 331 339
431 437 430 438 333 339 332 340
432 438 431 439 334 340 333 341
433 439 432 440 335 341 334 342
427 440 433 434 329 342 335 336
435 392 434 393 337 294 336 295
436 393 435 394 338 295 337 296
437 394 436 395 339 296 338 297
438 395 437 396 340 297 339 298
439 396 438 397 341 298 340 299
440 397 439 398 342 299 341 300
434 398 440 392 336 300 342 294
483 447 489 441 385 349 391 343
484 441 483 442 386 343 385 344
485 442 484 443 387 344 386 345
486 443 485 444 388 345 387 346
487 444 486 445 389 346 388 347
488 445 487 446 390 347 389 348
489 446 488 447 391 348 390 349
441 454 447 448 343 356 349 350
442 448 441 449 344 350 343 351
443 449 442 450 345 351 344 352
444 450 443 451 346 352 345 353
445 451 444 452 347 353 346 354
446 452 445 453 348 354 347 355
447 453 446 454 349 355 348 356
448 461 454 455 350 363 356 357
449 455 448 456 351 357 350 358
450 456 449 457 352 358 351 359
451 457 450 458 353 359 352 360
452 458 451 459 354 360 353 361
453 459 452 460 355 361 354 362
454 460 453 461 356 362 355 363
455 468 461 462 357 370 363 364
456 462 455 463 358 364 357 365
457 463 456 464 359 365 358 366
458 464 457 465 360 366 359 367
459 465 458 466 361 367 360 368
460 466 459 467 362 368 361 369
461 467 460 468 363 369 362 370
462 475 468 469 364 377 370 371
463 469 462 470 365 371 364 372
464 470 463 471 366 372 365 373
465 471 464 472 367 373 366 374
466 472 465 473 368 374 367 375
467 473 466 474 369 375 368 376
468 474 467 475 370 376 369 377
469 482 475 476 371 384 377 378
470 476 469 477 372 378 371 379
471 477 470 478 373 379 372 380
472 478 471 479 374 380 373 381
473 479 472 480 375 381 374 382
474 480 473 481 376 382 375 383
475 481 474 482 377 383 376 384
476 489 482 483 378 391 384 385
477 483 476 484 379 385 378 386
478 484 477 485 380 386 379 387
479 485 478 486 381 387 380 388
480 486 479 487 382 388 381 389
481 487 480 488 383 389 382 390
482 488 481 489 384 390 383 391
491 497 490 498 393 399 392 400
492 498 491 499 394 400 393 401
493 499 492 500 395 401 394 402
494 500 493 501 396 402 395 403
495 501 494 502 397 403 396 404
496 502 495 503 398 404 397 405
490 503 496 497 392 405 398 399
498 504 497 505 400 406 399 407
499 505 498 506 401 407 400 408
500 506 499 507 402 408 401 409
501 507 500 508 403 409 402 410
502 508 501 509 404 410 403 411
503 509 502 510 405 411 404 412
497 510 503 504 399 412 405 406
505 511 504 512 407 413 406 414
506 512 505 513 408 414 407 415
507 513 506 514 409 415 408 416
508 514 507 515 410 416 409 417
509 515 508 516 411 417 410 418
510 516 509 517 412 418 411 419
504 517 510 511 406 419 412 413
512 518 511 519 414 420 413 421
513 519 512 520 415 421 414 422
514 520 513 521 416 422 415 423
515 521 514 522 417 423 416 424
516 522 515 523 418 424 417 425
517 523 516 524 419 425 418 426
511 524 517 518 413 426 419 420
519 525 518 526 421 427 420 428
520 526 519 527 422 428 421 429
521 527 520 528 423 429 422 430
522 528 521 529 424 430 423 431
523 529 522 530 425 431 424 432
524 530 523 531 426 432 425 433
518 531 524 525 420 433 426 427
526 532 525 533 428 434 427 435
527 533 526 534 429 435 428 436
528 534 527 535 430 436 429 437
529 535 528 536 431 437 430 438
530 536 529 537 432 438 431 439
531 537 530 538 433 439 432 440
525 538 531 532 427 440 433 434
533 490 532 491 435 392 434 393
534 491 533 492 436 393 435 394
535 492 534 493 437 394 436 395
536 493 535 494 438 395 437 396
537 494 536 495 439 396 438 397
538 495 537 496 440 397 439 398
532 496 538 490 434 398 440 392
581 545 587 539 483 447 489 441
582 539 581 540 484 441 483 442
583 540 582 541 485 442 484 443
584 541 583 542 486 443 485 444
585 542 584 543 487 444 486 445
586 543 585 544 488 445 487 446
587 544 586 545 489 446 488 447
539 552 545 546 441 454 447 448
540 546 539 547 442 448 441 449
541 547 540 548 443 449 442 450
542 548 541 549 444 450 443 451
543 549 542 550 445 451 444 452
544 550 543 551 446 452 445 453
545 551 544 552 447 453 446 454
546 559 552 553 448 461 454 455
547 553 546 554 449 455 448 456
548 554 547 555 450 456 449 457
549 555 548 556 451 457 450 458
550 556 549 557 452 458 451 459
551 557 550 558 453 459 452 460
552 558 551 559 454 460 453 461
553 566 559 560 455 468 461 462
554 560 553 561 456 462 455 463
555 561 554 562 457 463 456 464
556 562 555 563 458 464 457 465
557 563 556 564 459 465 458 466
558 564 557 565 460 466 459 467
559 565 558 566 461 467 460 468
560 573 566 567 462 475 468 469
561 567 560 568 463 469 462 470
562 568 561 569 464 470 463 471
563 569 562 570 465 471 464 472
564 570 563 571 466 472 465 473
565 571 564 572 467 473 466 474
566 572 565 573 468 474 467 475
567 580 573 574 469 482 475 476
568 574 567 575 470 476 469 477
569 575 568 576 471 477 470 478
570 576 569 577 472 478 471 479
571 577 570 578 473 479 472 480
572 578 571 579 474 480 473 481
573 579 572 580 475 481 474 482
574 587 580 581 476 489 482 483
575 581 574 582 477 483 476 484
576 582 575 583 478 484 477 485
577 583 576 584 479 485 478 486
578 584 577 585 480 486 479 487
579 585 578 586 481 487 480 488
580 586 579 587 482 488 481 489
589 595 588 596 491 497 490 498
590 596 589 597 492 498 491 499
591 597 590 598 493 499 492 500
592 598 591 599 494 500 493 501
593 599 592 600 495 501 494 502
594 600 593 601 496 502 495 503
588 601 594 595 490 503 496 497
596 602 595 603 498 504 497 505
597 603 596 604 499 505 498 506
598 604 597 605 500 506 499 507
599 605 598 606 501 507 500 508
600 606 599 607 502 508 501 509
601 607 600 608 503 509 502 510
595 608 601 602 497 510 503 504
603 609 602 610 505 511 504 512
604 610 603 611 506 512 505 513
605 611 604 612 507 513 506 514
606 612 605 613 508 514 507 515
607 613 606 614 509 515 508 516
608 614 607 615 510 516 509 517
602 615 608 609 504 517 510 511
610 616 609 617 512 518 511 519
611 617 610 618 513 519 512 520
612 618 611 619 514 520 513 521
613 619 612 620 515 521 514 522
614 620 613 621 516 522 515 523
615 621 614 622 517 523 516 524
609 622 615 616 511 524 517 518
617 623 616 624 519 525 518 526
618 624 617 625 520 526 519 527
619 625 618 626 521 527 520 528
620 626 619 627 522 528 521 529
621 627 620 628 523 529 522 530
622 628 621 629 524 530 523 531
616 629 622 623 518 531 524 525
624 630 623 631 526 532 525 533
625 631 624 632 527 533 526 534
626 632 625 633 528 534 527 535
627 633 626 634 529 535 528 536
628 634 627 635 530 536 529 537
629 635 628 636 531 537 530 538
623 636 629 630 525 538 531 532
631 588 630 589 533 490 532 491
632 589 631 590 534 491 533 492
633 590 632 591 535 492 534 493
634 591 633 592 536 493 535 494
635 592 634 593 537 494 536 495
636 593 635 594 538 495 537 496
630 594 636 588 532 496 538 490
679 643 685 637 581 545 587 539
680 637 679 638 582 539 581 540
681 638 680 639 583 540 582 541
682 639 681 640 584 541 583 542
683 640 682 641 585 542 584 543
684 641 683 642 586 543 585 544
685 642 684 643 587 544 586 545
637 650 643 644 539 552 545 546
638 644 637 645 540 546 539 547
639 645 638 646 541 547 540 548
640 646 639 647 542 548 541 549
641 647 640 648 543 549 542 550
642 648 641 649 544 550 543 551
643 649 642 650 545 551 544 552
644 657 650 651 546 559 552 553
645 651 644 652 547 553 546 554
646 652 645 653 548 554 547 555
647 653 646 654 549 555 548 556
648 654 647 655 550 556 549 557
649 655 648 656 551 557 550 558
650 656 649 657 552 558 551 559
651 664 657 658 553 566 559 560
652 658 651 659 554 560 553 561
653 659 652 660 555 561 554 562
654 660 653 661 556 562 555 563
655 661 654 662 557 563 556 564
656 662 655 663 558 564 557 565
657 663 656 664 559 565 558 566
658 671 664 665 560 573 566 567
659 665 658 666 561 567 560 568
660 666 659 667 562 568 561 569
661 667 660 668 563 569 562 570
662 668 661 669 564 570 563 571
663 669 662 670 565 571 564 572
664 670 663 671 566 572 565 573
665 678 671 672 567 580 573 574
666 672 665 673 568 574 567 575
667 673 666 674 569 575 568 576
668 674 667 675 570 576 569 577
669 675 668 676 571 577 570 578
670 676 669 677 572 578 571 579
671 677 670 678 573 579 572 580
672 685 678 679 574 587 580 581
673 679 672 680 575 581 574 582
674 680 673 681 576 582 575 583
675 681 674 682 577 583 576 584
676 682 675 683 578 584 577 585
677 683 676 684 579 585 578 586
678 684 677 685 580 586 579 587
1 7 0 8 589 595 588 596
2 8 1 9 590 596 589 597
3 9 2 10 591 597 590 598
4 10 3 11 592 598 591 599
5 11 4 12 593 599 592 600
6 12 5 13 594 600 593 601
0 13 6 7 588 601 594 595
8 14 7 15 596 602 595 603
9 15 8 16 597 603 596 604
10 16 9 17 598 604 597 605
11 17 10 18 599 605 598 606
12 18 11 19 600 606 599 607
13 19 12 20 601 607 600 608
7 20 13 14 595 608 601 602
15 21 14 22 603 609 602 610
16 22 15 23 604 610 603 611
17 23 16 24 605 611 604 612
18 24 17 25 606 612 605 613
19 25 18 26 607 613 606 614
20 26 19 27 608 614 607 615
14 27 20 21 602 615 608 609
22 28 21 29 610 616 609 617
23 29 22 30 611 617 610 618
24 30 23 31 612 618 611 619
25 31 24 32 613 619 612 620
26 32 25 33 614 620 613 621
27 33 26 34 615 621 614 622
21 34 27 28 609 622 615 616
29 35 28 36 617 623 616 624
30 36 29 37 618 624 617 625
31 37 30 38 619 625 618 626
32 38 31 39 620 626 619 627
33 39 32 40 621 627 620 628
34 40 33 41 622 628 621 629
28 41 34 35 616 629 622 623
36 42 35 43 624 630 623 631
37 43 36 44 625 631 624 632
38 44 37 45 626 632 625 633
39 45 38 46 627 633 626 634
40 46 39 47 628 634 627 635
41 47 40 48 629 635 628 636
35 48 41 42 623 636 629 630
43 0 42 1 631 588 630 589
44 1 43 2 632 589 631 590
45 2 44 3 633 590 632 591
46 3 45 4 634 591 633 592
47 4 46 5 635 592 634 593
48 5 47 6 636 593 635 594
42 6 48 0 630 594 636 588
