1 9 90 10
2 0 91 11
3 1 92 12
4 2 93 13
5 3 94 14
6 4 95 15
7 5 96 16
8 6 97 17
9 7 98 18
0 8 99 19
11 19 0 20
12 10 1 21
13 11 2 22
14 12 3 23
15 13 4 24
16 14 5 25
17 15 6 26
18 16 7 27
19 17 8 28
10 18 9 29
21 29 10 30
22 20 11 31
23 21 12 32
24 22 13 33
25 23 14 34
26 24 15 35
27 25 16 36
28 26 17 37
29 27 18 38
20 28 19 39
31 39 20 40
32 30 21 41
33 31 22 42
34 32 23 43
35 33 24 44
36 34 25 45
37 35 26 46
38 36 27 47
39 37 28 48
30 38 29 49
41 49 30 50
42 40 31 51
43 41 32 52
44 42 33 53
45 43 34 54
46 44 35 55
47 45 36 56
48 46 37 57
49 47 38 58
40 48 39 59
51 59 40 60
52 50 41 61
53 51 42 62
54 52 43 63
55 53 44 64
56 54 45 65
57 55 46 66
58 56 47 67
59 57 48 68
50 58 49 69
61 69 50 70
62 60 51 71
63 61 52 72
64 62 53 73
65 63 54 74
66 64 55 75
67 65 56 76
68 66 57 77
69 67 58 78
60 68 59 79
71 79 60 80
72 70 61 81
73 71 62 82
74 72 63 83
75 73 64 84
76 74 65 85
77 75 66 86
78 76 67 87
79 77 68 88
70 78 69 89
81 89 70 90
82 80 71 91
83 81 72 92
84 82 73 93
85 83 74 94
86 84 75 95
87 85 76 96
88 86 77 97
89 87 78 98
80 88 79 99
91 99 80 0
92 90 81 1
93 91 82 2
94 92 83 3
95 93 84 4
96 94 85 5
97 95 86 6
98 96 87 7
99 97 88 8
90 98 89 9
