28 19 31 16 124 115 127 112
29 16 28 17 125 112 124 113
30 17 29 18 126 113 125 114
31 18 30 19 127 114 126 115
16 23 19 20 112 119 115 116
17 20 16 21 113 116 112 117
18 21 17 22 114 117 113 118
19 22 18 23 115 118 114 119
20 27 23 24 116 123 119 120
21 24 20 25 117 120 116 121
22 25 21 26 118 121 117 122
23 26 22 27 119 122 118 123
24 31 27 28 120 127 123 124
25 28 24 29 121 124 120 125
26 29 25 30 122 125 121 126
27 30 26 31 123 126 122 127
33 36 32 37 1 4 0 5
34 37 33 38 2 5 1 6
35 38 34 39 3 6 2 7
32 39 35 36 0 7 3 4
37 40 36 41 5 8 4 9
38 41 37 42 6 9 5 10
39 42 38 43 7 10 6 11
36 43 39 40 4 11 7 8
41 44 40 45 9 12 8 13
42 45 41 46 10 13 9 14
43 46 42 47 11 14 10 15
40 47 43 44 8 15 11 12
45 32 44 33 13 0 12 1
46 33 45 34 14 1 13 2
47 34 46 35 15 2 14 3
44 35 47 32 12 3 15 0
60 51 63 48 28 19 31 16
61 48 60 49 29 16 28 17
62 49 61 50 30 17 29 18
63 50 62 51 31 18 30 19
48 55 51 52 16 23 19 20
49 52 48 53 17 20 16 21
50 53 49 54 18 21 17 22
51 54 50 55 19 22 18 23
52 59 55 56 20 27 23 24
53 56 52 57 21 24 20 25
54 57 53 58 22 25 21 26
55 58 54 59 23 26 22 27
56 63 59 60 24 31 27 28
57 60 56 61 25 28 24 29
58 61 57 62 26 29 25 30
59 62 58 63 27 30 26 31
65 68 64 69 33 36 32 37
66 69 65 70 34 37 33 38
67 70 66 71 35 38 34 39
64 71 67 68 32 39 35 36
69 72 68 73 37 40 36 41
70 73 69 74 38 41 37 42
71 74 70 75 39 42 38 43
68 75 71 72 36 43 39 40
73 76 72 77 41 44 40 45
74 77 73 78 42 45 41 46
75 78 74 79 43 46 42 47
72 79 75 76 40 47 43 44
77 64 76 65 45 32 44 33
78 65 77 66 46 33 45 34
79 66 78 67 47 34 46 35
76 67 79 64 44 35 47 32
92 83 95 80 60 51 63 48
93 80 92 81 61 48 60 49
94 81 93 82 62 49 61 50
95 82 94 83 63 50 62 51
80 87 83 84 48 55 51 52
81 84 80 85 49 52 48 53
82 85 81 86 50 53 49 54
83 86 82 87 51 54 50 55
84 91 87 88 52 59 55 56
85 88 84 89 53 56 52 57
86 89 85 90 54 57 53 58
87 90 86 91 55 58 54 59
88 95 91 92 56 63 59 60
89 92 88 93 57 60 56 61
90 93 89 94 58 61 57 62
91 94 90 95 59 62 58 63
97 100 96 101 65 68 64 69
98 101 97 102 66 69 65 70
99 102 98 103 67 70 66 71
96 103 99 100 64 71 67 68
101 104 100 105 69 72 68 73
102 105 101 106 70 73 69 74
103 106 102 107 71 74 70 75
100 107 103 104 68 75 71 72
105 108 104 109 73 76 72 77
106 109 105 110 74 77 73 78
107 110 106 111 75 78 74 79
104 111 107 108 72 79 75 76
109 96 108 97 77 64 76 65
110 97 109 98 78 65 77 66
111 98 110 99 79 66 78 67
108 99 111 96 76 67 79 64
124 115 127 112 92 83 95 80
125 112 124 113 93 80 92 81
126 113 125 114 94 81 93 82
127 114 126 115 95 82 94 83
112 119 115 116 80 87 83 84
113 116 112 117 81 84 80 85
114 117 113 118 82 85 81 86
115 118 114 119 83 86 82 87
116 123 119 120 84 91 87 88
117 120 116 121 85 88 84 89
118 121 117 122 86 89 85 90
119 122 118 123 87 90 86 91
120 127 123 124 88 95 91 92
121 124 120 125 89 92 88 93
122 125 121 126 90 93 89 94
123 126 122 127 91 94 90 95
1 4 0 5 97 100 96 101
2 5 1 6 98 101 97 102
3 6 2 7 99 102 98 103
0 7 3 4 96 103 99 100
5 8 4 9 101 104 100 105
6 9 5 10 102 105 101 106
7 10 6 11 103 106 102 107
4 11 7 8 100 107 103 104
9 12 8 13 105 108 104 109
10 13 9 14 106 109 105 110
11 14 10 15 107 110 106 111
8 15 11 12 104 111 107 108
13 0 12 1 109 96 108 97
14 1 13 2 110 97 109 98
15 2 14 3 111 98 110 99
12 3 15 0 108 99 111 96
