1 15 240 16
2 0 241 17
3 1 242 18
4 2 243 19
5 3 244 20
6 4 245 21
7 5 246 22
8 6 247 23
9 7 248 24
10 8 249 25
11 9 250 26
12 10 251 27
13 11 252 28
14 12 253 29
15 13 254 30
0 14 255 31
17 31 0 32
18 16 1 33
19 17 2 34
20 18 3 35
21 19 4 36
22 20 5 37
23 21 6 38
24 22 7 39
25 23 8 40
26 24 9 41
27 25 10 42
28 26 11 43
29 27 12 44
30 28 13 45
31 29 14 46
16 30 15 47
33 47 16 48
34 32 17 49
35 33 18 50
36 34 19 51
37 35 20 52
38 36 21 53
39 37 22 54
40 38 23 55
41 39 24 56
42 40 25 57
43 41 26 58
44 42 27 59
45 43 28 60
46 44 29 61
47 45 30 62
32 46 31 63
49 63 32 64
50 48 33 65
51 49 34 66
52 50 35 67
53 51 36 68
54 52 37 69
55 53 38 70
56 54 39 71
57 55 40 72
58 56 41 73
59 57 42 74
60 58 43 75
61 59 44 76
62 60 45 77
63 61 46 78
48 62 47 79
65 79 48 80
66 64 49 81
67 65 50 82
68 66 51 83
69 67 52 84
70 68 53 85
71 69 54 86
72 70 55 87
73 71 56 88
74 72 57 89
75 73 58 90
76 74 59 91
77 75 60 92
78 76 61 93
79 77 62 94
64 78 63 95
81 95 64 96
82 80 65 97
83 81 66 98
84 82 67 99
85 83 68 100
86 84 69 101
87 85 70 102
88 86 71 103
89 87 72 104
90 88 73 105
91 89 74 106
92 90 75 107
93 91 76 108
94 92 77 109
95 93 78 110
80 94 79 111
97 111 80 112
98 96 81 113
99 97 82 114
100 98 83 115
101 99 84 116
102 100 85 117
103 101 86 118
104 102 87 119
105 103 88 120
106 104 89 121
107 105 90 122
108 106 91 123
109 107 92 124
110 108 93 125
111 109 94 126
96 110 95 127
113 127 96 128
114 112 97 129
115 113 98 130
116 114 99 131
117 115 100 132
118 116 101 133
119 117 102 134
120 118 103 135
121 119 104 136
122 120 105 137
123 121 106 138
124 122 107 139
125 123 108 140
126 124 109 141
127 125 110 142
112 126 111 143
129 143 112 144
130 128 113 145
131 129 114 146
132 130 115 147
133 131 116 148
134 132 117 149
135 133 118 150
136 134 119 151
137 135 120 152
138 136 121 153
139 137 122 154
140 138 123 155
141 139 124 156
142 140 125 157
143 141 126 158
128 142 127 159
145 159 128 160
146 144 129 161
147 145 130 162
148 146 131 163
149 147 132 164
150 148 133 165
151 149 134 166
152 150 135 167
153 151 136 168
154 152 137 169
155 153 138 170
156 154 139 171
157 155 140 172
158 156 141 173
159 157 142 174
144 158 143 175
161 175 144 176
162 160 145 177
163 161 146 178
164 162 147 179
165 163 148 180
166 164 149 181
167 165 150 182
168 166 151 183
169 167 152 184
170 168 153 185
171 169 154 186
172 170 155 187
173 171 156 188
174 172 157 189
175 173 158 190
160 174 159 191
177 191 160 192
178 176 161 193
179 177 162 194
180 178 163 195
181 179 164 196
182 180 165 197
183 181 166 198
184 182 167 199
185 183 168 200
186 184 169 201
187 185 170 202
188 186 171 203
189 187 172 204
190 188 173 205
191 189 174 206
176 190 175 207
193 207 176 208
194 192 177 209
195 193 178 210
196 194 179 211
197 195 180 212
198 196 181 213
199 197 182 214
200 198 183 215
201 199 184 216
202 200 185 217
203 201 186 218
204 202 187 219
205 203 188 220
206 204 189 221
207 205 190 222
192 206 191 223
209 223 192 224
210 208 193 225
211 209 194 226
212 210 195 227
213 211 196 228
214 212 197 229
215 213 198 230
216 214 199 231
217 215 200 232
218 216 201 233
219 217 202 234
220 218 203 235
221 219 204 236
222 220 205 237
223 221 206 238
208 222 207 239
225 239 208 240
226 224 209 241
227 225 210 242
228 226 211 243
229 227 212 244
230 228 213 245
231 229 214 246
232 230 215 247
233 231 216 248
234 232 217 249
235 233 218 250
236 234 219 251
237 235 220 252
238 236 221 253
239 237 222 254
224 238 223 255
241 255 224 0
242 240 225 1
243 241 226 2
244 242 227 3
245 243 228 4
246 244 229 5
247 245 230 6
248 246 231 7
249 247 232 8
250 248 233 9
251 249 234 10
252 250 235 11
253 251 236 12
254 252 237 13
255 253 238 14
240 254 239 15
