1 2 6 3 8 4 9 18
2 0 7 4 6 5 10 19
0 1 8 5 7 3 11 20
4 5 0 6 2 7 12 21
5 3 1 7 0 8 13 22
3 4 2 8 1 6 14 23
7 8 3 0 5 1 15 24
8 6 4 1 3 2 16 25
6 7 5 2 4 0 17 26
10 11 15 12 17 13 18 0
11 9 16 13 15 14 19 1
9 10 17 14 16 12 20 2
13 14 9 15 11 16 21 3
14 12 10 16 9 17 22 4
12 13 11 17 10 15 23 5
16 17 12 9 14 10 24 6
17 15 13 10 12 11 25 7
15 16 14 11 13 9 26 8
19 20 24 21 26 22 0 9
20 18 25 22 24 23 1 10
18 19 26 23 25 21 2 11
22 23 18 24 20 25 3 12
23 21 19 25 18 26 4 13
21 22 20 26 19 24 5 14
25 26 21 18 23 19 6 15
26 24 22 19 21 20 7 16
24 25 23 20 22 18 8 17
