1 2 6 3 8 4 15 51 17 53 9 45
2 0 7 4 6 5 16 52 15 51 10 46
0 1 8 5 7 3 17 53 16 52 11 47
4 5 0 6 2 7 9 45 11 47 12 48
5 3 1 7 0 8 10 46 9 45 13 49
3 4 2 8 1 6 11 47 10 46 14 50
7 8 3 0 5 1 12 48 14 50 15 51
8 6 4 1 3 2 13 49 12 48 16 52
6 7 5 2 4 0 14 50 13 49 17 53
10 11 15 12 17 13 21 3 22 4 18 0
11 9 16 13 15 14 22 4 23 5 19 1
9 10 17 14 16 12 23 5 21 3 20 2
13 14 9 15 11 16 24 6 25 7 21 3
14 12 10 16 9 17 25 7 26 8 22 4
12 13 11 17 10 15 26 8 24 6 23 5
16 17 12 9 14 10 18 0 19 1 24 6
17 15 13 10 12 11 19 1 20 2 25 7
15 16 14 11 13 9 20 2 18 0 26 8
19 20 24 21 26 22 33 15 35 17 27 9
20 18 25 22 24 23 34 16 33 15 28 10
18 19 26 23 25 21 35 17 34 16 29 11
22 23 18 24 20 25 27 9 29 11 30 12
23 21 19 25 18 26 28 10 27 9 31 13
21 22 20 26 19 24 29 11 28 10 32 14
25 26 21 18 23 19 30 12 32 14 33 15
26 24 22 19 21 20 31 13 30 12 34 16
24 25 23 20 22 18 32 14 31 13 35 17
28 29 33 30 35 31 39 21 40 22 36 18
29 27 34 31 33 32 40 22 41 23 37 19
27 28 35 32 34 30 41 23 39 21 38 20
31 32 27 33 29 34 42 24 43 25 39 21
32 30 28 34 27 35 43 25 44 26 40 22
30 31 29 35 28 33 44 26 42 24 41 23
34 35 30 27 32 28 36 18 37 19 42 24
35 33 31 28 30 29 37 19 38 20 43 25
33 34 32 29 31 27 38 20 36 18 44 26
37 38 42 39 44 40 51 33 53 35 45 27
38 36 43 40 42 41 52 34 51 33 46 28
36 37 44 41 43 39 53 35 52 34 47 29
40 41 36 42 38 43 45 27 47 29 48 30
41 39 37 43 36 44 46 28 45 27 49 31
39 40 38 44 37 42 47 29 46 28 50 32
43 44 39 36 41 37 48 30 50 32 51 33
44 42 40 37 39 38 49 31 48 30 52 34
42 43 41 38 40 36 50 32 49 31 53 35
46 47 51 48 53 49 3 39 4 40 0 36
47 45 52 49 51 50 4 40 5 41 1 37
45 46 53 50 52 48 5 41 3 39 2 38
49 50 45 51 47 52 6 42 7 43 3 39
50 48 46 52 45 53 7 43 8 44 4 40
48 49 47 53 46 51 8 44 6 42 5 41
52 53 48 45 50 46 0 36 1 37 6 42
53 51 49 46 48 47 1 37 2 38 7 43
51 52 50 47 49 45 2 38 0 36 8 44
