1 7 56 8 64 448
2 0 57 9 65 449
3 1 58 10 66 450
4 2 59 11 67 451
5 3 60 12 68 452
6 4 61 13 69 453
7 5 62 14 70 454
0 6 63 15 71 455
9 15 0 16 72 456
10 8 1 17 73 457
11 9 2 18 74 458
12 10 3 19 75 459
13 11 4 20 76 460
14 12 5 21 77 461
15 13 6 22 78 462
8 14 7 23 79 463
17 23 8 24 80 464
18 16 9 25 81 465
19 17 10 26 82 466
20 18 11 27 83 467
21 19 12 28 84 468
22 20 13 29 85 469
23 21 14 30 86 470
16 22 15 31 87 471
25 31 16 32 88 472
26 24 17 33 89 473
27 25 18 34 90 474
28 26 19 35 91 475
29 27 20 36 92 476
30 28 21 37 93 477
31 29 22 38 94 478
24 30 23 39 95 479
33 39 24 40 96 480
34 32 25 41 97 481
35 33 26 42 98 482
36 34 27 43 99 483
37 35 28 44 100 484
38 36 29 45 101 485
39 37 30 46 102 486
32 38 31 47 103 487
41 47 32 48 104 488
42 40 33 49 105 489
43 41 34 50 106 490
44 42 35 51 107 491
45 43 36 52 108 492
46 44 37 53 109 493
47 45 38 54 110 494
40 46 39 55 111 495
49 55 40 56 112 496
50 48 41 57 113 497
51 49 42 58 114 498
52 50 43 59 115 499
53 51 44 60 116 500
54 52 45 61 117 501
55 53 46 62 118 502
48 54 47 63 119 503
57 63 48 0 120 504
58 56 49 1 121 505
59 57 50 2 122 506
60 58 51 3 123 507
61 59 52 4 124 508
62 60 53 5 125 509
63 61 54 6 126 510
56 62 55 7 127 511
65 71 120 72 128 0
66 64 121 73 129 1
67 65 122 74 130 2
68 66 123 75 131 3
69 67 124 76 132 4
70 68 125 77 133 5
71 69 126 78 134 6
64 70 127 79 135 7
73 79 64 80 136 8
74 72 65 81 137 9
75 73 66 82 138 10
76 74 67 83 139 11
77 75 68 84 140 12
78 76 69 85 141 13
79 77 70 86 142 14
72 78 71 87 143 15
81 87 72 88 144 16
82 80 73 89 145 17
83 81 74 90 146 18
84 82 75 91 147 19
85 83 76 92 148 20
86 84 77 93 149 21
87 85 78 94 150 22
80 86 79 95 151 23
89 95 80 96 152 24
90 88 81 97 153 25
91 89 82 98 154 26
92 90 83 99 155 27
93 91 84 100 156 28
94 92 85 101 157 29
95 93 86 102 158 30
88 94 87 103 159 31
97 103 88 104 160 32
98 96 89 105 161 33
99 97 90 106 162 34
100 98 91 107 163 35
101 99 92 108 164 36
102 100 93 109 165 37
103 101 94 110 166 38
96 102 95 111 167 39
105 111 96 112 168 40
106 104 97 113 169 41
107 105 98 114 170 42
108 106 99 115 171 43
109 107 100 116 172 44
110 108 101 117 173 45
111 109 102 118 174 46
104 110 103 119 175 47
113 119 104 120 176 48
114 112 105 121 177 49
115 113 106 122 178 50
116 114 107 123 179 51
117 115 108 124 180 52
118 116 109 125 181 53
119 117 110 126 182 54
112 118 111 127 183 55
121 127 112 64 184 56
122 120 113 65 185 57
123 121 114 66 186 58
124 122 115 67 187 59
125 123 116 68 188 60
126 124 117 69 189 61
127 125 118 70 190 62
120 126 119 71 191 63
129 135 184 136 192 64
130 128 185 137 193 65
131 129 186 138 194 66
132 130 187 139 195 67
133 131 188 140 196 68
134 132 189 141 197 69
135 133 190 142 198 70
128 134 191 143 199 71
137 143 128 144 200 72
138 136 129 145 201 73
139 137 130 146 202 74
140 138 131 147 203 75
141 139 132 148 204 76
142 140 133 149 205 77
143 141 134 150 206 78
136 142 135 151 207 79
145 151 136 152 208 80
146 144 137 153 209 81
147 145 138 154 210 82
148 146 139 155 211 83
149 147 140 156 212 84
150 148 141 157 213 85
151 149 142 158 214 86
144 150 143 159 215 87
153 159 144 160 216 88
154 152 145 161 217 89
155 153 146 162 218 90
156 154 147 163 219 91
157 155 148 164 220 92
158 156 149 165 221 93
159 157 150 166 222 94
152 158 151 167 223 95
161 167 152 168 224 96
162 160 153 169 225 97
163 161 154 170 226 98
164 162 155 171 227 99
165 163 156 172 228 100
166 164 157 173 229 101
167 165 158 174 230 102
160 166 159 175 231 103
169 175 160 176 232 104
170 168 161 177 233 105
171 169 162 178 234 106
172 170 163 179 235 107
173 171 164 180 236 108
174 172 165 181 237 109
175 173 166 182 238 110
168 174 167 183 239 111
177 183 168 184 240 112
178 176 169 185 241 113
179 177 170 186 242 114
180 178 171 187 243 115
181 179 172 188 244 116
182 180 173 189 245 117
183 181 174 190 246 118
176 182 175 191 247 119
185 191 176 128 248 120
186 184 177 129 249 121
187 185 178 130 250 122
188 186 179 131 251 123
189 187 180 132 252 124
190 188 181 133 253 125
191 189 182 134 254 126
184 190 183 135 255 127
193 199 248 200 256 128
194 192 249 201 257 129
195 193 250 202 258 130
196 194 251 203 259 131
197 195 252 204 260 132
198 196 253 205 261 133
199 197 254 206 262 134
192 198 255 207 263 135
201 207 192 208 264 136
202 200 193 209 265 137
203 201 194 210 266 138
204 202 195 211 267 139
205 203 196 212 268 140
206 204 197 213 269 141
207 205 198 214 270 142
200 206 199 215 271 143
209 215 200 216 272 144
210 208 201 217 273 145
211 209 202 218 274 146
212 210 203 219 275 147
213 211 204 220 276 148
214 212 205 221 277 149
215 213 206 222 278 150
208 214 207 223 279 151
217 223 208 224 280 152
218 216 209 225 281 153
219 217 210 226 282 154
220 218 211 227 283 155
221 219 212 228 284 156
222 220 213 229 285 157
223 221 214 230 286 158
216 222 215 231 287 159
225 231 216 232 288 160
226 224 217 233 289 161
227 225 218 234 290 162
228 226 219 235 291 163
229 227 220 236 292 164
230 228 221 237 293 165
231 229 222 238 294 166
224 230 223 239 295 167
233 239 224 240 296 168
234 232 225 241 297 169
235 233 226 242 298 170
236 234 227 243 299 171
237 235 228 244 300 172
238 236 229 245 301 173
239 237 230 246 302 174
232 238 231 247 303 175
241 247 232 248 304 176
242 240 233 249 305 177
243 241 234 250 306 178
244 242 235 251 307 179
245 243 236 252 308 180
246 244 237 253 309 181
247 245 238 254 310 182
240 246 239 255 311 183
249 255 240 192 312 184
250 248 241 193 313 185
251 249 242 194 314 186
252 250 243 195 315 187
253 251 244 196 316 188
254 252 245 197 317 189
255 253 246 198 318 190
248 254 247 199 319 191
257 263 312 264 320 192
258 256 313 265 321 193
259 257 314 266 322 194
260 258 315 267 323 195
261 259 316 268 324 196
262 260 317 269 325 197
263 261 318 270 326 198
256 262 319 271 327 199
265 271 256 272 328 200
266 264 257 273 329 201
267 265 258 274 330 202
268 266 259 275 331 203
269 267 260 276 332 204
270 268 261 277 333 205
271 269 262 278 334 206
264 270 263 279 335 207
273 279 264 280 336 208
274 272 265 281 337 209
275 273 266 282 338 210
276 274 267 283 339 211
277 275 268 284 340 212
278 276 269 285 341 213
279 277 270 286 342 214
272 278 271 287 343 215
281 287 272 288 344 216
282 280 273 289 345 217
283 281 274 290 346 218
284 282 275 291 347 219
285 283 276 292 348 220
286 284 277 293 349 221
287 285 278 294 350 222
280 286 279 295 351 223
289 295 280 296 352 224
290 288 281 297 353 225
291 289 282 298 354 226
292 290 283 299 355 227
293 291 284 300 356 228
294 292 285 301 357 229
295 293 286 302 358 230
288 294 287 303 359 231
297 303 288 304 360 232
298 296 289 305 361 233
299 297 290 306 362 234
300 298 291 307 363 235
301 299 292 308 364 236
302 300 293 309 365 237
303 301 294 310 366 238
296 302 295 311 367 239
305 311 296 312 368 240
306 304 297 313 369 241
307 305 298 314 370 242
308 306 299 315 371 243
309 307 300 316 372 244
310 308 301 317 373 245
311 309 302 318 374 246
304 310 303 319 375 247
313 319 304 256 376 248
314 312 305 257 377 249
315 313 306 258 378 250
316 314 307 259 379 251
317 315 308 260 380 252
318 316 309 261 381 253
319 317 310 262 382 254
312 318 311 263 383 255
321 327 376 328 384 256
322 320 377 329 385 257
323 321 378 330 386 258
324 322 379 331 387 259
325 323 380 332 388 260
326 324 381 333 389 261
327 325 382 334 390 262
320 326 383 335 391 263
329 335 320 336 392 264
330 328 321 337 393 265
331 329 322 338 394 266
332 330 323 339 395 267
333 331 324 340 396 268
334 332 325 341 397 269
335 333 326 342 398 270
328 334 327 343 399 271
337 343 328 344 400 272
338 336 329 345 401 273
339 337 330 346 402 274
340 338 331 347 403 275
341 339 332 348 404 276
342 340 333 349 405 277
343 341 334 350 406 278
336 342 335 351 407 279
345 351 336 352 408 280
346 344 337 353 409 281
347 345 338 354 410 282
348 346 339 355 411 283
349 347 340 356 412 284
350 348 341 357 413 285
351 349 342 358 414 286
344 350 343 359 415 287
353 359 344 360 416 288
354 352 345 361 417 289
355 353 346 362 418 290
356 354 347 363 419 291
357 355 348 364 420 292
358 356 349 365 421 293
359 357 350 366 422 294
352 358 351 367 423 295
361 367 352 368 424 296
362 360 353 369 425 297
363 361 354 370 426 298
364 362 355 371 427 299
365 363 356 372 428 300
366 364 357 373 429 301
367 365 358 374 430 302
360 366 359 375 431 303
369 375 360 376 432 304
370 368 361 377 433 305
371 369 362 378 434 306
372 370 363 379 435 307
373 371 364 380 436 308
374 372 365 381 437 309
375 373 366 382 438 310
368 374 367 383 439 311
377 383 368 320 440 312
378 376 369 321 441 313
379 377 370 322 442 314
380 378 371 323 443 315
381 379 372 324 444 316
382 380 373 325 445 317
383 381 374 326 446 318
376 382 375 327 447 319
385 391 440 392 448 320
386 384 441 393 449 321
387 385 442 394 450 322
388 386 443 395 451 323
389 387 444 396 452 324
390 388 445 397 453 325
391 389 446 398 454 326
384 390 447 399 455 327
393 399 384 400 456 328
394 392 385 401 457 329
395 393 386 402 458 330
396 394 387 403 459 331
397 395 388 404 460 332
398 396 389 405 461 333
399 397 390 406 462 334
392 398 391 407 463 335
401 407 392 408 464 336
402 400 393 409 465 337
403 401 394 410 466 338
404 402 395 411 467 339
405 403 396 412 468 340
406 404 397 413 469 341
407 405 398 414 470 342
400 406 399 415 471 343
409 415 400 416 472 344
410 408 401 417 473 345
411 409 402 418 474 346
412 410 403 419 475 347
413 411 404 420 476 348
414 412 405 421 477 349
415 413 406 422 478 350
408 414 407 423 479 351
417 423 408 424 480 352
418 416 409 425 481 353
419 417 410 426 482 354
420 418 411 427 483 355
421 419 412 428 484 356
422 420 413 429 485 357
423 421 414 430 486 358
416 422 415 431 487 359
425 431 416 432 488 360
426 424 417 433 489 361
427 425 418 434 490 362
428 426 419 435 491 363
429 427 420 436 492 364
430 428 421 437 493 365
431 429 422 438 494 366
424 430 423 439 495 367
433 439 424 440 496 368
434 432 425 441 497 369
435 433 426 442 498 370
436 434 427 443 499 371
437 435 428 444 500 372
438 436 429 445 501 373
439 437 430 446 502 374
432 438 431 447 503 375
441 447 432 384 504 376
442 440 433 385 505 377
443 441 434 386 506 378
444 442 435 387 507 379
445 443 436 388 508 380
446 444 437 389 509 381
447 445 438 390 510 382
440 446 439 391 511 383
449 455 504 456 0 384
450 448 505 457 1 385
451 449 506 458 2 386
452 450 507 459 3 387
453 451 508 460 4 388
454 452 509 461 5 389
455 453 510 462 6 390
448 454 511 463 7 391
457 463 448 464 8 392
458 456 449 465 9 393
459 457 450 466 10 394
460 458 451 467 11 395
461 459 452 468 12 396
462 460 453 469 13 397
463 461 454 470 14 398
456 462 455 471 15 399
465 471 456 472 16 400
466 464 457 473 17 401
467 465 458 474 18 402
468 466 459 475 19 403
469 467 460 476 20 404
470 468 461 477 21 405
471 469 462 478 22 406
464 470 463 479 23 407
473 479 464 480 24 408
474 472 465 481 25 409
475 473 466 482 26 410
476 474 467 483 27 411
477 475 468 484 28 412
478 476 469 485 29 413
479 477 470 486 30 414
472 478 471 487 31 415
481 487 472 488 32 416
482 480 473 489 33 417
483 481 474 490 34 418
484 482 475 491 35 419
485 483 476 492 36 420
486 484 477 493 37 421
487 485 478 494 38 422
480 486 479 495 39 423
489 495 480 496 40 424
490 488 481 497 41 425
491 489 482 498 42 426
492 490 483 499 43 427
493 491 484 500 44 428
494 492 485 501 45 429
495 493 486 502 46 430
488 494 487 503 47 431
497 503 488 504 48 432
498 496 489 505 49 433
499 497 490 506 50 434
500 498 491 507 51 435
501 499 492 508 52 436
502 500 493 509 53 437
503 501 494 510 54 438
496 502 495 511 55 439
505 511 496 448 56 440
506 504 497 449 57 441
507 505 498 450 58 442
508 506 499 451 59 443
509 507 500 452 60 444
510 508 501 453 61 445
511 509 502 454 62 446
504 510 503 455 63 447
