45 29 49 25 245 229 249 225
46 25 45 26 246 225 245 226
47 26 46 27 247 226 246 227
48 27 47 28 248 227 247 228
49 28 48 29 249 228 248 229
25 34 29 30 225 234 229 230
26 30 25 31 226 230 225 231
27 31 26 32 227 231 226 232
28 32 27 33 228 232 227 233
29 33 28 34 229 233 228 234
30 39 34 35 230 239 234 235
31 35 30 36 231 235 230 236
32 36 31 37 232 236 231 237
33 37 32 38 233 237 232 238
34 38 33 39 234 238 233 239
35 44 39 40 235 244 239 240
36 40 35 41 236 240 235 241
37 41 36 42 237 241 236 242
38 42 37 43 238 242 237 243
39 43 38 44 239 243 238 244
40 49 44 45 240 249 244 245
41 45 40 46 241 245 240 246
42 46 41 47 242 246 241 247
43 47 42 48 243 247 242 248
44 48 43 49 244 248 243 249
51 55 50 56 1 5 0 6
52 56 51 57 2 6 1 7
53 57 52 58 3 7 2 8
54 58 53 59 4 8 3 9
50 59 54 55 0 9 4 5
56 60 55 61 6 10 5 11
57 61 56 62 7 11 6 12
58 62 57 63 8 12 7 13
59 63 58 64 9 13 8 14
55 64 59 60 5 14 9 10
61 65 60 66 11 15 10 16
62 66 61 67 12 16 11 17
63 67 62 68 13 17 12 18
64 68 63 69 14 18 13 19
60 69 64 65 10 19 14 15
66 70 65 71 16 20 15 21
67 71 66 72 17 21 16 22
68 72 67 73 18 22 17 23
69 73 68 74 19 23 18 24
65 74 69 70 15 24 19 20
71 50 70 51 21 0 20 1
72 51 71 52 22 1 21 2
73 52 72 53 23 2 22 3
74 53 73 54 24 3 23 4
70 54 74 50 20 4 24 0
95 79 99 75 45 29 49 25
96 75 95 76 46 25 45 26
97 76 96 77 47 26 46 27
98 77 97 78 48 27 47 28
99 78 98 79 49 28 48 29
75 84 79 80 25 34 29 30
76 80 75 81 26 30 25 31
77 81 76 82 27 31 26 32
78 82 77 83 28 32 27 33
79 83 78 84 29 33 28 34
80 89 84 85 30 39 34 35
81 85 80 86 31 35 30 36
82 86 81 87 32 36 31 37
83 87 82 88 33 37 32 38
84 88 83 89 34 38 33 39
85 94 89 90 35 44 39 40
86 90 85 91 36 40 35 41
87 91 86 92 37 41 36 42
88 92 87 93 38 42 37 43
89 93 88 94 39 43 38 44
90 99 94 95 40 49 44 45
91 95 90 96 41 45 40 46
92 96 91 97 42 46 41 47
93 97 92 98 43 47 42 48
94 98 93 99 44 48 43 49
101 105 100 106 51 55 50 56
102 106 101 107 52 56 51 57
103 107 102 108 53 57 52 58
104 108 103 109 54 58 53 59
100 109 104 105 50 59 54 55
106 110 105 111 56 60 55 61
107 111 106 112 57 61 56 62
108 112 107 113 58 62 57 63
109 113 108 114 59 63 58 64
105 114 109 110 55 64 59 60
111 115 110 116 61 65 60 66
112 116 111 117 62 66 61 67
113 117 112 118 63 67 62 68
114 118 113 119 64 68 63 69
110 119 114 115 60 69 64 65
116 120 115 121 66 70 65 71
117 121 116 122 67 71 66 72
118 122 117 123 68 72 67 73
119 123 118 124 69 73 68 74
115 124 119 120 65 74 69 70
121 100 120 101 71 50 70 51
122 101 121 102 72 51 71 52
123 102 122 103 73 52 72 53
124 103 123 104 74 53 73 54
120 104 124 100 70 54 74 50
145 129 149 125 95 79 99 75
146 125 145 126 96 75 95 76
147 126 146 127 97 76 96 77
148 127 147 128 98 77 97 78
149 128 148 129 99 78 98 79
125 134 129 130 75 84 79 80
126 130 125 131 76 80 75 81
127 131 126 132 77 81 76 82
128 132 127 133 78 82 77 83
129 133 128 134 79 83 78 84
130 139 134 135 80 89 84 85
131 135 130 136 81 85 80 86
132 136 131 137 82 86 81 87
133 137 132 138 83 87 82 88
134 138 133 139 84 88 83 89
135 144 139 140 85 94 89 90
136 140 135 141 86 90 85 91
137 141 136 142 87 91 86 92
138 142 137 143 88 92 87 93
139 143 138 144 89 93 88 94
140 149 144 145 90 99 94 95
141 145 140 146 91 95 90 96
142 146 141 147 92 96 91 97
143 147 142 148 93 97 92 98
144 148 143 149 94 98 93 99
151 155 150 156 101 105 100 106
152 156 151 157 102 106 101 107
153 157 152 158 103 107 102 108
154 158 153 159 104 108 103 109
150 159 154 155 100 109 104 105
156 160 155 161 106 110 105 111
157 161 156 162 107 111 106 112
158 162 157 163 108 112 107 113
159 163 158 164 109 113 108 114
155 164 159 160 105 114 109 110
161 165 160 166 111 115 110 116
162 166 161 167 112 116 111 117
163 167 162 168 113 117 112 118
164 168 163 169 114 118 113 119
160 169 164 165 110 119 114 115
166 170 165 171 116 120 115 121
167 171 166 172 117 121 116 122
168 172 167 173 118 122 117 123
169 173 168 174 119 123 118 124
165 174 169 170 115 124 119 120
171 150 170 151 121 100 120 101
172 151 171 152 122 101 121 102
173 152 172 153 123 102 122 103
174 153 173 154 124 103 123 104
170 154 174 150 120 104 124 100
195 179 199 175 145 129 149 125
196 175 195 176 146 125 145 126
197 176 196 177 147 126 146 127
198 177 197 178 148 127 147 128
199 178 198 179 149 128 148 129
175 184 179 180 125 134 129 130
176 180 175 181 126 130 125 131
177 181 176 182 127 131 126 132
178 182 177 183 128 132 127 133
179 183 178 184 129 133 128 134
180 189 184 185 130 139 134 135
181 185 180 186 131 135 130 136
182 186 181 187 132 136 131 137
183 187 182 188 133 137 132 138
184 188 183 189 134 138 133 139
185 194 189 190 135 144 139 140
186 190 185 191 136 140 135 141
187 191 186 192 137 141 136 142
188 192 187 193 138 142 137 143
189 193 188 194 139 143 138 144
190 199 194 195 140 149 144 145
191 195 190 196 141 145 140 146
192 196 191 197 142 146 141 147
193 197 192 198 143 147 142 148
194 198 193 199 144 148 143 149
201 205 200 206 151 155 150 156
202 206 201 207 152 156 151 157
203 207 202 208 153 157 152 158
204 208 203 209 154 158 153 159
200 209 204 205 150 159 154 155
206 210 205 211 156 160 155 161
207 211 206 212 157 161 156 162
208 212 207 213 158 162 157 163
209 213 208 214 159 163 158 164
205 214 209 210 155 164 159 160
211 215 210 216 161 165 160 166
212 216 211 217 162 166 161 167
213 217 212 218 163 167 162 168
214 218 213 219 164 168 163 169
210 219 214 215 160 169 164 165
216 220 215 221 166 170 165 171
217 221 216 222 167 171 166 172
218 222 217 223 168 172 167 173
219 223 218 224 169 173 168 174
215 224 219 220 165 174 169 170
221 200 220 201 171 150 170 151
222 201 221 202 172 151 171 152
223 202 222 203 173 152 172 153
224 203 223 204 174 153 173 154
220 204 224 200 170 154 174 150
245 229 249 225 195 179 199 175
246 225 245 226 196 175 195 176
247 226 246 227 197 176 196 177
248 227 247 228 198 177 197 178
249 228 248 229 199 178 198 179
225 234 229 230 175 184 179 180
226 230 225 231 176 180 175 181
227 231 226 232 177 181 176 182
228 232 227 233 178 182 177 183
229 233 228 234 179 183 178 184
230 239 234 235 180 189 184 185
231 235 230 236 181 185 180 186
232 236 231 237 182 186 181 187
233 237 232 238 183 187 182 188
234 238 233 239 184 188 183 189
235 244 239 240 185 194 189 190
236 240 235 241 186 190 185 191
237 241 236 242 187 191 186 192
238 242 237 243 188 192 187 193
239 243 238 244 189 193 188 194
240 249 244 245 190 199 194 195
241 245 240 246 191 195 190 196
242 246 241 247 192 196 191 197
243 247 242 248 193 197 192 198
244 248 243 249 194 198 193 199
1 5 0 6 201 205 200 206
2 6 1 7 202 206 201 207
3 7 2 8 203 207 202 208
4 8 3 9 204 208 203 209
0 9 4 5 200 209 204 205
6 10 5 11 206 210 205 211
7 11 6 12 207 211 206 212
8 12 7 13 208 212 207 213
9 13 8 14 209 213 208 214
5 14 9 10 205 214 209 210
11 15 10 16 211 215 210 216
12 16 11 17 212 216 211 217
13 17 12 18 213 217 212 218
14 18 13 19 214 218 213 219
10 19 14 15 210 219 214 215
16 20 15 21 216 220 215 221
17 21 16 22 217 221 216 222
18 22 17 23 218 222 217 223
19 23 18 24 219 223 218 224
15 24 19 20 215 224 219 220
21 0 20 1 221 200 220 201
22 1 21 2 222 201 221 202
23 2 22 3 223 202 222 203
24 3 23 4 224 203 223 204
20 4 24 0 220 204 224 200
