120 71 127 64 1016 967 1023 960
121 64 120 65 1017 960 1016 961
122 65 121 66 1018 961 1017 962
123 66 122 67 1019 962 1018 963
124 67 123 68 1020 963 1019 964
125 68 124 69 1021 964 1020 965
126 69 125 70 1022 965 1021 966
127 70 126 71 1023 966 1022 967
64 79 71 72 960 975 967 968
65 72 64 73 961 968 960 969
66 73 65 74 962 969 961 970
67 74 66 75 963 970 962 971
68 75 67 76 964 971 963 972
69 76 68 77 965 972 964 973
70 77 69 78 966 973 965 974
71 78 70 79 967 974 966 975
72 87 79 80 968 983 975 976
73 80 72 81 969 976 968 977
74 81 73 82 970 977 969 978
75 82 74 83 971 978 970 979
76 83 75 84 972 979 971 980
77 84 76 85 973 980 972 981
78 85 77 86 974 981 973 982
79 86 78 87 975 982 974 983
80 95 87 88 976 991 983 984
81 88 80 89 977 984 976 985
82 89 81 90 978 985 977 986
83 90 82 91 979 986 978 987
84 91 83 92 980 987 979 988
85 92 84 93 981 988 980 989
86 93 85 94 982 989 981 990
87 94 86 95 983 990 982 991
88 103 95 96 984 999 991 992
89 96 88 97 985 992 984 993
90 97 89 98 986 993 985 994
91 98 90 99 987 994 986 995
92 99 91 100 988 995 987 996
93 100 92 101 989 996 988 997
94 101 93 102 990 997 989 998
95 102 94 103 991 998 990 999
96 111 103 104 992 1007 999 1000
97 104 96 105 993 1000 992 1001
98 105 97 106 994 1001 993 1002
99 106 98 107 995 1002 994 1003
100 107 99 108 996 1003 995 1004
101 108 100 109 997 1004 996 1005
102 109 101 110 998 1005 997 1006
103 110 102 111 999 1006 998 1007
104 119 111 112 1000 1015 1007 1008
105 112 104 113 1001 1008 1000 1009
106 113 105 114 1002 1009 1001 1010
107 114 106 115 1003 1010 1002 1011
108 115 107 116 1004 1011 1003 1012
109 116 108 117 1005 1012 1004 1013
110 117 109 118 1006 1013 1005 1014
111 118 110 119 1007 1014 1006 1015
112 127 119 120 1008 1023 1015 1016
113 120 112 121 1009 1016 1008 1017
114 121 113 122 1010 1017 1009 1018
115 122 114 123 1011 1018 1010 1019
116 123 115 124 1012 1019 1011 1020
117 124 116 125 1013 1020 1012 1021
118 125 117 126 1014 1021 1013 1022
119 126 118 127 1015 1022 1014 1023
129 136 128 137 1 8 0 9
130 137 129 138 2 9 1 10
131 138 130 139 3 10 2 11
132 139 131 140 4 11 3 12
133 140 132 141 5 12 4 13
134 141 133 142 6 13 5 14
135 142 134 143 7 14 6 15
128 143 135 136 0 15 7 8
137 144 136 145 9 16 8 17
138 145 137 146 10 17 9 18
139 146 138 147 11 18 10 19
140 147 139 148 12 19 11 20
141 148 140 149 13 20 12 21
142 149 141 150 14 21 13 22
143 150 142 151 15 22 14 23
136 151 143 144 8 23 15 16
145 152 144 153 17 24 16 25
146 153 145 154 18 25 17 26
147 154 146 155 19 26 18 27
148 155 147 156 20 27 19 28
149 156 148 157 21 28 20 29
150 157 149 158 22 29 21 30
151 158 150 159 23 30 22 31
144 159 151 152 16 31 23 24
153 160 152 161 25 32 24 33
154 161 153 162 26 33 25 34
155 162 154 163 27 34 26 35
156 163 155 164 28 35 27 36
157 164 156 165 29 36 28 37
158 165 157 166 30 37 29 38
159 166 158 167 31 38 30 39
152 167 159 160 24 39 31 32
161 168 160 169 33 40 32 41
162 169 161 170 34 41 33 42
163 170 162 171 35 42 34 43
164 171 163 172 36 43 35 44
165 172 164 173 37 44 36 45
166 173 165 174 38 45 37 46
167 174 166 175 39 46 38 47
160 175 167 168 32 47 39 40
169 176 168 177 41 48 40 49
170 177 169 178 42 49 41 50
171 178 170 179 43 50 42 51
172 179 171 180 44 51 43 52
173 180 172 181 45 52 44 53
174 181 173 182 46 53 45 54
175 182 174 183 47 54 46 55
168 183 175 176 40 55 47 48
177 184 176 185 49 56 48 57
178 185 177 186 50 57 49 58
179 186 178 187 51 58 50 59
180 187 179 188 52 59 51 60
181 188 180 189 53 60 52 61
182 189 181 190 54 61 53 62
183 190 182 191 55 62 54 63
176 191 183 184 48 63 55 56
185 128 184 129 57 0 56 1
186 129 185 130 58 1 57 2
187 130 186 131 59 2 58 3
188 131 187 132 60 3 59 4
189 132 188 133 61 4 60 5
190 133 189 134 62 5 61 6
191 134 190 135 63 6 62 7
184 135 191 128 56 7 63 0
248 199 255 192 120 71 127 64
249 192 248 193 121 64 120 65
250 193 249 194 122 65 121 66
251 194 250 195 123 66 122 67
252 195 251 196 124 67 123 68
253 196 252 197 125 68 124 69
254 197 253 198 126 69 125 70
255 198 254 199 127 70 126 71
192 207 199 200 64 79 71 72
193 200 192 201 65 72 64 73
194 201 193 202 66 73 65 74
195 202 194 203 67 74 66 75
196 203 195 204 68 75 67 76
197 204 196 205 69 76 68 77
198 205 197 206 70 77 69 78
199 206 198 207 71 78 70 79
200 215 207 208 72 87 79 80
201 208 200 209 73 80 72 81
202 209 201 210 74 81 73 82
203 210 202 211 75 82 74 83
204 211 203 212 76 83 75 84
205 212 204 213 77 84 76 85
206 213 205 214 78 85 77 86
207 214 206 215 79 86 78 87
208 223 215 216 80 95 87 88
209 216 208 217 81 88 80 89
210 217 209 218 82 89 81 90
211 218 210 219 83 90 82 91
212 219 211 220 84 91 83 92
213 220 212 221 85 92 84 93
214 221 213 222 86 93 85 94
215 222 214 223 87 94 86 95
216 231 223 224 88 103 95 96
217 224 216 225 89 96 88 97
218 225 217 226 90 97 89 98
219 226 218 227 91 98 90 99
220 227 219 228 92 99 91 100
221 228 220 229 93 100 92 101
222 229 221 230 94 101 93 102
223 230 222 231 95 102 94 103
224 239 231 232 96 111 103 104
225 232 224 233 97 104 96 105
226 233 225 234 98 105 97 106
227 234 226 235 99 106 98 107
228 235 227 236 100 107 99 108
229 236 228 237 101 108 100 109
230 237 229 238 102 109 101 110
231 238 230 239 103 110 102 111
232 247 239 240 104 119 111 112
233 240 232 241 105 112 104 113
234 241 233 242 106 113 105 114
235 242 234 243 107 114 106 115
236 243 235 244 108 115 107 116
237 244 236 245 109 116 108 117
238 245 237 246 110 117 109 118
239 246 238 247 111 118 110 119
240 255 247 248 112 127 119 120
241 248 240 249 113 120 112 121
242 249 241 250 114 121 113 122
243 250 242 251 115 122 114 123
244 251 243 252 116 123 115 124
245 252 244 253 117 124 116 125
246 253 245 254 118 125 117 126
247 254 246 255 119 126 118 127
257 264 256 265 129 136 128 137
258 265 257 266 130 137 129 138
259 266 258 267 131 138 130 139
260 267 259 268 132 139 131 140
261 268 260 269 133 140 132 141
262 269 261 270 134 141 133 142
263 270 262 271 135 142 134 143
256 271 263 264 128 143 135 136
265 272 264 273 137 144 136 145
266 273 265 274 138 145 137 146
267 274 266 275 139 146 138 147
268 275 267 276 140 147 139 148
269 276 268 277 141 148 140 149
270 277 269 278 142 149 141 150
271 278 270 279 143 150 142 151
264 279 271 272 136 151 143 144
273 280 272 281 145 152 144 153
274 281 273 282 146 153 145 154
275 282 274 283 147 154 146 155
276 283 275 284 148 155 147 156
277 284 276 285 149 156 148 157
278 285 277 286 150 157 149 158
279 286 278 287 151 158 150 159
272 287 279 280 144 159 151 152
281 288 280 289 153 160 152 161
282 289 281 290 154 161 153 162
283 290 282 291 155 162 154 163
284 291 283 292 156 163 155 164
285 292 284 293 157 164 156 165
286 293 285 294 158 165 157 166
287 294 286 295 159 166 158 167
280 295 287 288 152 167 159 160
289 296 288 297 161 168 160 169
290 297 289 298 162 169 161 170
291 298 290 299 163 170 162 171
292 299 291 300 164 171 163 172
293 300 292 301 165 172 164 173
294 301 293 302 166 173 165 174
295 302 294 303 167 174 166 175
288 303 295 296 160 175 167 168
297 304 296 305 169 176 168 177
298 305 297 306 170 177 169 178
299 306 298 307 171 178 170 179
300 307 299 308 172 179 171 180
301 308 300 309 173 180 172 181
302 309 301 310 174 181 173 182
303 310 302 311 175 182 174 183
296 311 303 304 168 183 175 176
305 312 304 313 177 184 176 185
306 313 305 314 178 185 177 186
307 314 306 315 179 186 178 187
308 315 307 316 180 187 179 188
309 316 308 317 181 188 180 189
310 317 309 318 182 189 181 190
311 318 310 319 183 190 182 191
304 319 311 312 176 191 183 184
313 256 312 257 185 128 184 129
314 257 313 258 186 129 185 130
315 258 314 259 187 130 186 131
316 259 315 260 188 131 187 132
317 260 316 261 189 132 188 133
318 261 317 262 190 133 189 134
319 262 318 263 191 134 190 135
312 263 319 256 184 135 191 128
376 327 383 320 248 199 255 192
377 320 376 321 249 192 248 193
378 321 377 322 250 193 249 194
379 322 378 323 251 194 250 195
380 323 379 324 252 195 251 196
381 324 380 325 253 196 252 197
382 325 381 326 254 197 253 198
383 326 382 327 255 198 254 199
320 335 327 328 192 207 199 200
321 328 320 329 193 200 192 201
322 329 321 330 194 201 193 202
323 330 322 331 195 202 194 203
324 331 323 332 196 203 195 204
325 332 324 333 197 204 196 205
326 333 325 334 198 205 197 206
327 334 326 335 199 206 198 207
328 343 335 336 200 215 207 208
329 336 328 337 201 208 200 209
330 337 329 338 202 209 201 210
331 338 330 339 203 210 202 211
332 339 331 340 204 211 203 212
333 340 332 341 205 212 204 213
334 341 333 342 206 213 205 214
335 342 334 343 207 214 206 215
336 351 343 344 208 223 215 216
337 344 336 345 209 216 208 217
338 345 337 346 210 217 209 218
339 346 338 347 211 218 210 219
340 347 339 348 212 219 211 220
341 348 340 349 213 220 212 221
342 349 341 350 214 221 213 222
343 350 342 351 215 222 214 223
344 359 351 352 216 231 223 224
345 352 344 353 217 224 216 225
346 353 345 354 218 225 217 226
347 354 346 355 219 226 218 227
348 355 347 356 220 227 219 228
349 356 348 357 221 228 220 229
350 357 349 358 222 229 221 230
351 358 350 359 223 230 222 231
352 367 359 360 224 239 231 232
353 360 352 361 225 232 224 233
354 361 353 362 226 233 225 234
355 362 354 363 227 234 226 235
356 363 355 364 228 235 227 236
357 364 356 365 229 236 228 237
358 365 357 366 230 237 229 238
359 366 358 367 231 238 230 239
360 375 367 368 232 247 239 240
361 368 360 369 233 240 232 241
362 369 361 370 234 241 233 242
363 370 362 371 235 242 234 243
364 371 363 372 236 243 235 244
365 372 364 373 237 244 236 245
366 373 365 374 238 245 237 246
367 374 366 375 239 246 238 247
368 383 375 376 240 255 247 248
369 376 368 377 241 248 240 249
370 377 369 378 242 249 241 250
371 378 370 379 243 250 242 251
372 379 371 380 244 251 243 252
373 380 372 381 245 252 244 253
374 381 373 382 246 253 245 254
375 382 374 383 247 254 246 255
385 392 384 393 257 264 256 265
386 393 385 394 258 265 257 266
387 394 386 395 259 266 258 267
388 395 387 396 260 267 259 268
389 396 388 397 261 268 260 269
390 397 389 398 262 269 261 270
391 398 390 399 263 270 262 271
384 399 391 392 256 271 263 264
393 400 392 401 265 272 264 273
394 401 393 402 266 273 265 274
395 402 394 403 267 274 266 275
396 403 395 404 268 275 267 276
397 404 396 405 269 276 268 277
398 405 397 406 270 277 269 278
399 406 398 407 271 278 270 279
392 407 399 400 264 279 271 272
401 408 400 409 273 280 272 281
402 409 401 410 274 281 273 282
403 410 402 411 275 282 274 283
404 411 403 412 276 283 275 284
405 412 404 413 277 284 276 285
406 413 405 414 278 285 277 286
407 414 406 415 279 286 278 287
400 415 407 408 272 287 279 280
409 416 408 417 281 288 280 289
410 417 409 418 282 289 281 290
411 418 410 419 283 290 282 291
412 419 411 420 284 291 283 292
413 420 412 421 285 292 284 293
414 421 413 422 286 293 285 294
415 422 414 423 287 294 286 295
408 423 415 416 280 295 287 288
417 424 416 425 289 296 288 297
418 425 417 426 290 297 289 298
419 426 418 427 291 298 290 299
420 427 419 428 292 299 291 300
421 428 420 429 293 300 292 301
422 429 421 430 294 301 293 302
423 430 422 431 295 302 294 303
416 431 423 424 288 303 295 296
425 432 424 433 297 304 296 305
426 433 425 434 298 305 297 306
427 434 426 435 299 306 298 307
428 435 427 436 300 307 299 308
429 436 428 437 301 308 300 309
430 437 429 438 302 309 301 310
431 438 430 439 303 310 302 311
424 439 431 432 296 311 303 304
433 440 432 441 305 312 304 313
434 441 433 442 306 313 305 314
435 442 434 443 307 314 306 315
436 443 435 444 308 315 307 316
437 444 436 445 309 316 308 317
438 445 437 446 310 317 309 318
439 446 438 447 311 318 310 319
432 447 439 440 304 319 311 312
441 384 440 385 313 256 312 257
442 385 441 386 314 257 313 258
443 386 442 387 315 258 314 259
444 387 443 388 316 259 315 260
445 388 444 389 317 260 316 261
446 389 445 390 318 261 317 262
447 390 446 391 319 262 318 263
440 391 447 384 312 263 319 256
504 455 511 448 376 327 383 320
505 448 504 449 377 320 376 321
506 449 505 450 378 321 377 322
507 450 506 451 379 322 378 323
508 451 507 452 380 323 379 324
509 452 508 453 381 324 380 325
510 453 509 454 382 325 381 326
511 454 510 455 383 326 382 327
448 463 455 456 320 335 327 328
449 456 448 457 321 328 320 329
450 457 449 458 322 329 321 330
451 458 450 459 323 330 322 331
452 459 451 460 324 331 323 332
453 460 452 461 325 332 324 333
454 461 453 462 326 333 325 334
455 462 454 463 327 334 326 335
456 471 463 464 328 343 335 336
457 464 456 465 329 336 328 337
458 465 457 466 330 337 329 338
459 466 458 467 331 338 330 339
460 467 459 468 332 339 331 340
461 468 460 469 333 340 332 341
462 469 461 470 334 341 333 342
463 470 462 471 335 342 334 343
464 479 471 472 336 351 343 344
465 472 464 473 337 344 336 345
466 473 465 474 338 345 337 346
467 474 466 475 339 346 338 347
468 475 467 476 340 347 339 348
469 476 468 477 341 348 340 349
470 477 469 478 342 349 341 350
471 478 470 479 343 350 342 351
472 487 479 480 344 359 351 352
473 480 472 481 345 352 344 353
474 481 473 482 346 353 345 354
475 482 474 483 347 354 346 355
476 483 475 484 348 355 347 356
477 484 476 485 349 356 348 357
478 485 477 486 350 357 349 358
479 486 478 487 351 358 350 359
480 495 487 488 352 367 359 360
481 488 480 489 353 360 352 361
482 489 481 490 354 361 353 362
483 490 482 491 355 362 354 363
484 491 483 492 356 363 355 364
485 492 484 493 357 364 356 365
486 493 485 494 358 365 357 366
487 494 486 495 359 366 358 367
488 503 495 496 360 375 367 368
489 496 488 497 361 368 360 369
490 497 489 498 362 369 361 370
491 498 490 499 363 370 362 371
492 499 491 500 364 371 363 372
493 500 492 501 365 372 364 373
494 501 493 502 366 373 365 374
495 502 494 503 367 374 366 375
496 511 503 504 368 383 375 376
497 504 496 505 369 376 368 377
498 505 497 506 370 377 369 378
499 506 498 507 371 378 370 379
500 507 499 508 372 379 371 380
501 508 500 509 373 380 372 381
502 509 501 510 374 381 373 382
503 510 502 511 375 382 374 383
513 520 512 521 385 392 384 393
514 521 513 522 386 393 385 394
515 522 514 523 387 394 386 395
516 523 515 524 388 395 387 396
517 524 516 525 389 396 388 397
518 525 517 526 390 397 389 398
519 526 518 527 391 398 390 399
512 527 519 520 384 399 391 392
521 528 520 529 393 400 392 401
522 529 521 530 394 401 393 402
523 530 522 531 395 402 394 403
524 531 523 532 396 403 395 404
525 532 524 533 397 404 396 405
526 533 525 534 398 405 397 406
527 534 526 535 399 406 398 407
520 535 527 528 392 407 399 400
529 536 528 537 401 408 400 409
530 537 529 538 402 409 401 410
531 538 530 539 403 410 402 411
532 539 531 540 404 411 403 412
533 540 532 541 405 412 404 413
534 541 533 542 406 413 405 414
535 542 534 543 407 414 406 415
528 543 535 536 400 415 407 408
537 544 536 545 409 416 408 417
538 545 537 546 410 417 409 418
539 546 538 547 411 418 410 419
540 547 539 548 412 419 411 420
541 548 540 549 413 420 412 421
542 549 541 550 414 421 413 422
543 550 542 551 415 422 414 423
536 551 543 544 408 423 415 416
545 552 544 553 417 424 416 425
546 553 545 554 418 425 417 426
547 554 546 555 419 426 418 427
548 555 547 556 420 427 419 428
549 556 548 557 421 428 420 429
550 557 549 558 422 429 421 430
551 558 550 559 423 430 422 431
544 559 551 552 416 431 423 424
553 560 552 561 425 432 424 433
554 561 553 562 426 433 425 434
555 562 554 563 427 434 426 435
556 563 555 564 428 435 427 436
557 564 556 565 429 436 428 437
558 565 557 566 430 437 429 438
559 566 558 567 431 438 430 439
552 567 559 560 424 439 431 432
561 568 560 569 433 440 432 441
562 569 561 570 434 441 433 442
563 570 562 571 435 442 434 443
564 571 563 572 436 443 435 444
565 572 564 573 437 444 436 445
566 573 565 574 438 445 437 446
567 574 566 575 439 446 438 447
560 575 567 568 432 447 439 440
569 512 568 513 441 384 440 385
570 513 569 514 442 385 441 386
571 514 570 515 443 386 442 387
572 515 571 516 444 387 443 388
573 516 572 517 445 388 444 389
574 517 573 518 446 389 445 390
575 518 574 519 447 390 446 391
568 519 575 512 440 391 447 384
632 583 639 576 504 455 511 448
633 576 632 577 505 448 504 449
634 577 633 578 506 449 505 450
635 578 634 579 507 450 506 451
636 579 635 580 508 451 507 452
637 580 636 581 509 452 508 453
638 581 637 582 510 453 509 454
639 582 638 583 511 454 510 455
576 591 583 584 448 463 455 456
577 584 576 585 449 456 448 457
578 585 577 586 450 457 449 458
579 586 578 587 451 458 450 459
580 587 579 588 452 459 451 460
581 588 580 589 453 460 452 461
582 589 581 590 454 461 453 462
583 590 582 591 455 462 454 463
584 599 591 592 456 471 463 464
585 592 584 593 457 464 456 465
586 593 585 594 458 465 457 466
587 594 586 595 459 466 458 467
588 595 587 596 460 467 459 468
589 596 588 597 461 468 460 469
590 597 589 598 462 469 461 470
591 598 590 599 463 470 462 471
592 607 599 600 464 479 471 472
593 600 592 601 465 472 464 473
594 601 593 602 466 473 465 474
595 602 594 603 467 474 466 475
596 603 595 604 468 475 467 476
597 604 596 605 469 476 468 477
598 605 597 606 470 477 469 478
599 606 598 607 471 478 470 479
600 615 607 608 472 487 479 480
601 608 600 609 473 480 472 481
602 609 601 610 474 481 473 482
603 610 602 611 475 482 474 483
604 611 603 612 476 483 475 484
605 612 604 613 477 484 476 485
606 613 605 614 478 485 477 486
607 614 606 615 479 486 478 487
608 623 615 616 480 495 487 488
609 616 608 617 481 488 480 489
610 617 609 618 482 489 481 490
611 618 610 619 483 490 482 491
612 619 611 620 484 491 483 492
613 620 612 621 485 492 484 493
614 621 613 622 486 493 485 494
615 622 614 623 487 494 486 495
616 631 623 624 488 503 495 496
617 624 616 625 489 496 488 497
618 625 617 626 490 497 489 498
619 626 618 627 491 498 490 499
620 627 619 628 492 499 491 500
621 628 620 629 493 500 492 501
622 629 621 630 494 501 493 502
623 630 622 631 495 502 494 503
624 639 631 632 496 511 503 504
625 632 624 633 497 504 496 505
626 633 625 634 498 505 497 506
627 634 626 635 499 506 498 507
628 635 627 636 500 507 499 508
629 636 628 637 501 508 500 509
630 637 629 638 502 509 501 510
631 638 630 639 503 510 502 511
641 648 640 649 513 520 512 521
642 649 641 650 514 521 513 522
643 650 642 651 515 522 514 523
644 651 643 652 516 523 515 524
645 652 644 653 517 524 516 525
646 653 645 654 518 525 517 526
647 654 646 655 519 526 518 527
640 655 647 648 512 527 519 520
649 656 648 657 521 528 520 529
650 657 649 658 522 529 521 530
651 658 650 659 523 530 522 531
652 659 651 660 524 531 523 532
653 660 652 661 525 532 524 533
654 661 653 662 526 533 525 534
655 662 654 663 527 534 526 535
648 663 655 656 520 535 527 528
657 664 656 665 529 536 528 537
658 665 657 666 530 537 529 538
659 666 658 667 531 538 530 539
660 667 659 668 532 539 531 540
661 668 660 669 533 540 532 541
662 669 661 670 534 541 533 542
663 670 662 671 535 542 534 543
656 671 663 664 528 543 535 536
665 672 664 673 537 544 536 545
666 673 665 674 538 545 537 546
667 674 666 675 539 546 538 547
668 675 667 676 540 547 539 548
669 676 668 677 541 548 540 549
670 677 669 678 542 549 541 550
671 678 670 679 543 550 542 551
664 679 671 672 536 551 543 544
673 680 672 681 545 552 544 553
674 681 673 682 546 553 545 554
675 682 674 683 547 554 546 555
676 683 675 684 548 555 547 556
677 684 676 685 549 556 548 557
678 685 677 686 550 557 549 558
679 686 678 687 551 558 550 559
672 687 679 680 544 559 551 552
681 688 680 689 553 560 552 561
682 689 681 690 554 561 553 562
683 690 682 691 555 562 554 563
684 691 683 692 556 563 555 564
685 692 684 693 557 564 556 565
686 693 685 694 558 565 557 566
687 694 686 695 559 566 558 567
680 695 687 688 552 567 559 560
689 696 688 697 561 568 560 569
690 697 689 698 562 569 561 570
691 698 690 699 563 570 562 571
692 699 691 700 564 571 563 572
693 700 692 701 565 572 564 573
694 701 693 702 566 573 565 574
695 702 694 703 567 574 566 575
688 703 695 696 560 575 567 568
697 640 696 641 569 512 568 513
698 641 697 642 570 513 569 514
699 642 698 643 571 514 570 515
700 643 699 644 572 515 571 516
701 644 700 645 573 516 572 517
702 645 701 646 574 517 573 518
703 646 702 647 575 518 574 519
696 647 703 640 568 519 575 512
760 711 767 704 632 583 639 576
761 704 760 705 633 576 632 577
762 705 761 706 634 577 633 578
763 706 762 707 635 578 634 579
764 707 763 708 636 579 635 580
765 708 764 709 637 580 636 581
766 709 765 710 638 581 637 582
767 710 766 711 639 582 638 583
704 719 711 712 576 591 583 584
705 712 704 713 577 584 576 585
706 713 705 714 578 585 577 586
707 714 706 715 579 586 578 587
708 715 707 716 580 587 579 588
709 716 708 717 581 588 580 589
710 717 709 718 582 589 581 590
711 718 710 719 583 590 582 591
712 727 719 720 584 599 591 592
713 720 712 721 585 592 584 593
714 721 713 722 586 593 585 594
715 722 714 723 587 594 586 595
716 723 715 724 588 595 587 596
717 724 716 725 589 596 588 597
718 725 717 726 590 597 589 598
719 726 718 727 591 598 590 599
720 735 727 728 592 607 599 600
721 728 720 729 593 600 592 601
722 729 721 730 594 601 593 602
723 730 722 731 595 602 594 603
724 731 723 732 596 603 595 604
725 732 724 733 597 604 596 605
726 733 725 734 598 605 597 606
727 734 726 735 599 606 598 607
728 743 735 736 600 615 607 608
729 736 728 737 601 608 600 609
730 737 729 738 602 609 601 610
731 738 730 739 603 610 602 611
732 739 731 740 604 611 603 612
733 740 732 741 605 612 604 613
734 741 733 742 606 613 605 614
735 742 734 743 607 614 606 615
736 751 743 744 608 623 615 616
737 744 736 745 609 616 608 617
738 745 737 746 610 617 609 618
739 746 738 747 611 618 610 619
740 747 739 748 612 619 611 620
741 748 740 749 613 620 612 621
742 749 741 750 614 621 613 622
743 750 742 751 615 622 614 623
744 759 751 752 616 631 623 624
745 752 744 753 617 624 616 625
746 753 745 754 618 625 617 626
747 754 746 755 619 626 618 627
748 755 747 756 620 627 619 628
749 756 748 757 621 628 620 629
750 757 749 758 622 629 621 630
751 758 750 759 623 630 622 631
752 767 759 760 624 639 631 632
753 760 752 761 625 632 624 633
754 761 753 762 626 633 625 634
755 762 754 763 627 634 626 635
756 763 755 764 628 635 627 636
757 764 756 765 629 636 628 637
758 765 757 766 630 637 629 638
759 766 758 767 631 638 630 639
769 776 768 777 641 648 640 649
770 777 769 778 642 649 641 650
771 778 770 779 643 650 642 651
772 779 771 780 644 651 643 652
773 780 772 781 645 652 644 653
774 781 773 782 646 653 645 654
775 782 774 783 647 654 646 655
768 783 775 776 640 655 647 648
777 784 776 785 649 656 648 657
778 785 777 786 650 657 649 658
779 786 778 787 651 658 650 659
780 787 779 788 652 659 651 660
781 788 780 789 653 660 652 661
782 789 781 790 654 661 653 662
783 790 782 791 655 662 654 663
776 791 783 784 648 663 655 656
785 792 784 793 657 664 656 665
786 793 785 794 658 665 657 666
787 794 786 795 659 666 658 667
788 795 787 796 660 667 659 668
789 796 788 797 661 668 660 669
790 797 789 798 662 669 661 670
791 798 790 799 663 670 662 671
784 799 791 792 656 671 663 664
793 800 792 801 665 672 664 673
794 801 793 802 666 673 665 674
795 802 794 803 667 674 666 675
796 803 795 804 668 675 667 676
797 804 796 805 669 676 668 677
798 805 797 806 670 677 669 678
799 806 798 807 671 678 670 679
792 807 799 800 664 679 671 672
801 808 800 809 673 680 672 681
802 809 801 810 674 681 673 682
803 810 802 811 675 682 674 683
804 811 803 812 676 683 675 684
805 812 804 813 677 684 676 685
806 813 805 814 678 685 677 686
807 814 806 815 679 686 678 687
800 815 807 808 672 687 679 680
809 816 808 817 681 688 680 689
810 817 809 818 682 689 681 690
811 818 810 819 683 690 682 691
812 819 811 820 684 691 683 692
813 820 812 821 685 692 684 693
814 821 813 822 686 693 685 694
815 822 814 823 687 694 686 695
808 823 815 816 680 695 687 688
817 824 816 825 689 696 688 697
818 825 817 826 690 697 689 698
819 826 818 827 691 698 690 699
820 827 819 828 692 699 691 700
821 828 820 829 693 700 692 701
822 829 821 830 694 701 693 702
823 830 822 831 695 702 694 703
816 831 823 824 688 703 695 696
825 768 824 769 697 640 696 641
826 769 825 770 698 641 697 642
827 770 826 771 699 642 698 643
828 771 827 772 700 643 699 644
829 772 828 773 701 644 700 645
830 773 829 774 702 645 701 646
831 774 830 775 703 646 702 647
824 775 831 768 696 647 703 640
888 839 895 832 760 711 767 704
889 832 888 833 761 704 760 705
890 833 889 834 762 705 761 706
891 834 890 835 763 706 762 707
892 835 891 836 764 707 763 708
893 836 892 837 765 708 764 709
894 837 893 838 766 709 765 710
895 838 894 839 767 710 766 711
832 847 839 840 704 719 711 712
833 840 832 841 705 712 704 713
834 841 833 842 706 713 705 714
835 842 834 843 707 714 706 715
836 843 835 844 708 715 707 716
837 844 836 845 709 716 708 717
838 845 837 846 710 717 709 718
839 846 838 847 711 718 710 719
840 855 847 848 712 727 719 720
841 848 840 849 713 720 712 721
842 849 841 850 714 721 713 722
843 850 842 851 715 722 714 723
844 851 843 852 716 723 715 724
845 852 844 853 717 724 716 725
846 853 845 854 718 725 717 726
847 854 846 855 719 726 718 727
848 863 855 856 720 735 727 728
849 856 848 857 721 728 720 729
850 857 849 858 722 729 721 730
851 858 850 859 723 730 722 731
852 859 851 860 724 731 723 732
853 860 852 861 725 732 724 733
854 861 853 862 726 733 725 734
855 862 854 863 727 734 726 735
856 871 863 864 728 743 735 736
857 864 856 865 729 736 728 737
858 865 857 866 730 737 729 738
859 866 858 867 731 738 730 739
860 867 859 868 732 739 731 740
861 868 860 869 733 740 732 741
862 869 861 870 734 741 733 742
863 870 862 871 735 742 734 743
864 879 871 872 736 751 743 744
865 872 864 873 737 744 736 745
866 873 865 874 738 745 737 746
867 874 866 875 739 746 738 747
868 875 867 876 740 747 739 748
869 876 868 877 741 748 740 749
870 877 869 878 742 749 741 750
871 878 870 879 743 750 742 751
872 887 879 880 744 759 751 752
873 880 872 881 745 752 744 753
874 881 873 882 746 753 745 754
875 882 874 883 747 754 746 755
876 883 875 884 748 755 747 756
877 884 876 885 749 756 748 757
878 885 877 886 750 757 749 758
879 886 878 887 751 758 750 759
880 895 887 888 752 767 759 760
881 888 880 889 753 760 752 761
882 889 881 890 754 761 753 762
883 890 882 891 755 762 754 763
884 891 883 892 756 763 755 764
885 892 884 893 757 764 756 765
886 893 885 894 758 765 757 766
887 894 886 895 759 766 758 767
897 904 896 905 769 776 768 777
898 905 897 906 770 777 769 778
899 906 898 907 771 778 770 779
900 907 899 908 772 779 771 780
901 908 900 909 773 780 772 781
902 909 901 910 774 781 773 782
903 910 902 911 775 782 774 783
896 911 903 904 768 783 775 776
905 912 904 913 777 784 776 785
906 913 905 914 778 785 777 786
907 914 906 915 779 786 778 787
908 915 907 916 780 787 779 788
909 916 908 917 781 788 780 789
910 917 909 918 782 789 781 790
911 918 910 919 783 790 782 791
904 919 911 912 776 791 783 784
913 920 912 921 785 792 784 793
914 921 913 922 786 793 785 794
915 922 914 923 787 794 786 795
916 923 915 924 788 795 787 796
917 924 916 925 789 796 788 797
918 925 917 926 790 797 789 798
919 926 918 927 791 798 790 799
912 927 919 920 784 799 791 792
921 928 920 929 793 800 792 801
922 929 921 930 794 801 793 802
923 930 922 931 795 802 794 803
924 931 923 932 796 803 795 804
925 932 924 933 797 804 796 805
926 933 925 934 798 805 797 806
927 934 926 935 799 806 798 807
920 935 927 928 792 807 799 800
929 936 928 937 801 808 800 809
930 937 929 938 802 809 801 810
931 938 930 939 803 810 802 811
932 939 931 940 804 811 803 812
933 940 932 941 805 812 804 813
934 941 933 942 806 813 805 814
935 942 934 943 807 814 806 815
928 943 935 936 800 815 807 808
937 944 936 945 809 816 808 817
938 945 937 946 810 817 809 818
939 946 938 947 811 818 810 819
940 947 939 948 812 819 811 820
941 948 940 949 813 820 812 821
942 949 941 950 814 821 813 822
943 950 942 951 815 822 814 823
936 951 943 944 808 823 815 816
945 952 944 953 817 824 816 825
946 953 945 954 818 825 817 826
947 954 946 955 819 826 818 827
948 955 947 956 820 827 819 828
949 956 948 957 821 828 820 829
950 957 949 958 822 829 821 830
951 958 950 959 823 830 822 831
944 959 951 952 816 831 823 824
953 896 952 897 825 768 824 769
954 897 953 898 826 769 825 770
955 898 954 899 827 770 826 771
956 899 955 900 828 771 827 772
957 900 956 901 829 772 828 773
958 901 957 902 830 773 829 774
959 902 958 903 831 774 830 775
952 903 959 896 824 775 831 768
1016 967 1023 960 888 839 895 832
1017 960 1016 961 889 832 888 833
1018 961 1017 962 890 833 889 834
1019 962 1018 963 891 834 890 835
1020 963 1019 964 892 835 891 836
1021 964 1020 965 893 836 892 837
1022 965 1021 966 894 837 893 838
1023 966 1022 967 895 838 894 839
960 975 967 968 832 847 839 840
961 968 960 969 833 840 832 841
962 969 961 970 834 841 833 842
963 970 962 971 835 842 834 843
964 971 963 972 836 843 835 844
965 972 964 973 837 844 836 845
966 973 965 974 838 845 837 846
967 974 966 975 839 846 838 847
968 983 975 976 840 855 847 848
969 976 968 977 841 848 840 849
970 977 969 978 842 849 841 850
971 978 970 979 843 850 842 851
972 979 971 980 844 851 843 852
973 980 972 981 845 852 844 853
974 981 973 982 846 853 845 854
975 982 974 983 847 854 846 855
976 991 983 984 848 863 855 856
977 984 976 985 849 856 848 857
978 985 977 986 850 857 849 858
979 986 978 987 851 858 850 859
980 987 979 988 852 859 851 860
981 988 980 989 853 860 852 861
982 989 981 990 854 861 853 862
983 990 982 991 855 862 854 863
984 999 991 992 856 871 863 864
985 992 984 993 857 864 856 865
986 993 985 994 858 865 857 866
987 994 986 995 859 866 858 867
988 995 987 996 860 867 859 868
989 996 988 997 861 868 860 869
990 997 989 998 862 869 861 870
991 998 990 999 863 870 862 871
992 1007 999 1000 864 879 871 872
993 1000 992 1001 865 872 864 873
994 1001 993 1002 866 873 865 874
995 1002 994 1003 867 874 866 875
996 1003 995 1004 868 875 867 876
997 1004 996 1005 869 876 868 877
998 1005 997 1006 870 877 869 878
999 1006 998 1007 871 878 870 879
1000 1015 1007 1008 872 887 879 880
1001 1008 1000 1009 873 880 872 881
1002 1009 1001 1010 874 881 873 882
1003 1010 1002 1011 875 882 874 883
1004 1011 1003 1012 876 883 875 884
1005 1012 1004 1013 877 884 876 885
1006 1013 1005 1014 878 885 877 886
1007 1014 1006 1015 879 886 878 887
1008 1023 1015 1016 880 895 887 888
1009 1016 1008 1017 881 888 880 889
1010 1017 1009 1018 882 889 881 890
1011 1018 1010 1019 883 890 882 891
1012 1019 1011 1020 884 891 883 892
1013 1020 1012 1021 885 892 884 893
1014 1021 1013 1022 886 893 885 894
1015 1022 1014 1023 887 894 886 895
1 8 0 9 897 904 896 905
2 9 1 10 898 905 897 906
3 10 2 11 899 906 898 907
4 11 3 12 900 907 899 908
5 12 4 13 901 908 900 909
6 13 5 14 902 909 901 910
7 14 6 15 903 910 902 911
0 15 7 8 896 911 903 904
9 16 8 17 905 912 904 913
10 17 9 18 906 913 905 914
11 18 10 19 907 914 906 915
12 19 11 20 908 915 907 916
13 20 12 21 909 916 908 917
14 21 13 22 910 917 909 918
15 22 14 23 911 918 910 919
8 23 15 16 904 919 911 912
17 24 16 25 913 920 912 921
18 25 17 26 914 921 913 922
19 26 18 27 915 922 914 923
20 27 19 28 916 923 915 924
21 28 20 29 917 924 916 925
22 29 21 30 918 925 917 926
23 30 22 31 919 926 918 927
16 31 23 24 912 927 919 920
25 32 24 33 921 928 920 929
26 33 25 34 922 929 921 930
27 34 26 35 923 930 922 931
28 35 27 36 924 931 923 932
29 36 28 37 925 932 924 933
30 37 29 38 926 933 925 934
31 38 30 39 927 934 926 935
24 39 31 32 920 935 927 928
33 40 32 41 929 936 928 937
34 41 33 42 930 937 929 938
35 42 34 43 931 938 930 939
36 43 35 44 932 939 931 940
37 44 36 45 933 940 932 941
38 45 37 46 934 941 933 942
39 46 38 47 935 942 934 943
32 47 39 40 928 943 935 936
41 48 40 49 937 944 936 945
42 49 41 50 938 945 937 946
43 50 42 51 939 946 938 947
44 51 43 52 940 947 939 948
45 52 44 53 941 948 940 949
46 53 45 54 942 949 941 950
47 54 46 55 943 950 942 951
40 55 47 48 936 951 943 944
49 56 48 57 945 952 944 953
50 57 49 58 946 953 945 954
51 58 50 59 947 954 946 955
52 59 51 60 948 955 947 956
53 60 52 61 949 956 948 957
54 61 53 62 950 957 949 958
55 62 54 63 951 958 950 959
48 63 55 56 944 959 951 952
57 0 56 1 953 896 952 897
58 1 57 2 954 897 953 898
59 2 58 3 955 898 954 899
60 3 59 4 956 899 955 900
61 4 60 5 957 900 956 901
62 5 61 6 958 901 957 902
63 6 62 7 959 902 958 903
56 7 63 0 952 903 959 896
