1 4 20 5 25 100
2 0 21 6 26 101
3 1 22 7 27 102
4 2 23 8 28 103
0 3 24 9 29 104
6 9 0 10 30 105
7 5 1 11 31 106
8 6 2 12 32 107
9 7 3 13 33 108
5 8 4 14 34 109
11 14 5 15 35 110
12 10 6 16 36 111
13 11 7 17 37 112
14 12 8 18 38 113
10 13 9 19 39 114
16 19 10 20 40 115
17 15 11 21 41 116
18 16 12 22 42 117
19 17 13 23 43 118
15 18 14 24 44 119
21 24 15 0 45 120
22 20 16 1 46 121
23 21 17 2 47 122
24 22 18 3 48 123
20 23 19 4 49 124
26 29 45 30 50 0
27 25 46 31 51 1
28 26 47 32 52 2
29 27 48 33 53 3
25 28 49 34 54 4
31 34 25 35 55 5
32 30 26 36 56 6
33 31 27 37 57 7
34 32 28 38 58 8
30 33 29 39 59 9
36 39 30 40 60 10
37 35 31 41 61 11
38 36 32 42 62 12
39 37 33 43 63 13
35 38 34 44 64 14
41 44 35 45 65 15
42 40 36 46 66 16
43 41 37 47 67 17
44 42 38 48 68 18
40 43 39 49 69 19
46 49 40 25 70 20
47 45 41 26 71 21
48 46 42 27 72 22
49 47 43 28 73 23
45 48 44 29 74 24
51 54 70 55 75 25
52 50 71 56 76 26
53 51 72 57 77 27
54 52 73 58 78 28
50 53 74 59 79 29
56 59 50 60 80 30
57 55 51 61 81 31
58 56 52 62 82 32
59 57 53 63 83 33
55 58 54 64 84 34
61 64 55 65 85 35
62 60 56 66 86 36
63 61 57 67 87 37
64 62 58 68 88 38
60 63 59 69 89 39
66 69 60 70 90 40
67 65 61 71 91 41
68 66 62 72 92 42
69 67 63 73 93 43
65 68 64 74 94 44
71 74 65 50 95 45
72 70 66 51 96 46
73 71 67 52 97 47
74 72 68 53 98 48
70 73 69 54 99 49
76 79 95 80 100 50
77 75 96 81 101 51
78 76 97 82 102 52
79 77 98 83 103 53
75 78 99 84 104 54
81 84 75 85 105 55
82 80 76 86 106 56
83 81 77 87 107 57
84 82 78 88 108 58
80 83 79 89 109 59
86 89 80 90 110 60
87 85 81 91 111 61
88 86 82 92 112 62
89 87 83 93 113 63
85 88 84 94 114 64
91 94 85 95 115 65
92 90 86 96 116 66
93 91 87 97 117 67
94 92 88 98 118 68
90 93 89 99 119 69
96 99 90 75 120 70
97 95 91 76 121 71
98 96 92 77 122 72
99 97 93 78 123 73
95 98 94 79 124 74
101 104 120 105 0 75
102 100 121 106 1 76
103 101 122 107 2 77
104 102 123 108 3 78
100 103 124 109 4 79
106 109 100 110 5 80
107 105 101 111 6 81
108 106 102 112 7 82
109 107 103 113 8 83
105 108 104 114 9 84
111 114 105 115 10 85
112 110 106 116 11 86
113 111 107 117 12 87
114 112 108 118 13 88
110 113 109 119 14 89
116 119 110 120 15 90
117 115 111 121 16 91
118 116 112 122 17 92
119 117 113 123 18 93
115 118 114 124 19 94
121 124 115 100 20 95
122 120 116 101 21 96
123 121 117 102 22 97
124 122 118 103 23 98
120 123 119 104 24 99
