1 7 56 8
2 0 57 9
3 1 58 10
4 2 59 11
5 3 60 12
6 4 61 13
7 5 62 14
0 6 63 15
9 15 0 16
10 8 1 17
11 9 2 18
12 10 3 19
13 11 4 20
14 12 5 21
15 13 6 22
8 14 7 23
17 23 8 24
18 16 9 25
19 17 10 26
20 18 11 27
21 19 12 28
22 20 13 29
23 21 14 30
16 22 15 31
25 31 16 32
26 24 17 33
27 25 18 34
28 26 19 35
29 27 20 36
30 28 21 37
31 29 22 38
24 30 23 39
33 39 24 40
34 32 25 41
35 33 26 42
36 34 27 43
37 35 28 44
38 36 29 45
39 37 30 46
32 38 31 47
41 47 32 48
42 40 33 49
43 41 34 50
44 42 35 51
45 43 36 52
46 44 37 53
47 45 38 54
40 46 39 55
49 55 40 56
50 48 41 57
51 49 42 58
52 50 43 59
53 51 44 60
54 52 45 61
55 53 46 62
48 54 47 63
57 63 48 0
58 56 49 1
59 57 50 2
60 58 51 3
61 59 52 4
62 60 53 5
63 61 54 6
56 62 55 7
