1
64
2080
45760
766480
10424128
119877408
1198770624
10638992520
85110076480
621275882656
4179155161792
26116217256208
152647555111744
839302621258720
4.36246716967776e+15
2.15268136536384e+16
1.01222286055256e+17
4.55032294255634e+17
1.96126629899634e+18
8.12607118231248e+18
3.24398597871782e+19
1.25036216680562e+20
4.66196095952033e+20
1.68429953670017e+21
5.90559667133385e+21
2.01242521151673e+22
6.67349941710001e+22
2.15618602757107e+23
6.79512946744345e+23
2.09089388181699e+24
6.28782155963393e+24
1.84962724039387e+25
5.32646753933613e+25
1.50278430701959e+26
4.15686278420081e+26
1.12806953880354e+27
3.00523546204136e+27
7.86408616344013e+27
2.02248157451322e+28
5.11461383210207e+28
1.27246426960934e+29
3.11589933827243e+29
7.5130437277627e+29
1.78452444796064e+30
4.17708336101709e+30
9.6389345215829e+30
2.19352806735405e+31
4.92448781357538e+31
1.09099052279422e+32
2.38591318130542e+32
5.15213877551651e+32
1.09885257643124e+33
2.31539202524442e+33
4.82116517636779e+33
9.92261663910396e+33
2.01904950529553e+34
4.06265410706171e+34
8.08549128832913e+34
1.59193171218461e+35
3.1013308704016e+35
5.9794085009227e+35
1.14112285957302e+36
2.15598241381093e+36
4.03337258211886e+36
7.47258303139441e+36
1.37125683111649e+37
2.49273669925684e+37
4.48957381679094e+37
8.01243011753707e+37
1.41713433005652e+38
2.48428019954437e+38
4.31704092276446e+38
7.43736624164225e+38
1.2704255148454e+39
2.15191056262315e+39
3.61485197152448e+39
6.02272290933898e+39
9.95347218455384e+39
1.63183996832422e+40
2.65425273908765e+40
4.28359044084893e+40
6.85981685346839e+40
1.09016633180105e+41
1.71942907809183e+41
2.69166808482733e+41
4.18251865822815e+41
6.45157556453567e+41
9.87953696370944e+41
1.5020372963194e+42
2.26739751175331e+42
3.39864689358945e+42
5.05875448352835e+42
7.47768647060486e+42
1.09774914086473e+43
1.60057673443169e+43
2.31799245285489e+43
3.33452145613339e+43
4.76501364675149e+43
6.76435491619784e+43
9.53986083372206e+43
1.33669485773771e+44
1.86087691577661e+44
2.5740566327363e+44
3.53796053693889e+44
4.83215769573312e+44
6.55844194857701e+44
8.84605069962808e+44
1.18578106780737e+45
1.57972907382484e+45
2.09170239697987e+45
2.75278346812093e+45
3.6009268857945e+45
4.68210783380249e+45
6.05156484009023e+45
7.7751185444295e+45
9.93053963152963e+45
1.26089294892658e+46
1.59160666903243e+46
1.99736614027211e+46
2.49204487622559e+46
3.09130416600177e+46
3.81264539955851e+46
4.67541980030644e+46
5.70078546231267e+46
6.9116014950978e+46
8.33224944003668e+46
9.98837301727262e+46
1.1906528755071e+47
1.41137421876453e+47
1.6636967097497e+47
1.95024487045601e+47
2.27349957076048e+47
2.63571705610421e+47
3.03884121758263e+47
3.48441101773163e+47
3.97346547085437e+47
4.50644902772223e+47
5.08312060330952e+47
5.70246978481537e+47
6.36264393866678e+47
7.06088997548381e+47
7.79351441184965e+47
8.55586507434154e+47
9.34233731977588e+47
1.01464070002479e+48
1.0960691596361e+48
1.17770400010426e+48
1.25866503929998e+48
1.3380214534959e+48
1.41480857157233e+48
1.48804664793781e+48
1.5567611303788e+48
1.6200038556457e+48
1.67687454167765e+48
1.72654190499218e+48
1.76826371790487e+48
1.80140513462967e+48
1.82545465827068e+48
1.84003719110422e+48
1.84492370577009e+48
1.84003719110422e+48
1.82545465827068e+48
1.80140513462967e+48
1.76826371790487e+48
1.72654190499218e+48
1.67687454167765e+48
1.6200038556457e+48
1.5567611303788e+48
1.48804664793781e+48
1.41480857157233e+48
1.3380214534959e+48
1.25866503929998e+48
1.17770400010426e+48
1.0960691596361e+48
1.01464070002479e+48
9.34233731977588e+47
8.55586507434154e+47
7.79351441184965e+47
7.06088997548381e+47
6.36264393866678e+47
5.70246978481537e+47
5.08312060330952e+47
4.50644902772223e+47
3.97346547085437e+47
3.48441101773163e+47
3.03884121758263e+47
2.63571705610421e+47
2.27349957076048e+47
1.95024487045601e+47
1.6636967097497e+47
1.41137421876453e+47
1.1906528755071e+47
9.98837301727262e+46
8.33224944003668e+46
6.9116014950978e+46
5.70078546231267e+46
4.67541980030644e+46
3.81264539955851e+46
3.09130416600177e+46
2.49204487622559e+46
1.99736614027211e+46
1.59160666903243e+46
1.26089294892658e+46
9.93053963152963e+45
7.7751185444295e+45
6.05156484009023e+45
4.68210783380249e+45
3.6009268857945e+45
2.75278346812093e+45
2.09170239697987e+45
1.57972907382484e+45
1.18578106780737e+45
8.84605069962808e+44
6.55844194857701e+44
4.83215769573312e+44
3.53796053693889e+44
2.5740566327363e+44
1.86087691577661e+44
1.33669485773771e+44
9.53986083372206e+43
6.76435491619784e+43
4.76501364675149e+43
3.33452145613339e+43
2.31799245285489e+43
1.60057673443169e+43
1.09774914086473e+43
7.47768647060486e+42
5.05875448352835e+42
3.39864689358945e+42
2.26739751175331e+42
1.5020372963194e+42
9.87953696370944e+41
6.45157556453567e+41
4.18251865822815e+41
2.69166808482733e+41
1.71942907809183e+41
1.09016633180105e+41
6.85981685346839e+40
4.28359044084893e+40
2.65425273908765e+40
1.63183996832422e+40
9.95347218455384e+39
6.02272290933898e+39
3.61485197152448e+39
2.15191056262315e+39
1.2704255148454e+39
7.43736624164225e+38
4.31704092276446e+38
2.48428019954437e+38
1.41713433005652e+38
8.01243011753707e+37
4.48957381679094e+37
2.49273669925684e+37
1.37125683111649e+37
7.47258303139441e+36
4.03337258211886e+36
2.15598241381093e+36
1.14112285957302e+36
5.9794085009227e+35
3.1013308704016e+35
1.59193171218461e+35
8.08549128832913e+34
4.06265410706171e+34
2.01904950529553e+34
9.92261663910396e+33
4.82116517636779e+33
2.31539202524442e+33
1.09885257643124e+33
5.15213877551651e+32
2.38591318130542e+32
1.09099052279422e+32
4.92448781357538e+31
2.19352806735405e+31
9.6389345215829e+30
4.17708336101709e+30
1.78452444796064e+30
7.5130437277627e+29
3.11589933827243e+29
1.27246426960934e+29
5.11461383210207e+28
2.02248157451322e+28
7.86408616344013e+27
3.00523546204136e+27
1.12806953880354e+27
4.15686278420081e+26
1.50278430701959e+26
5.32646753933613e+25
1.84962724039387e+25
6.28782155963393e+24
2.09089388181699e+24
6.79512946744345e+23
2.15618602757107e+23
6.67349941710001e+22
2.01242521151673e+22
5.90559667133385e+21
1.68429953670017e+21
4.66196095952033e+20
1.25036216680562e+20
3.24398597871782e+19
8.12607118231248e+18
1.96126629899634e+18
4.55032294255634e+17
1.01222286055256e+17
2.15268136536384e+16
4.36246716967776e+15
839302621258720
152647555111744
26116217256208
4179155161792
621275882656
85110076480
10638992520
1198770624
119877408
10424128
766480
45760
2080
64
1
