1
27
378
3654
27405
169911
906165
4271319
18145998
70508802
253446921
850404555
2683008315
8007089625
22716845010
61527156030
159656295645
398146499415
956746938435
2220556099905
4988017623420
10863860695740
22979034225225
47271327556635
94699004401170
184961963758806
352588773866202
656630469759358
1.19569502481386e+15
2.13066009316692e+15
3.71809637654431e+15
6.35817077150319e+15
1.06614889848391e+16
1.7539845849679e+16
2.83259914232263e+16
4.49270586308768e+16
7.00149689801724e+16
1.07254670114084e+17
1.61567238934437e+17
2.39419584142775e+17
3.49125748197937e+17
5.01136922363079e+17
7.08288821244651e+17
9.85966903038547e+17
1.35214325581837e+18
1.82723521089296e+18
2.43373639090982e+18
3.19557734062315e+18
4.13718615331009e+18
5.28224000841678e+18
6.65212583065308e+18
8.2641608934369e+18
1.0129659563902e+19
1.22519669842938e+19
1.46246100600184e+19
1.72297361681522e+19
2.00370163121282e+19
2.30031787779063e+19
2.6072310006269e+19
2.91770117465882e+19
3.22404402739449e+19
3.51791794869248e+19
3.79068219228382e+19
4.03380582239773e+19
4.23930147528542e+19
4.40015385091363e+19
4.51071140551342e+19
4.56701119327455e+19
4.56701119327455e+19
4.51071140551342e+19
4.40015385091363e+19
4.23930147528542e+19
4.03380582239773e+19
3.79068219228382e+19
3.51791794869248e+19
3.22404402739449e+19
2.91770117465882e+19
2.6072310006269e+19
2.30031787779063e+19
2.00370163121282e+19
1.72297361681522e+19
1.46246100600184e+19
1.22519669842938e+19
1.0129659563902e+19
8.2641608934369e+18
6.65212583065308e+18
5.28224000841678e+18
4.13718615331009e+18
3.19557734062315e+18
2.43373639090982e+18
1.82723521089296e+18
1.35214325581837e+18
9.85966903038547e+17
7.08288821244651e+17
5.01136922363079e+17
3.49125748197937e+17
2.39419584142775e+17
1.61567238934437e+17
1.07254670114084e+17
7.00149689801724e+16
4.49270586308768e+16
2.83259914232263e+16
1.7539845849679e+16
1.06614889848391e+16
6.35817077150319e+15
3.71809637654431e+15
2.13066009316692e+15
1.19569502481386e+15
656630469759358
352588773866202
184961963758806
94699004401170
47271327556635
22979034225225
10863860695740
4988017623420
2220556099905
956746938435
398146499415
159656295645
61527156030
22716845010
8007089625
2683008315
850404555
253446921
70508802
18145998
4271319
906165
169911
27405
3654
378
27
1
