1
54
1485
27720
395010
4582116
45057474
386206920
2944827765
20286591270
127805525001
743595781770
4027810481964
20448883919970
97862514789600
443643385834836
1.91321194596642e+15
7.87793012795804e+15
3.10740464690139e+16
1.17754201365696e+17
4.29802319934413e+17
1.51453846709047e+18
5.16318269328968e+18
1.70608666898471e+19
5.47365408750252e+19
1.70776168182209e+20
5.18888918944495e+20
1.53741631821601e+21
4.44739924045975e+21
1.25749296284272e+22
3.47889223715311e+22
9.42607781488994e+22
2.50360056541287e+23
6.52387805076197e+23
1.66913740633484e+24
4.19604892563558e+24
1.03716507443601e+25
2.52227510219746e+25
6.03859299171473e+25
1.42404538948172e+26
3.30969858883776e+26
7.58487111509695e+26
1.71478450299363e+27
3.82619973655094e+27
8.42960381353447e+27
1.83443826088001e+28
3.94476710967257e+28
8.38531645375461e+28
1.76257247040585e+29
3.66476564589179e+29
7.53967307407752e+29
1.53530563416858e+30
3.09525256047073e+30
6.17978670628092e+30
1.22219056333279e+31
2.39496572285644e+31
4.65111188455857e+31
8.95383547130662e+31
1.70903048994312e+32
3.23495671874505e+32
6.07366662661032e+32
1.13130461182526e+33
2.09090005453519e+33
3.83519910941929e+33
6.9825861631792e+33
1.2620844528294e+34
2.26501739357361e+34
4.03673652851531e+34
7.1454124772704e+34
1.25638350917904e+35
2.19468889258065e+35
3.80921266032545e+35
6.56995956861702e+35
1.12617844718666e+36
1.91875165259016e+36
3.24971774453665e+36
5.4718535960978e+36
9.1607347637089e+36
1.52502414741811e+37
2.5247351503055e+37
4.15707995320892e+37
6.80822358347044e+37
1.10915004798797e+38
1.79760732974986e+38
2.89856613742859e+38
4.65039849082398e+38
7.42419462594718e+38
1.17948762473209e+39
1.86489312821564e+39
2.93468673934315e+39
4.59670476958965e+39
7.16700137257499e+39
1.11240389111406e+40
1.71889348905125e+40
2.64437741122657e+40
4.05052879008003e+40
6.17787211448235e+40
9.38273424335865e+40
1.41908029772963e+41
2.13744368652696e+41
3.20638032944477e+41
4.79060015732872e+41
7.12919783279464e+41
1.05678837159699e+42
1.5604585326228e+42
2.29537157137456e+42
3.36364023056723e+42
4.91066810164945e+42
7.14273266078121e+42
1.03513928530023e+43
1.49472447428721e+43
2.15064343795702e+43
3.08345162443603e+43
4.40538098238676e+43
6.27224738176155e+43
8.89962385979315e+43
1.25847306421309e+44
1.77359592244903e+44
2.49125548885095e+44
3.48777694311856e+44
4.86698134097521e+44
6.76962472702996e+44
9.38591312763336e+44
1.29720402085692e+45
1.7871967912821e+45
2.4546017456844e+45
3.36082768282066e+45
4.5875383609642e+45
6.24299356059638e+45
8.47026491689015e+45
1.14578465894021e+46
1.54533150091073e+46
2.07808579046765e+46
2.78636973436698e+46
3.72526826729681e+46
4.96626364986129e+46
6.60184113579795e+46
8.7513069539526e+46
1.15681148754833e+47
1.52490639602649e+47
2.00458097170879e+47
2.62792261805034e+47
3.435726993269e+47
4.47971318565292e+47
5.82526217409991e+47
7.55479185079217e+47
9.77190389336479e+47
1.26064634862095e+48
1.62208028028291e+48
2.08172738127096e+48
2.66474159452162e+48
3.40230500428804e+48
4.33296625098499e+48
5.50425032723764e+48
6.97458887920358e+48
8.81562775813076e+48
1.11149771118149e+49
1.39794788354437e+49
1.75390767711623e+49
2.1951386701184e+49
2.74070759534845e+49
3.4136176348789e+49
4.2415469258972e+49
5.25770976912308e+49
6.50185775004114e+49
8.02143979689762e+49
9.87294209443311e+49
1.21234307303343e+50
1.48523219487421e+50
1.81534068922815e+50
2.21371596949157e+50
2.6933359699386e+50
3.26940603644866e+50
3.95969390404941e+50
4.78490631591337e+50
5.76911094327097e+50
6.94020733024824e+50
8.33045060281931e+50
9.97703163706621e+50
1.19227172682928e+51
1.42165539282415e+51
1.69146378113134e+51
2.00809542806951e+51
2.37882887200549e+51
2.81192104046811e+51
3.31671301968466e+51
3.9037431953979e+51
4.58486764663374e+51
5.37338755065002e+51
6.28418321713064e+51
7.333854212581e+51
8.5408648619159e+51
9.92569422384815e+51
1.15109894307158e+52
1.33217210631002e+52
1.53853389967328e+52
1.7731926916031e+52
2.03943534379364e+52
2.34084175349139e+52
2.68129856909352e+52
3.06501179734875e+52
3.4965179963164e+52
3.9806937255733e+52
4.52276290457602e+52
5.12830171222671e+52
5.80324064622596e+52
6.55386335041823e+52
7.38680181274389e+52
8.30902753630552e+52
9.32783829210848e+52
1.04508400748888e+53
1.16859239036783e+53
1.30412371368914e+53
1.45251490081673e+53
1.61462101342768e+53
1.79131058002785e+53
1.98346028898203e+53
2.19194903998844e+53
2.41765135590664e+53
2.66143016561454e+53
2.92412897805426e+53
3.20656347773723e+53
3.50951258260446e+53
3.83370901614617e+53
4.17982945692567e+53
4.54848433995507e+53
4.94020739555015e+53
5.35544502214927e+53
5.79454559990562e+53
6.2577488614356e+53
6.74517544470765e+53
7.25681676046298e+53
7.79252531255744e+53
8.35200561399461e+53
8.93480584399335e+53
9.5403103920252e+53
1.01677334332219e+54
1.08161136757711e+54
1.1484310414804e+54
1.21710010187868e+54
1.28746799635462e+54
1.35936595158318e+54
1.43260721528169e+54
1.50698747863007e+54
1.58228548407661e+54
1.658263821309e+54
1.7346699118857e+54
1.81123718061998e+54
1.88768640932069e+54
1.9637272659586e+54
2.03905999978242e+54
2.11337729039762e+54
2.18636623638412e+54
2.2577104667105e+54
2.32709235604296e+54
2.39419532308843e+54
2.45870618939125e+54
2.52031757455727e+54
2.57873030273866e+54
2.63365579440601e+54
2.6848184169808e+54
2.73195776781904e+54
2.77483086333403e+54
2.81321420872661e+54
2.84690572385106e+54
2.87572650217337e+54
2.89952238155871e+54
2.91816530773313e+54
2.93155447367034e+54
2.93961722082292e+54
2.94230969100774e+54
2.93961722082292e+54
2.93155447367034e+54
2.91816530773313e+54
2.89952238155871e+54
2.87572650217337e+54
2.84690572385106e+54
2.81321420872661e+54
2.77483086333403e+54
2.73195776781904e+54
2.6848184169808e+54
2.63365579440601e+54
2.57873030273866e+54
2.52031757455727e+54
2.45870618939125e+54
2.39419532308843e+54
2.32709235604296e+54
2.2577104667105e+54
2.18636623638412e+54
2.11337729039762e+54
2.03905999978242e+54
1.9637272659586e+54
1.88768640932069e+54
1.81123718061998e+54
1.7346699118857e+54
1.658263821309e+54
1.58228548407661e+54
1.50698747863007e+54
1.43260721528169e+54
1.35936595158318e+54
1.28746799635462e+54
1.21710010187868e+54
1.1484310414804e+54
1.08161136757711e+54
1.01677334332219e+54
9.5403103920252e+53
8.93480584399335e+53
8.35200561399461e+53
7.79252531255744e+53
7.25681676046298e+53
6.74517544470765e+53
6.2577488614356e+53
5.79454559990562e+53
5.35544502214927e+53
4.94020739555015e+53
4.54848433995507e+53
4.17982945692567e+53
3.83370901614617e+53
3.50951258260446e+53
3.20656347773723e+53
2.92412897805426e+53
2.66143016561454e+53
2.41765135590664e+53
2.19194903998844e+53
1.98346028898203e+53
1.79131058002785e+53
1.61462101342768e+53
1.45251490081673e+53
1.30412371368914e+53
1.16859239036783e+53
1.04508400748888e+53
9.32783829210848e+52
8.30902753630552e+52
7.38680181274389e+52
6.55386335041823e+52
5.80324064622596e+52
5.12830171222671e+52
4.52276290457602e+52
3.9806937255733e+52
3.4965179963164e+52
3.06501179734875e+52
2.68129856909352e+52
2.34084175349139e+52
2.03943534379364e+52
1.7731926916031e+52
1.53853389967328e+52
1.33217210631002e+52
1.15109894307158e+52
9.92569422384815e+51
8.5408648619159e+51
7.333854212581e+51
6.28418321713064e+51
5.37338755065002e+51
4.58486764663374e+51
3.9037431953979e+51
3.31671301968466e+51
2.81192104046811e+51
2.37882887200549e+51
2.00809542806951e+51
1.69146378113134e+51
1.42165539282415e+51
1.19227172682928e+51
9.97703163706621e+50
8.33045060281931e+50
6.94020733024824e+50
5.76911094327097e+50
4.78490631591337e+50
3.95969390404941e+50
3.26940603644866e+50
2.6933359699386e+50
2.21371596949157e+50
1.81534068922815e+50
1.48523219487421e+50
1.21234307303343e+50
9.87294209443311e+49
8.02143979689762e+49
6.50185775004114e+49
5.25770976912308e+49
4.2415469258972e+49
3.4136176348789e+49
2.74070759534845e+49
2.1951386701184e+49
1.75390767711623e+49
1.39794788354437e+49
1.11149771118149e+49
8.81562775813076e+48
6.97458887920358e+48
5.50425032723764e+48
4.33296625098499e+48
3.40230500428804e+48
2.66474159452162e+48
2.08172738127096e+48
1.62208028028291e+48
1.26064634862095e+48
9.77190389336479e+47
7.55479185079217e+47
5.82526217409991e+47
4.47971318565292e+47
3.435726993269e+47
2.62792261805034e+47
2.00458097170879e+47
1.52490639602649e+47
1.15681148754833e+47
8.7513069539526e+46
6.60184113579795e+46
4.96626364986129e+46
3.72526826729681e+46
2.78636973436698e+46
2.07808579046765e+46
1.54533150091073e+46
1.14578465894021e+46
8.47026491689015e+45
6.24299356059638e+45
4.5875383609642e+45
3.36082768282066e+45
2.4546017456844e+45
1.7871967912821e+45
1.29720402085692e+45
9.38591312763336e+44
6.76962472702996e+44
4.86698134097521e+44
3.48777694311856e+44
2.49125548885095e+44
1.77359592244903e+44
1.25847306421309e+44
8.89962385979315e+43
6.27224738176155e+43
4.40538098238676e+43
3.08345162443603e+43
2.15064343795702e+43
1.49472447428721e+43
1.03513928530023e+43
7.14273266078121e+42
4.91066810164945e+42
3.36364023056723e+42
2.29537157137456e+42
1.5604585326228e+42
1.05678837159699e+42
7.12919783279464e+41
4.79060015732872e+41
3.20638032944477e+41
2.13744368652696e+41
1.41908029772963e+41
9.38273424335865e+40
6.17787211448235e+40
4.05052879008003e+40
2.64437741122657e+40
1.71889348905125e+40
1.11240389111406e+40
7.16700137257499e+39
4.59670476958965e+39
2.93468673934315e+39
1.86489312821564e+39
1.17948762473209e+39
7.42419462594718e+38
4.65039849082398e+38
2.89856613742859e+38
1.79760732974986e+38
1.10915004798797e+38
6.80822358347044e+37
4.15707995320892e+37
2.5247351503055e+37
1.52502414741811e+37
9.1607347637089e+36
5.4718535960978e+36
3.24971774453665e+36
1.91875165259016e+36
1.12617844718666e+36
6.56995956861702e+35
3.80921266032545e+35
2.19468889258065e+35
1.25638350917904e+35
7.1454124772704e+34
4.03673652851531e+34
2.26501739357361e+34
1.2620844528294e+34
6.9825861631792e+33
3.83519910941929e+33
2.09090005453519e+33
1.13130461182526e+33
6.07366662661032e+32
3.23495671874505e+32
1.70903048994312e+32
8.95383547130662e+31
4.65111188455857e+31
2.39496572285644e+31
1.22219056333279e+31
6.17978670628092e+30
3.09525256047073e+30
1.53530563416858e+30
7.53967307407752e+29
3.66476564589179e+29
1.76257247040585e+29
8.38531645375461e+28
3.94476710967257e+28
1.83443826088001e+28
8.42960381353447e+27
3.82619973655094e+27
1.71478450299363e+27
7.58487111509695e+26
3.30969858883776e+26
1.42404538948172e+26
6.03859299171473e+25
2.52227510219746e+25
1.03716507443601e+25
4.19604892563558e+24
1.66913740633484e+24
6.52387805076197e+23
2.50360056541287e+23
9.42607781488994e+22
3.47889223715311e+22
1.25749296284272e+22
4.44739924045975e+21
1.53741631821601e+21
5.18888918944495e+20
1.70776168182209e+20
5.47365408750252e+19
1.70608666898471e+19
5.16318269328968e+18
1.51453846709047e+18
4.29802319934413e+17
1.17754201365696e+17
3.10740464690139e+16
7.87793012795804e+15
1.91321194596642e+15
443643385834836
97862514789600
20448883919970
4027810481964
743595781770
127805525001
20286591270
2944827765
386206920
45057474
4582116
395010
27720
1485
54
1
