1
54
1485
27720
395010
4582116
45057420
386204004
2944747575
20285094390
127784194461
743348347560
4025377382715
20428028903754
97703497712205
442547970904116
1.90631126030994e+15
7.83778494585114e+15
3.08566300352246e+16
1.1665067331115e+17
4.2452305354257e+17
1.49061765402643e+18
5.06009226892671e+18
1.66367398052249e+19
5.30654081584516e+19
1.64451970070728e+20
4.95843459473526e+20
1.45636853229991e+21
4.17174525167606e+21
1.16665639599572e+22
3.188381536536e+22
8.52297884530992e+22
2.23033168758052e+23
5.71796874642755e+23
1.43721732508154e+24
3.54408715971125e+24
8.57948770586765e+24
2.04009103026761e+25
4.76770282028018e+25
1.09563476879516e+26
2.47703154620293e+26
5.51196064240737e+26
1.20775224109791e+27
2.60690125608615e+27
5.54516372442906e+27
1.16280338805875e+28
2.40464526396775e+28
4.90559256031976e+28
9.87559635967599e+28
1.96243602956727e+29
3.85044236936686e+29
7.461487488324e+29
1.42840408493661e+30
2.70205183023553e+30
5.05189576466683e+30
9.3374831943527e+30
1.70652389913791e+31
3.08453932060794e+31
5.51503329442474e+31
9.75588700725095e+31
1.70774761814911e+32
2.95864743488311e+32
5.07395489326645e+32
8.61493935238457e+32
1.44835735332226e+33
2.41146058010757e+33
3.97673020452976e+33
6.49638652219815e+33
1.05141306231096e+34
1.68610475464069e+34
2.67952168705517e+34
4.22028199504921e+34
6.58847988884012e+34
1.01961181992571e+35
1.56435393750631e+35
2.37973568821535e+35
3.58969419074812e+35
5.36983823459239e+35
7.96670163120913e+35
1.17232145609783e+36
1.71120322594863e+36
2.47786605945281e+36
3.55966278068018e+36
5.07372531419983e+36
7.17568316482459e+36
1.00704257802475e+37
1.40252208655538e+37
1.93854951915028e+37
2.6593558117203e+37
3.62104949965005e+37
4.89413717633004e+37
6.56637674845437e+37
8.74594835717698e+37
1.15649063229614e+38
1.51828491480196e+38
1.97907136760235e+38
2.56145645614888e+38
3.29192123048749e+38
4.20114538484121e+38
5.32426912316368e+38
6.7010648735601e+38
8.37598804309369e+38
1.03980741569411e+39
1.2820649247884e+39
1.57008216136347e+39
1.9098726366049e+39
2.30764998168426e+39
2.7696968837291e+39
3.30220509189423e+39
3.91108736096549e+39
4.6017636979734e+39
5.37892592646398e+39
6.24628631159997e+39
7.20631770754512e+39
8.2599942926204e+39
9.40654333425662e+39
1.06432194589526e+40
1.19651134817168e+40
1.33650078781538e+40
1.48332903864137e+40
1.63579359623656e+40
1.79245653738905e+40
1.95165861457252e+40
2.11154184358615e+40
2.27008048625038e+40
2.4251199470322e+40
2.57442271207423e+40
2.71572008282573e+40
2.84676811655294e+40
2.96540590394226e+40
3.06961410906555e+40
3.15757158474206e+40
3.2277078674716e+40
3.27874945542662e+40
3.3097579788394e+40
3.32015867632284e+40
3.3097579788394e+40
3.27874945542662e+40
3.2277078674716e+40
3.15757158474206e+40
3.06961410906555e+40
2.96540590394226e+40
2.84676811655294e+40
2.71572008282573e+40
2.57442271207423e+40
2.4251199470322e+40
2.27008048625038e+40
2.11154184358615e+40
1.95165861457252e+40
1.79245653738905e+40
1.63579359623656e+40
1.48332903864137e+40
1.33650078781538e+40
1.19651134817168e+40
1.06432194589526e+40
9.40654333425662e+39
8.2599942926204e+39
7.20631770754512e+39
6.24628631159997e+39
5.37892592646398e+39
4.6017636979734e+39
3.91108736096549e+39
3.30220509189423e+39
2.7696968837291e+39
2.30764998168426e+39
1.9098726366049e+39
1.57008216136347e+39
1.2820649247884e+39
1.03980741569411e+39
8.37598804309369e+38
6.7010648735601e+38
5.32426912316368e+38
4.20114538484121e+38
3.29192123048749e+38
2.56145645614888e+38
1.97907136760235e+38
1.51828491480196e+38
1.15649063229614e+38
8.74594835717698e+37
6.56637674845437e+37
4.89413717633004e+37
3.62104949965005e+37
2.6593558117203e+37
1.93854951915028e+37
1.40252208655538e+37
1.00704257802475e+37
7.17568316482459e+36
5.07372531419983e+36
3.55966278068018e+36
2.47786605945281e+36
1.71120322594863e+36
1.17232145609783e+36
7.96670163120913e+35
5.36983823459239e+35
3.58969419074812e+35
2.37973568821535e+35
1.56435393750631e+35
1.01961181992571e+35
6.58847988884012e+34
4.22028199504921e+34
2.67952168705517e+34
1.68610475464069e+34
1.05141306231096e+34
6.49638652219815e+33
3.97673020452976e+33
2.41146058010757e+33
1.44835735332226e+33
8.61493935238457e+32
5.07395489326645e+32
2.95864743488311e+32
1.70774761814911e+32
9.75588700725095e+31
5.51503329442474e+31
3.08453932060794e+31
1.70652389913791e+31
9.3374831943527e+30
5.05189576466683e+30
2.70205183023553e+30
1.42840408493661e+30
7.461487488324e+29
3.85044236936686e+29
1.96243602956727e+29
9.87559635967599e+28
4.90559256031976e+28
2.40464526396775e+28
1.16280338805875e+28
5.54516372442906e+27
2.60690125608615e+27
1.20775224109791e+27
5.51196064240737e+26
2.47703154620293e+26
1.09563476879516e+26
4.76770282028018e+25
2.04009103026761e+25
8.57948770586765e+24
3.54408715971125e+24
1.43721732508154e+24
5.71796874642755e+23
2.23033168758052e+23
8.52297884530992e+22
3.188381536536e+22
1.16665639599572e+22
4.17174525167606e+21
1.45636853229991e+21
4.95843459473526e+20
1.64451970070728e+20
5.30654081584516e+19
1.66367398052249e+19
5.06009226892671e+18
1.49061765402643e+18
4.2452305354257e+17
1.1665067331115e+17
3.08566300352246e+16
7.83778494585114e+15
1.90631126030994e+15
442547970904116
97703497712205
20428028903754
4025377382715
743348347560
127784194461
20285094390
2944747575
386204004
45057420
4582116
395010
27720
1485
54
1
