1
64
2016
41664
635376
7624512
74974368
621216192
4426165368
27540584512
151473214816
743595781824
3284214703056
13136858812224
47855699958816
159518999862720
488526937079580
1.37937017528352e+15
3.60168879101808e+15
8.71987812562272e+15
1.96197257826511e+16
4.11079968779357e+16
8.03474484432379e+16
1.46721427592e+17
2.50649105469666e+17
4.01038568751466e+17
6.01557853127199e+17
8.46636978475317e+17
1.11877029298524e+18
1.3888182947403e+18
1.62028801053035e+18
1.77709007606554e+18
1.83262414094259e+18
1.77709007606554e+18
1.62028801053035e+18
1.3888182947403e+18
1.11877029298524e+18
8.46636978475317e+17
6.01557853127199e+17
4.01038568751466e+17
2.50649105469666e+17
1.46721427592e+17
8.03474484432379e+16
4.11079968779357e+16
1.96197257826511e+16
8.71987812562272e+15
3.60168879101808e+15
1.37937017528352e+15
488526937079580
159518999862720
47855699958816
13136858812224
3284214703056
743595781824
151473214816
27540584512
4426165368
621216192
74974368
7624512
635376
41664
2016
64
1
