1
108
5778
204156
5359095
111469176
1913554188
27883218168
352025629371
3911395881900
38722819230810
344985116783580
2.7886296940006e+15
2.05929577403122e+16
1.39737927523547e+17
8.75691012480893e+17
5.08995401004519e+18
2.75456334661269e+19
1.39258480300975e+20
6.59645433004618e+20
2.93542217687055e+21
1.23008167411718e+22
4.86441389309977e+22
1.81886780350687e+23
6.4418234707535e+23
2.16445268617318e+24
6.90959895970668e+24
2.09847079517018e+25
6.07057622888515e+25
1.67464171831315e+26
4.40988985822462e+26
1.10958519013394e+27
2.66993936375978e+27
6.14895126199223e+27
1.3563863077924e+28
2.86778819361822e+28
5.81523717039251e+28
1.13161371964395e+29
2.11433089722948e+29
3.79495289246317e+29
6.54629373949897e+29
1.08572676655105e+30
1.73199269902191e+30
2.65840739849875e+30
3.92719274778224e+30
5.58534079684585e+30
7.64948848263671e+30
1.00908145941165e+31
1.28237435466897e+31
1.57025431183956e+31
1.85290008797068e+31
2.10721970788823e+31
2.30983698749286e+31
2.44058247735095e+31
2.48577844915374e+31
2.44058247735095e+31
2.30983698749286e+31
2.10721970788823e+31
1.85290008797068e+31
1.57025431183956e+31
1.28237435466897e+31
1.00908145941165e+31
7.64948848263671e+30
5.58534079684585e+30
3.92719274778224e+30
2.65840739849875e+30
1.73199269902191e+30
1.08572676655105e+30
6.54629373949897e+29
3.79495289246317e+29
2.11433089722948e+29
1.13161371964395e+29
5.81523717039251e+28
2.86778819361822e+28
1.3563863077924e+28
6.14895126199223e+27
2.66993936375978e+27
1.10958519013394e+27
4.40988985822462e+26
1.67464171831315e+26
6.07057622888515e+25
2.09847079517018e+25
6.90959895970668e+24
2.16445268617318e+24
6.4418234707535e+23
1.81886780350687e+23
4.86441389309977e+22
1.23008167411718e+22
2.93542217687055e+21
6.59645433004618e+20
1.39258480300975e+20
2.75456334661269e+19
5.08995401004519e+18
8.75691012480893e+17
1.39737927523547e+17
2.05929577403122e+16
2.7886296940006e+15
344985116783580
38722819230810
3911395881900
352025629371
27883218168
1913554188
111469176
5359095
204156
5778
108
1
