1
27
378
3654
27405
169911
906192
4272048
18156204
70607460
254186829
854991423
2707464942
8122326786
23206189905
63427687299
166485254418
421056303462
1029040479456
2436455775600
5601369962385
12528674808795
27312555585330
58124052612990
120922082549775
246246654690621
491423088538242
962099577796438
1.84961491874168e+15
3.49478635306878e+15
6.49511531249966e+15
1.18822915576356e+16
2.14118988239142e+16
3.80297413454511e+16
6.66124982351376e+16
1.15128968514931e+17
1.96438071806804e+17
3.31039111800998e+17
5.51229206677169e+17
9.07315952062972e+17
1.47679773601782e+18
2.37778146810931e+18
3.7883846124181e+18
5.97449767929821e+18
9.32910303749834e+18
1.44274004487226e+19
2.21033293251378e+19
3.35547576287114e+19
5.04866863668031e+19
7.53043567337246e+19
1.11371201733996e+20
1.63350206230045e+20
2.3765146636289e+20
3.4301358823705e+20
4.91252024228686e+20
6.9821346120042e+20
9.84981845329476e+20
1.37938838751221e+21
1.91788470125557e+21
2.64784475610333e+21
3.6303671641625e+21
4.94365393528556e+21
6.68704461668045e+21
8.98578495734019e+21
1.19966061045666e+22
1.59141829836414e+22
2.09785280348512e+22
2.74833579966816e+22
3.57854461043995e+22
4.63149392190207e+22
5.9586578509641e+22
7.62117131549611e+22
9.69109392380365e+22
1.22527131150895e+23
1.5403856148473e+23
1.92571729213716e+23
2.39413437260231e+23
2.96021582164235e+23
3.6403404409497e+23
4.45274998926818e+23
5.41757920105302e+23
6.55684501427135e+23
7.894387176543e+23
9.45575252979477e+23
1.12680157229033e+24
1.33595299080554e+24
1.57596021685628e+24
1.84980900194852e+24
2.16049173176318e+24
2.51095102958892e+24
2.90401571595895e+24
3.34232976895201e+24
3.82827525052744e+24
4.3638904951392e+24
4.95078518561084e+24
5.59005425425314e+24
6.28219282983961e+24
7.02701468824876e+24
7.82357684148894e+24
8.6701130025638e+24
9.56397868007121e+24
1.05016105769144e+25
1.14785027856065e+25
1.24892019857597e+25
1.35273234591551e+25
1.45855892505812e+25
1.56558892293783e+25
1.67293651628663e+25
1.77965172182621e+25
1.88473315875493e+25
1.98714272060344e+25
2.08582188376429e+25
2.17970931565596e+25
2.26775938930127e+25
2.34896116562139e+25
2.42235737217636e+25
2.48706288918329e+25
2.54228225163223e+25
2.58732569079811e+25
2.62162326935059e+25
2.64473671084831e+25
2.6563685852598e+25
2.6563685852598e+25
2.64473671084831e+25
2.62162326935059e+25
2.58732569079811e+25
2.54228225163223e+25
2.48706288918329e+25
2.42235737217636e+25
2.34896116562139e+25
2.26775938930127e+25
2.17970931565596e+25
2.08582188376429e+25
1.98714272060344e+25
1.88473315875493e+25
1.77965172182621e+25
1.67293651628663e+25
1.56558892293783e+25
1.45855892505812e+25
1.35273234591551e+25
1.24892019857597e+25
1.14785027856065e+25
1.05016105769144e+25
9.56397868007121e+24
8.6701130025638e+24
7.82357684148894e+24
7.02701468824876e+24
6.28219282983961e+24
5.59005425425314e+24
4.95078518561084e+24
4.3638904951392e+24
3.82827525052744e+24
3.34232976895201e+24
2.90401571595895e+24
2.51095102958892e+24
2.16049173176318e+24
1.84980900194852e+24
1.57596021685628e+24
1.33595299080554e+24
1.12680157229033e+24
9.45575252979477e+23
7.894387176543e+23
6.55684501427135e+23
5.41757920105302e+23
4.45274998926818e+23
3.6403404409497e+23
2.96021582164235e+23
2.39413437260231e+23
1.92571729213716e+23
1.5403856148473e+23
1.22527131150895e+23
9.69109392380365e+22
7.62117131549611e+22
5.9586578509641e+22
4.63149392190207e+22
3.57854461043995e+22
2.74833579966816e+22
2.09785280348512e+22
1.59141829836414e+22
1.19966061045666e+22
8.98578495734019e+21
6.68704461668045e+21
4.94365393528556e+21
3.6303671641625e+21
2.64784475610333e+21
1.91788470125557e+21
1.37938838751221e+21
9.84981845329476e+20
6.9821346120042e+20
4.91252024228686e+20
3.4301358823705e+20
2.3765146636289e+20
1.63350206230045e+20
1.11371201733996e+20
7.53043567337246e+19
5.04866863668031e+19
3.35547576287114e+19
2.21033293251378e+19
1.44274004487226e+19
9.32910303749834e+18
5.97449767929821e+18
3.7883846124181e+18
2.37778146810931e+18
1.47679773601782e+18
9.07315952062972e+17
5.51229206677169e+17
3.31039111800998e+17
1.96438071806804e+17
1.15128968514931e+17
6.66124982351376e+16
3.80297413454511e+16
2.14118988239142e+16
1.18822915576356e+16
6.49511531249966e+15
3.49478635306878e+15
1.84961491874168e+15
962099577796438
491423088538242
246246654690621
120922082549775
58124052612990
27312555585330
12528674808795
5601369962385
2436455775600
1029040479456
421056303462
166485254418
63427687299
23206189905
8122326786
2707464942
854991423
254186829
70607460
18156204
4272048
906192
169911
27405
3654
378
27
1
