0
8.31776616671934
15.9421409824466
23.1608064599997
30.0915455753722
36.7988967900096
43.323682038711
49.6940721386925
55.9306863173773
62.0492728719246
68.0622542624949
73.9796807650741
79.8098511225802
85.5597339444032
91.2352639061075
96.8415560483751
102.383064661541
107.863703584883
113.286938966304
118.655861938272
123.973246367538
129.241595324157
134.463178896474
139.640065277331
144.774146554632
149.867160287994
154.920707698475
159.936269110908
164.915217148734
169.858828075916
174.768291600161
179.644719389864
184.489152509046
189.302567936838
194.08588430821
198.839966988861
203.565632578091
208.263652918043
212.934758675155
217.579642549411
222.198962158504
226.79334263707
231.363378985337
235.909638196655
240.432661189365
244.932964564963
249.411042211677
253.867366770067
258.302390975192
262.716548888048
267.110257027496
271.483915412499
275.83790852341
280.172606189999
284.488364413075
288.785526125806
293.06442190015
297.32537060327
301.568680008287
305.794647363254
310.003559921885
314.195695439185
318.371322634844
322.530701626967
326.674084338481
330.801714878336
334.913829899427
339.010658934977
343.092424714992
347.159343464233
351.211625183035
355.249473912194
359.27308798303
363.282660253662
367.278378332407
371.260424789203
375.228977355814
379.184209115574
383.126288683333
387.055380376241
390.971644375927
394.875236882626
398.766310261742
402.645013183302
406.511490754726
410.365884647317
414.208333216834
418.03897161848
421.857931916644
425.665343189677
429.461331629982
433.246020639691
437.019530922145
440.781980569427
444.533485146149
448.274157769692
452.004109187082
455.72344784868
459.432279978857
463.130709643782
466.818838816506
470.496767439433
474.164593484349
477.822413010095
481.470320218017
485.108407505291
488.736765516227
492.355483191649
495.964647816431
499.564345065283
503.154659046872
506.735672346332
510.307466066262
513.870119866254
517.423712001041
520.968319357302
524.504017489196
528.030880652677
531.548981838638
535.05839280494
538.559184107366
542.051425129546
545.535184111901
549.01052817964
552.47752336985
555.936234657712
559.386725981892
562.829060269115
566.263299457978
569.689504522021
573.10773549208
576.518051477959
579.920510689441
583.315170456669
586.702087249909
590.081316698729
593.452913610615
596.816931989035
600.173425050984
603.522445244016
606.864044262792
610.198273065157
613.525181887757
616.844820261228
620.157237024948
623.462480341396
626.760597710099
630.051635981215
633.335641368738
636.612659463345
639.882735244912
643.14591309468
646.402236807113
649.651749601443
652.894494132908
656.130512503701
659.359846273646
662.58253647059
665.798623600534
669.008147657513
672.211148133223
675.40766402641
678.59773385203
681.781395650172
684.958686994779
688.129645002146
691.294306339211
694.452707231658
697.604883471813
700.750870426364
703.890703043892
707.024415862226
710.152043015629
713.273618241816
716.389174888811
719.498745921644
722.602363928898
725.700061129109
728.791869377016
731.87782016968
734.957944652456
738.03227362484
741.100837546189
744.163666541303
747.220790405905
750.272238611981
753.318040313023
756.358224349148
759.392819252111
762.421853250214
765.445354273109
768.463349956499
771.475867646745
774.482934405373
777.48457701349
780.480821976109
783.471695526386
786.457223629765
789.437431988053
792.412346043396
795.381990982187
798.34639173889
801.305572999794
804.259559206684
807.208374560451
810.152043024618
813.090588328813
816.02403397216
818.952403226615
821.87571914023
824.794004540365
827.707282036826
830.615574024956
833.518902688658
836.417290003368
839.310757738969
842.199327462654
845.08302054173
847.961858146381
850.835861252367
853.705050643686
856.569446915179
859.429070475094
862.283941547601
865.134080175261
867.979506221453
870.820239372758
873.6562991413
876.487704867047
879.314475720066
882.13663070275
884.954188651996
887.767168241351
890.575587983118
893.379466230427
896.178821179271
898.97367087051
901.764033191833
904.549925879699
907.331366521234
910.1083725561
912.88096127834
915.64914983818
918.412955243814
921.172394363147
923.92748392552
926.678240523403
929.424680614057
932.166820521176
934.904676436496
937.638264421386
940.367600408403
943.092700202832
945.813579484194
948.530253807741
951.242738605911
953.951049189777
956.655200750464
959.355208360543
962.051086975411
964.742851434642
967.430516463323
970.114096673363
972.793606564791
975.469060527025
978.14047284013
980.807857676049
983.471229099823
986.13060107079
988.785987443761
991.437401970188
994.084858299309
996.728369979273
999.367950458259
1002.00361308557
1004.6353711127
1007.26323769443
1009.88722588984
1012.50734866338
1015.12361888584
1017.73604933542
1020.34465269865
1022.94944157143
1025.55042845995
1028.14762578165
1030.74104586615
1033.33070095621
1035.91660320857
1038.49876469491
1041.07719740271
1043.65191323611
1046.2229240168
1048.79024148482
1051.35387729947
1053.91384304006
1056.47015020677
1059.02281022144
1061.57183442835
1064.11723409503
1066.65902041301
1069.19720449859
1071.73179739357
1074.26281006602
1076.79025341101
1079.31413825129
1081.83447533806
1084.35127535162
1086.86454890211
1089.37430653016
1091.88055870756
1094.38331583799
1096.88258825758
1099.37838623564
1101.87071997527
1104.359599614
1106.84503522439
1109.32703681469
1111.80561432943
1114.28077765
1116.75253659528
1119.22090092219
1121.68588032633
1124.14748444247
1126.60572284517
1129.06060504935
1131.51214051077
1133.96033862666
1136.40520873621
1138.84676012109
1141.28500200602
1143.71994355925
1146.15159389309
1148.57996206441
1151.00505707513
1153.42688787275
1155.84546335079
1158.26079234929
1160.67288365532
1163.08174600341
1165.487388076
1167.88981850396
1170.28904586701
1172.68507869414
1175.07792546412
1177.46759460589
1179.85409449898
1182.237433474
1184.61761981302
1186.99466174998
1189.36856747114
1191.73934511545
1194.10700277499
1196.47154849534
1198.832990276
1201.19133607078
1203.54659378813
1205.89877129163
1208.24787640026
1210.59391688884
1212.93690048836
1215.2768348864
1217.61372772741
1219.94758661315
1222.27841910299
1224.60623271427
1226.93103492265
1229.25283316247
1231.57163482706
1233.88744726907
1236.20027780083
1238.51013369467
1240.81702218323
1243.12095045977
1245.42192567852
1247.71995495498
1250.01504536621
1252.30720395117
1254.59643771099
1256.88275360929
1259.16615857249
1261.44665949007
1263.72426321488
1265.99897656342
1268.27080631615
1270.53975921774
1272.80584197736
1275.06906126896
1277.32942373153
1279.58693596939
1281.84160455246
1284.09343601649
1286.34243686335
1288.58861356129
1290.83197254518
1293.0725202168
1295.31026294503
1297.54520706616
1299.77735888411
1302.00672467066
1304.23331066571
1306.45712307754
1308.678168083
1310.89645182776
1313.11198042657
1315.32475996347
1317.53479649198
1319.74209603541
1321.946664587
1324.14850811019
1326.34763253883
1328.54404377736
1330.7377477011
1332.92875015637
1335.11705696079
1337.30267390341
1339.48560674497
1341.66586121809
1343.84344302745
1346.01835785003
1348.19061133527
1350.3602091053
1352.52715675509
1354.6914598527
1356.85312393943
1359.01215453002
1361.16855711283
1363.32233715006
1365.47350007788
1367.62205130665
1369.7679962211
1371.91134018049
1374.05208851878
1376.19024654486
1378.32581954265
1380.45881277133
1382.58923146547
1384.71708083524
1386.84236606654
1388.96509232119
1391.08526473706
1393.2028884283
1395.31796848543
1397.43050997553
1399.54051794243
1401.64799740679
1403.75295336634
1405.85539079597
1407.95531464794
1410.05272985196
1412.14764131541
1414.24005392345
1416.32997253919
1418.4174020038
1420.5023471367
1422.58481273566
1424.664803577
1426.74232441566
1428.8173799854
1430.8899749989
1432.96011414791
1435.02780210342
1437.09304351572
1439.1558430146
1441.21620520947
1443.27413468947
1445.3296360236
1447.38271376089
1449.43337243048
1451.48161654178
1453.52745058457
1455.57087902915
1457.61190632644
1459.65053690815
1461.68677518682
1463.72062555602
1465.75209239043
1467.78118004596
1469.80789285989
1471.83223515096
1473.85421121951
1475.87382534756
1477.89108179897
1479.90598481951
1481.91853863701
1483.92874746144
1485.93661548504
1487.94214688241
1489.94534581066
1491.94621640945
1493.94476280116
1495.94098909096
1497.93489936692
1499.92649770015
1501.91578814484
1503.9027747384
1505.88746150156
1507.86985243849
1509.84995153683
1511.82776276789
1513.80329008665
1515.77653743192
1517.74750872643
1519.71620787689
1521.68263877414
1523.64680529318
1525.60871129332
1527.56836061826
1529.52575709615
1531.48090453972
1533.43380674635
1535.38446749817
1537.33289056213
1539.27907969012
1541.22303861904
1543.16477107089
1545.10428075285
1547.04157135737
1548.97664656225
1550.90951003076
1552.84016541166
1554.76861633935
1556.69486643389
1558.61891930113
1560.54077853279
1562.46044770649
1564.37793038589
1566.29323012075
1568.20635044698
1570.11729488677
1572.02606694861
1573.93267012742
1575.8371079046
1577.73938374811
1579.63950111253
1581.53746343918
1583.43327415613
1585.32693667834
1587.21845440768
1589.10783073303
1590.99506903034
1592.88017266273
1594.76314498052
1596.64398932132
1598.5227090101
1600.39930735926
1602.27378766871
1604.14615322591
1606.01640730596
1607.88455317166
1609.75059407358
1611.61453325012
1613.47637392761
1615.33611932029
1617.1937726305
1619.04933704862
1620.90281575321
1622.75421191107
1624.60352867727
1626.45076919524
1628.2959365968
1630.13903400228
1631.98006452051
1633.81903124895
1635.65593727369
1637.49078566955
1639.32357950013
1641.15432181785
1642.98301566405
1644.80966406901
1646.63427005201
1648.45683662142
1650.27736677472
1652.09586349858
1653.91232976893
1655.72676855095
1657.53918279921
1659.34957545767
1661.15794945975
1662.9643077284
1664.76865317612
1666.57098870506
1668.37131720701
1670.16964156352
1671.96596464592
1673.76028931536
1675.55261842288
1677.34295480947
1679.1313013061
1680.91766073379
1682.70203590363
1684.48442961687
1686.26484466494
1688.04328382953
1689.81974988259
1691.59424558642
1693.36677369372
1695.13733694761
1696.9059380817
1698.67257982011
1700.43726487758
1702.19999595942
1703.96077576166
1705.71960697102
1707.47649226499
1709.23143431186
1710.98443577079
1712.73549929183
1714.48462751596
1716.23182307518
1717.9770885925
1719.72042668201
1721.46183994892
1723.2013309896
1724.93890239164
1726.67455673386
1728.40829658638
1730.14012451066
1731.87004305952
1733.59805477721
1735.32416219944
1737.04836785341
1738.77067425786
1740.49108392312
1742.20959935114
1743.92622303551
1745.64095746156
1747.35380510632
1749.06476843863
1750.77384991913
1752.48105200033
1754.18637712663
1755.88982773436
1757.59140625184
1759.29111509938
1760.98895668934
1762.68493342618
1764.37904770648
1766.07130191896
1767.76169844455
1769.45023965642
1771.13692791999
1772.82176559299
1774.5047550255
1776.18589855997
1777.86519853126
1779.54265726666
1781.21827708598
1782.8920603015
1784.56400921809
1786.23412613317
1787.90241333679
1789.56887311167
1791.23350773319
1792.89631946947
1794.55731058135
1796.21648332248
1797.87383993934
1799.52938267122
1801.18311375033
1802.83503540177
1804.4851498436
1806.13345928685
1807.77996593557
1809.42467198684
1811.06757963082
1812.70869105077
1814.34800842309
1815.98553391734
1817.62126969626
1819.25521791585
1820.88738072534
1822.51776026725
1824.14635867743
1825.77317808504
1827.39822061266
1829.02148837624
1830.64298348518
1832.26270804232
1833.88066414402
1835.49685388014
1837.11127933408
1838.72394258284
1840.334845697
1841.94399074078
1843.55137977207
1845.15701484242
1846.76089799711
1848.36303127517
1849.96341670937
1851.56205632631
1853.15895214638
1854.75410618383
1856.3475204468
1857.9391969373
1859.52913765129
1861.11734457868
1862.70381970336
1864.2885650032
1865.87158245014
1867.45287401013
1869.03244164325
1870.61028730365
1872.18641293961
1873.7608204936
1875.33351190222
1876.90448909632
1878.47375400096
1880.04130853543
1881.60715461335
1883.17129414259
1884.73372902537
1886.29446115826
1887.85349243219
1889.41082473251
1890.96645993895
1892.52039992571
1894.07264656146
1895.62320170934
1897.172067227
1898.71924496665
1900.26473677502
1901.80854449345
1903.35066995787
1904.89111499882
1906.42988144149
1907.96697110576
1909.50238580617
1911.03612735198
1912.56819754719
1914.09859819054
1915.62733107556
1917.15439799056
1918.67980071868
1920.20354103789
1921.72562072101
1923.24604153577
1924.76480524477
1926.28191360553
1927.79736837054
1929.31117128723
1930.82332409802
1932.33382854031
1933.84268634655
1935.34989924421
1936.85546895584
1938.35939719907
1939.8616856866
1941.36233612629
1942.86135022111
1944.3587296692
1945.85447616388
1947.34859139366
1948.84107704227
1950.33193478868
1951.82116630709
1953.308773267
1954.79475733317
1956.27912016571
1957.76186342001
1959.24298874684
1960.72249779231
1962.20039219792
1963.67667360059
1965.15134363261
1966.62440392175
1968.09585609121
1969.56570175967
1971.03394254127
1972.5005800457
1973.96561587814
1975.42905163931
1976.8908889255
1978.35112932856
1979.80977443595
1981.26682583072
1982.72228509154
1984.17615379273
1985.62843350427
1987.07912579181
1988.52823221669
1989.97575433596
1991.42169370237
1992.86605186445
1994.30883036644
1995.75003074839
1997.18965454611
1998.62770329123
2000.06417851119
2001.49908172925
2002.93241446455
2004.36417823207
2005.79437454268
2007.22300490315
2008.65007081616
2010.0755737803
2011.49951529013
2012.92189683614
2014.3427199048
2015.76198597858
2017.17969653593
2018.59585305134
2020.0104569953
2021.42350983437
2022.83501303116
2024.24496804436
2025.65337632874
2027.06023933517
2028.46555851066
2029.86933529833
2031.27157113745
2032.67226746344
2034.07142570793
2035.46904729868
2036.86513365971
2038.25968621121
2039.65270636962
2041.04419554761
2042.43415515413
2043.82258659437
2045.20949126982
2046.59487057826
2047.97872591379
2049.3610586668
2050.74187022405
2052.12116196864
2053.49893528003
2054.87519153405
2056.24993210292
2057.62315835526
2058.9948716561
2060.36507336691
2061.73376484559
2063.10094744648
2064.46662252039
2065.83079141463
2067.19345547296
2068.55461603566
2069.91427443953
2071.27243201789
2072.62909010058
2073.98425001402
2075.33791308117
2076.69008062157
2078.04075395135
2079.38993438323
2080.73762322654
2082.08382178723
2083.42853136791
2084.77175326778
2086.11348878275
2087.45373920537
2088.79250582487
2090.12978992718
2091.46559279493
2092.79991570744
2094.1327599408
2095.4641267678
2096.79401745799
2098.12243327768
2099.44937548993
2100.77484535461
2102.09884412836
2103.42137306463
2104.74243341368
2106.0620264226
2107.38015333531
2108.69681539258
2110.01201383201
2111.32574988811
2112.63802479223
2113.94883977264
2115.25819605447
2116.56609485979
2117.87253740758
2119.17752491374
2120.48105859112
2121.78313964951
2123.08376929568
2124.38294873334
2125.68067916321
2126.97696178298
2128.27179778734
2129.565188368
2130.8571347137
2132.14763801017
2133.43669944023
2134.72432018372
2136.01050141753
2137.29524431565
2138.57855004912
2139.86041978609
2141.14085469179
2142.41985592856
2143.69742465587
2144.97356203031
2146.24826920559
2147.52154733259
2148.79339755932
2150.06382103096
2151.33281888989
2152.60039227562
2153.8665423249
2155.13127017165
2156.39457694701
2157.65646377933
2158.9169317942
2160.17598211443
2161.4336158601
2162.68983414851
2163.94463809424
2165.19802880915
2166.45000740236
2167.70057498029
2168.94973264666
2170.19748150248
2171.44382264611
2172.68875717318
2173.9322861767
2175.17441074699
2176.41513197173
2177.65445093596
2178.89236872207
2180.12888640984
2181.36400507642
2182.59772579636
2183.83004964161
2185.0609776815
2186.2905109828
2187.51865060971
2188.74539762383
2189.97075308422
2191.19471804738
2192.41729356728
2193.63848069532
2194.85828048039
2196.07669396888
2197.29372220461
2198.50936622896
2199.72362708075
2200.93650579636
2202.14800340965
2203.35812095203
2204.56685945243
2205.77421993732
2206.98020343072
2208.18481095421
2209.38804352691
2210.58990216554
2211.79038788439
2212.98950169532
2214.18724460779
2215.38361762886
2216.5786217632
2217.7722580131
2218.96452737845
2220.15543085678
2221.34496944327
2222.53314413072
2223.71995590959
2224.905405768
2226.08949469173
2227.27222366423
2228.45359366663
2229.63360567775
2230.81226067409
2231.98955962986
2233.16550351698
2234.34009330506
2235.51332996145
2236.68521445122
2237.85574773718
2239.02493077987
2240.19276453758
2241.35924996636
2242.52438802
2243.68817965007
2244.85062580593
2246.01172743469
2247.17148548127
2248.32990088835
2249.48697459646
2250.64270754388
2251.79710066675
2252.950154899
2254.10187117238
2255.25225041651
2256.40129355881
2257.54900152455
2258.69537523686
2259.84041561672
2260.98412358299
2262.12650005236
2263.26754593945
2264.40726215671
2265.5456496145
2266.68270922107
2267.81844188259
2268.9528485031
2270.08592998458
2271.21768722691
2272.3481211279
2273.47723258329
2274.60502248677
2275.73149172994
2276.85664120237
2277.98047179158
2279.10298438306
2280.22417986023
2281.34405910452
2282.46262299531
2283.57987240998
2284.69580822388
2285.81043131037
2286.9237425408
2288.03574278454
2289.14643290894
2290.2558137794
2291.36388625932
2292.47065121014
2293.57610949131
2294.68026196035
2295.78310947282
2296.88465288229
2297.98489304044
2299.08383079697
2300.18146699967
2301.27780249438
2302.37283812503
2303.46657473363
2304.55901316029
2305.65015424318
2306.73999881859
2307.82854772092
2308.91580178266
2310.00176183443
2311.08642870494
2312.16980322107
2313.25188620779
2314.33267848821
2315.4121808836
2316.49039421336
2317.56731929503
2318.64295694432
2319.7173079751
2320.79037319939
2321.8621534274
2322.93264946749
2324.00186212622
2325.06979220833
2326.13644051674
2327.20180785257
2328.26589501515
2329.328702802
2330.39023200884
2331.45048342964
2332.50945785655
2333.56715607996
2334.62357888849
2335.67872706899
2336.73260140654
2337.78520268448
2338.83653168438
2339.88658918607
2340.93537596764
2341.98289280543
2343.02914047405
2344.07411974638
2345.11783139358
2346.16027618509
2347.20145488862
2348.24136827019
2349.28001709409
2350.31740212292
2351.35352411759
2352.3883838373
2353.42198203957
2354.45431948024
2355.48539691345
2356.51521509169
2357.54377476576
2358.5710766848
2359.59712159628
2360.62191024604
2361.64544337823
2362.66772173536
2363.6887460583
2364.70851708629
2365.72703555691
2366.74430220613
2367.76031776826
2368.77508297603
2369.78859856051
2370.80086525117
2371.81188377588
2372.82165486088
2373.83017923082
2374.83745760876
2375.84349071613
2376.84827927281
2377.85182399707
2378.8541256056
2379.85518481351
2380.85500233435
2381.85357888008
2382.85091516109
2383.84701188623
2384.84186976278
2385.83548949646
2386.82787179143
2387.81901735034
2388.80892687425
2389.79760106271
2390.78504061372
2391.77124622377
2392.7562185878
2393.73995839923
2394.72246634997
2395.7037431304
2396.68378942939
2397.66260593433
2398.64019333105
2399.61655230393
2400.59168353583
2401.56558770811
2402.53826550066
2403.50971759186
2404.47994465862
2405.44894737638
2406.41672641908
2407.38328245922
2408.3486161678
2409.31272821439
2410.27561926705
2411.23728999244
2412.19774105573
2413.15697312064
2414.11498684946
2415.07178290303
2416.02736194074
2416.98172462057
2417.93487159903
2418.88680353124
2419.83752107086
2420.78702487016
2421.73531557996
2422.68239384969
2423.62826032736
2424.57291565957
2425.5163604915
2426.45859546696
2427.39962122834
2428.33943841664
2429.27804767147
2430.21544963105
2431.15164493222
2432.08663421042
2433.02041809975
2433.95299723288
2434.88437224117
2435.81454375456
2436.74351240166
2437.6712788097
2438.59784360455
2439.52320741073
2440.44737085142
2441.37033454843
2442.29209912223
2443.21266519195
2444.13203337539
2445.050204289
2445.9671785479
2446.88295676588
2447.79753955541
2448.71092752763
2449.62312129235
2450.53412145808
2451.44392863201
2452.35254342001
2453.25996642666
2454.1661982552
2455.07123950761
2455.97509078454
2456.87775268536
2457.77922580814
2458.67951074965
2459.5786081054
2460.47651846959
2461.37324243514
2462.26878059372
2463.16313353568
2464.05630185013
2464.94828612491
2465.83908694657
2466.72870490041
2467.61714057049
2468.50439453957
2469.39046738918
2470.27535969959
2471.15907204984
2472.04160501769
2472.92295917969
2473.80313511111
2474.68213338602
2475.55995457724
2476.43659925635
2477.3120679937
2478.18636135843
2479.05947991844
2479.93142424041
2480.80219488981
2481.67179243088
2482.54021742666
2483.40747043897
2484.27355202844
2485.13846275445
2486.00220317524
2486.8647738478
2487.72617532794
2488.58640817028
2489.44547292825
2490.30337015407
2491.1601003988
2492.0156642123
2492.87006214325
2493.72329473916
2494.57536254635
2495.42626610998
2496.27600597402
2497.12458268129
2497.97199677345
2498.81824879096
2499.66333927317
2500.50726875822
2501.35003778314
2502.19164688377
2503.03209659482
2503.87138744986
2504.70951998128
2505.54649472036
2506.38231219722
2507.21697294085
2508.0504774791
2508.8828263387
2509.71402004523
2510.54405912314
2511.37294409578
2512.20067548534
2513.02725381292
2513.85267959849
2514.6769533609
2515.50007561788
2516.32204688606
2517.14286768096
2517.96253851699
2518.78105990745
2519.59843236454
2520.41465639937
2521.22973252193
2522.04366124114
2522.85644306482
2523.66807849968
2524.47856805137
2525.28791222443
2526.09611152233
2526.90316644745
2527.70907750111
2528.51384518351
2529.31746999383
2530.11995243014
2530.92129298944
2531.72149216768
2532.52055045973
2533.31846835941
2534.11524635947
2534.91088495159
2535.70538462641
2536.49874587351
2537.29096918141
2538.08205503758
2538.87200392846
2539.66081633943
2540.44849275481
2541.2350336579
2542.02043953096
2542.8047108552
2543.5878481108
2544.36985177691
2545.15072233164
2545.93046025208
2546.70906601429
2547.48654009329
2548.26288296311
2549.03809509672
2549.81217696611
2550.58512904221
2551.35695179497
2552.12764569332
2552.89721120517
2553.66564879742
2554.43295893598
2555.19914208573
2555.96419871057
2556.72812927339
2557.49093423608
2558.25261405954
2559.01316920367
2559.77260012737
2560.53090728856
2561.28809114417
2562.04415215014
2562.79909076142
2563.552907432
2564.30560261486
2565.05717676201
2565.80763032449
2566.55696375236
2567.30517749471
2568.05227199965
2568.79824771433
2569.54310508493
2570.28684455666
2571.02946657376
2571.77097157953
2572.51136001629
2573.25063232541
2573.9887889473
2574.72583032141
2575.46175688626
2576.1965690794
2576.93026733742
2577.66285209599
2578.39432378982
2579.12468285268
2579.85392971739
2580.58206481584
2581.30908857897
2582.0350014368
2582.75980381841
2583.48349615194
2584.2060788646
2584.92755238268
2585.64791713154
2586.36717353559
2587.08532201836
2587.80236300242
2588.51829690943
2589.23312416015
2589.9468451744
2590.6594603711
2591.37097016823
2592.08137498289
2592.79067523126
2593.4988713286
2594.20596368928
2594.91195272674
2595.61683885355
2596.32062248135
2597.0233040209
2597.72488388205
2598.42536247374
2599.12474020405
2599.82301748014
2600.52019470829
2601.21627229388
2601.9112506414
2602.60513015447
2603.29791123582
2603.98959428727
2604.6801797098
2605.36966790347
2606.0580592675
2606.74535420019
2607.431553099
2608.1166563605
2608.80066438039
2609.48357755351
2610.1653962738
2610.84612093436
2611.52575192742
2612.20428964433
2612.88173447561
2613.55808681088
2614.23334703892
2614.90751554765
2615.58059272413
2616.25257895457
2616.92347462432
2617.59328011788
2618.26199581889
2618.92962211017
2619.59615937366
2620.26160799047
2620.92596834086
2621.58924080424
2622.25142575919
2622.91252358346
2623.57253465393
2624.23145934666
2624.88929803689
2625.54605109899
2626.20171890653
2626.85630183222
2627.50980024797
2628.16221452484
2628.81354503307
2629.46379214206
2630.11295622042
2630.7610376359
2631.40803675545
2632.0539539452
2632.69878957044
2633.34254399567
2633.98521758456
2634.62681069997
2635.26732370393
2635.9067569577
2636.54511082168
2637.1823856555
2637.81858181795
2638.45369966704
2639.08773955996
2639.72070185311
2640.35258690208
2640.98339506165
2641.61312668582
2642.24178212777
2642.86936173991
2643.49586587383
2644.12129488033
2644.74564910944
2645.36892891037
2645.99113463155
2646.61226662063
2647.23232522446
2647.85131078911
2648.46922365988
2649.08606418125
2649.70183269694
2650.3165295499
2650.93015508229
2651.54270963548
2652.15419355008
2652.76460716591
2653.37395082203
2653.98222485671
2654.58942960747
2655.19556541104
2655.80063260339
2656.40463151972
2657.00756249445
2657.60942586126
2658.21022195306
2658.80995110196
2659.40861363936
2660.00620989588
2660.60274020135
2661.19820488489
2661.79260427484
2662.38593869877
2662.97820848353
2663.56941395518
2664.15955543905
2664.74863325972
2665.336647741
2665.92359920597
2666.50948797697
2667.09431437556
2667.67807872259
2668.26078133815
2668.84242254158
2669.42300265149
2670.00252198575
2670.58098086149
2671.15837959509
2671.73471850221
2672.30999789776
2672.88421809592
2673.45737941014
2674.02948215314
2674.6005266369
2675.17051317267
2675.73944207098
2676.30731364163
2676.87412819367
2677.43988603546
2678.00458747462
2678.56823281805
2679.1308223719
2679.69235644165
2680.25283533201
2680.812259347
2681.37062878992
2681.92794396335
2682.48420516914
2683.03941270844
2683.59356688168
2684.1466679886
2684.69871632819
2685.24971219875
2685.79965589788
2686.34854772245
2686.89638796864
2687.44317693192
2687.98891490704
2688.53360218807
2689.07723906836
2689.61982584056
2690.16136279663
2690.70185022781
2691.24128842467
2691.77967767704
2692.3170182741
2692.85331050431
2693.38855465542
2693.92275101452
2694.45589986798
2694.9880015015
2695.51905620007
2696.04906424799
2696.57802592889
2697.10594152571
2697.63281132067
2698.15863559535
2698.68341463061
2699.20714870664
2699.72983810296
2700.25148309838
2700.77208397105
2701.29164099844
2701.81015445732
2702.3276246238
2702.84405177332
2703.35943618062
2703.87377811979
2704.38707786423
2704.89933568666
2705.41055185916
2705.92072665309
2706.42986033919
2706.93795318749
2707.44500546737
2707.95101744755
2708.45598939606
2708.95992158029
2709.46281426695
2709.96466772208
2710.46548221107
2710.96525799865
2711.46399534888
2711.96169452516
2712.45835579022
2712.95397940616
2713.4485656344
2713.94211473571
2714.43462697021
2714.92610259735
2715.41654187593
2715.90594506411
2716.39431241938
2716.8816441986
2717.36794065795
2717.85320205299
2718.33742863862
2718.82062066908
2719.30277839798
2719.78390207827
2720.26399196226
2720.74304830163
2721.22107134739
2721.69806134992
2722.17401855896
2722.64894322362
2723.12283559234
2723.59569591294
2724.06752443261
2724.53832139787
2725.00808705464
2725.47682164818
2725.94452542313
2726.41119862348
2726.87684149259
2727.3414542732
2727.80503720741
2728.26759053668
2728.72911450185
2729.18960934313
2729.64907530009
2730.10751261169
2730.56492151625
2731.02130225146
2731.47665505441
2731.93098016153
2732.38427780864
2732.83654823095
2733.28779166303
2733.73800833884
2734.18719849171
2734.63536235435
2735.08250015886
2735.52861213671
2735.97369851876
2736.41775953525
2736.86079541581
2737.30280638944
2737.74379268454
2738.18375452888
2738.62269214964
2739.06060577336
2739.49749562599
2739.93336193285
2740.36820491868
2740.80202480757
2741.23482182304
2741.66659618796
2742.09734812464
2742.52707785475
2742.95578559936
2743.38347157894
2743.81013601336
2744.23577912187
2744.66040112313
2745.0840022352
2745.50658267553
2745.92814266097
2746.34868240777
2746.76820213158
2747.18670204746
2747.60418236987
2748.02064331265
2748.43608508907
2748.8505079118
2749.2639119929
2749.67629754386
2750.08766477554
2750.49801389824
2750.90734512165
2751.31565865488
2751.72295470644
2752.12923348424
2752.53449519562
2752.93874004733
2753.3419682455
2753.74417999572
2754.14537550295
2754.54555497159
2754.94471860545
2755.34286660774
2755.7399991811
2756.13611652759
2756.53121884866
2756.92530634521
2757.31837921753
2757.71043766536
2758.10148188783
2758.49151208351
2758.88052845037
2759.26853118581
2759.65552048667
2760.04149654919
2760.42645956905
2760.81040974132
2761.19334726054
2761.57527232064
2761.95618511499
2762.33608583639
2762.71497467707
2763.09285182866
2763.46971748224
2763.84557182832
2764.22041505684
2764.59424735716
2764.96706891806
2765.33887992779
2765.70968057399
2766.07947104376
2766.44825152361
2766.81602219951
2767.18278325684
2767.54853488042
2767.91327725452
2768.27701056283
2768.63973498847
2769.00145071402
2769.36215792149
2769.72185679231
2770.08054750737
2770.43823024699
2770.79490519093
2771.15057251839
2771.50523240801
2771.85888503788
2772.21153058551
2772.56316922789
2772.91380114141
2773.26342650194
2773.61204548476
2773.95965826463
2774.30626501573
2774.6518659117
2774.99646112562
2775.34005083001
2775.68263519685
2776.02421439756
2776.36478860301
2776.70435798353
2777.04292270888
2777.38048294829
2777.71703887042
2778.0525906434
2778.3871384348
2778.72068241164
2779.0532227404
2779.38475958702
2779.71529311689
2780.04482349483
2780.37335088514
2780.70087545158
2781.02739735735
2781.35291676511
2781.67743383698
2782.00094873453
2782.3234616188
2782.64497265028
2782.96548198892
2783.28498979413
2783.60349622479
2783.92100143921
2784.23750559519
2784.55300884999
2784.86751136031
2785.18101328233
2785.49351477169
2785.80501598349
2786.1155170723
2786.42501819215
2786.73351949653
2787.04102113839
2787.34752327017
2787.65302604375
2787.9575296105
2788.26103412122
2788.56353972623
2788.86504657527
2789.16555481757
2789.46506460182
2789.76357607621
2790.06108938835
2790.35760468535
2790.65312211379
2790.94764181972
2791.24116394866
2791.53368864558
2791.82521605497
2792.11574632074
2792.40527958632
2792.69381599458
2792.98135568787
2793.26789880804
2793.55344549638
2793.83799589367
2794.12155014018
2794.40410837563
2794.68567073924
2794.96623736969
2795.24580840514
2795.52438398324
2795.80196424112
2796.07854931536
2796.35413934204
2796.62873445673
2796.90233479447
2797.17494048976
2797.44655167662
2797.71716848852
2797.98679105842
2798.25541951877
2798.52305400149
2798.789694638
2799.05534155918
2799.31999489541
2799.58365477656
2799.84632133196
2800.10799469045
2800.36867498034
2800.62836232943
2800.88705686501
2801.14475871385
2801.4014680022
2801.65718485583
2801.91190939994
2802.16564175928
2802.41838205805
2802.67013041995
2802.92088696816
2803.17065182536
2803.41942511372
2803.66720695489
2803.91399747003
2804.15979677976
2804.40460500422
2804.64842226302
2804.89124867528
2805.13308435961
2805.3739294341
2805.61378401633
2805.8526482234
2806.09052217188
2806.32740597783
2806.56329975683
2806.79820362394
2807.0321176937
2807.26504208017
2807.4969768969
2807.72792225692
2807.95787827277
2808.1868450565
2808.41482271962
2808.64181137317
2808.86781112768
2809.09282209317
2809.31684437916
2809.53987809468
2809.76192334825
2809.98298024788
2810.2030489011
2810.42212941492
2810.64022189587
2810.85732644997
2811.07344318273
2811.28857219919
2811.50271360386
2811.71586750078
2811.92803399346
2812.13921318494
2812.34940517776
2812.55861007395
2812.76682797504
2812.9740589821
2813.18030319565
2813.38556071575
2813.58983164197
2813.79311607335
2813.99541410847
2814.1967258454
2814.39705138172
2814.5963908145
2814.79474424035
2814.99211175535
2815.18849345511
2815.38388943473
2815.57829978885
2815.77172461157
2815.96416399654
2816.1556180369
2816.34608682529
2816.53557045388
2816.72406901434
2816.91158259783
2817.09811129506
2817.28365519621
2817.46821439099
2817.65178896862
2817.83437901784
2818.01598462686
2818.19660588346
2818.37624287488
2818.55489568791
2818.73256440882
2818.90924912342
2819.08494991701
2819.25966687442
2819.43340007998
2819.60614961754
2819.77791557047
2819.94869802163
2820.11849705343
2820.28731274776
2820.45514518604
2820.6219944492
2820.7878606177
2820.95274377149
2821.11664399006
2821.27956135239
2821.441495937
2821.60244782192
2821.76241708468
2821.92140380234
2822.07940805148
2822.2364299082
2822.39246944809
2822.5475267463
2822.70160187745
2822.85469491572
2823.00680593478
2823.15793500784
2823.30808220761
2823.45724760632
2823.60543127573
2823.75263328711
2823.89885371127
2824.0440926185
2824.18835007864
2824.33162616104
2824.47392093458
2824.61523446765
2824.75556682815
2824.89491808353
2825.03328830074
2825.17067754626
2825.30708588608
2825.44251338571
2825.57696011021
2825.71042612413
2825.84291149155
2825.97441627609
2826.10494054087
2826.23448434854
2826.36304776127
2826.49063084077
2826.61723364826
2826.74285624447
2826.86749868968
2826.99116104367
2827.11384336577
2827.2355457148
2827.35626814913
2827.47601072665
2827.59477350477
2827.71255654042
2827.82935989008
2827.94518360972
2828.06002775485
2828.17389238051
2828.28677754127
2828.39868329121
2828.50960968395
2828.61955677262
2828.72852460989
2828.83651324795
2828.94352273853
2829.04955313286
2829.15460448172
2829.2586768354
2829.36177024374
2829.46388475609
2829.56502042132
2829.66517728784
2829.76435540359
2829.86255481603
2829.95977557215
2830.05601771847
2830.15128130104
2830.24556636543
2830.33887295674
2830.43120111961
2830.5225508982
2830.61292233619
2830.70231547681
2830.79073036281
2830.87816703645
2830.96462553954
2831.05010591343
2831.13460819896
2831.21813243655
2831.3006786661
2831.38224692709
2831.46283725848
2831.54244969879
2831.62108428607
2831.6987410579
2831.77542005137
2831.85112130311
2831.92584484931
2831.99959072565
2832.07235896736
2832.1441496092
2832.21496268545
2832.28479822995
2832.35365627604
2832.42153685659
2832.48844000404
2832.55436575032
2832.61931412691
2832.68328516482
2832.74627889459
2832.8082953463
2832.86933454954
2832.92939653346
2832.98848132672
2833.04658895753
2833.10371945361
2833.15987284224
2833.21504915022
2833.26924840386
2833.32247062904
2833.37471585115
2833.42598409513
2833.47627538542
2833.52558974604
2833.57392720049
2833.62128777185
2833.66767148271
2833.71307835519
2833.75750841095
2833.8009616712
2833.84343815664
2833.88493788755
2833.92546088371
2833.96500716445
2834.00357674864
2834.04116965467
2834.07778590045
2834.11342550347
2834.1480884807
2834.18177484868
2834.21448462348
2834.24621782068
2834.27697445542
2834.30675454237
2834.33555809571
2834.36338512919
2834.39023565607
2834.41610968916
2834.44100724078
2834.46492832281
2834.48787294665
2834.50984112323
2834.53083286304
2834.55084817608
2834.56988707188
2834.58794955953
2834.60503564762
2834.62114534432
2834.63627865729
2834.65043559376
2834.66361616046
2834.67582036368
2834.68704820923
2834.69729970248
2834.7065748483
2834.71487365111
2834.72219611488
2834.72854224308
2834.73391203876
2834.73830550445
2834.74172264226
2834.74416345383
2834.7456279403
2834.74611610238
2834.7456279403
2834.74416345383
2834.74172264226
2834.73830550445
2834.73391203876
2834.72854224308
2834.72219611488
2834.71487365111
2834.7065748483
2834.69729970248
2834.68704820923
2834.67582036368
2834.66361616046
2834.65043559376
2834.63627865729
2834.62114534432
2834.60503564762
2834.58794955953
2834.56988707188
2834.55084817608
2834.53083286304
2834.50984112323
2834.48787294665
2834.46492832281
2834.44100724078
2834.41610968916
2834.39023565607
2834.36338512919
2834.33555809571
2834.30675454237
2834.27697445542
2834.24621782068
2834.21448462348
2834.18177484868
2834.1480884807
2834.11342550347
2834.07778590045
2834.04116965467
2834.00357674864
2833.96500716445
2833.92546088371
2833.88493788755
2833.84343815664
2833.8009616712
2833.75750841095
2833.71307835519
2833.66767148271
2833.62128777185
2833.57392720049
2833.52558974604
2833.47627538542
2833.42598409513
2833.37471585115
2833.32247062904
2833.26924840386
2833.21504915022
2833.15987284224
2833.10371945361
2833.04658895753
2832.98848132672
2832.92939653346
2832.86933454954
2832.8082953463
2832.74627889459
2832.68328516482
2832.61931412691
2832.55436575032
2832.48844000404
2832.42153685659
2832.35365627604
2832.28479822995
2832.21496268545
2832.1441496092
2832.07235896736
2831.99959072565
2831.92584484931
2831.85112130311
2831.77542005137
2831.6987410579
2831.62108428607
2831.54244969879
2831.46283725848
2831.38224692709
2831.3006786661
2831.21813243655
2831.13460819896
2831.05010591343
2830.96462553954
2830.87816703645
2830.79073036281
2830.70231547681
2830.61292233619
2830.5225508982
2830.43120111961
2830.33887295674
2830.24556636543
2830.15128130104
2830.05601771847
2829.95977557215
2829.86255481603
2829.76435540359
2829.66517728784
2829.56502042132
2829.46388475609
2829.36177024374
2829.2586768354
2829.15460448172
2829.04955313286
2828.94352273853
2828.83651324795
2828.72852460989
2828.61955677262
2828.50960968395
2828.39868329121
2828.28677754127
2828.17389238051
2828.06002775485
2827.94518360972
2827.82935989008
2827.71255654042
2827.59477350477
2827.47601072665
2827.35626814913
2827.2355457148
2827.11384336577
2826.99116104367
2826.86749868968
2826.74285624447
2826.61723364826
2826.49063084077
2826.36304776127
2826.23448434854
2826.10494054087
2825.97441627609
2825.84291149155
2825.71042612413
2825.57696011021
2825.44251338571
2825.30708588608
2825.17067754626
2825.03328830074
2824.89491808353
2824.75556682815
2824.61523446765
2824.47392093458
2824.33162616104
2824.18835007864
2824.0440926185
2823.89885371127
2823.75263328711
2823.60543127573
2823.45724760632
2823.30808220761
2823.15793500784
2823.00680593478
2822.85469491572
2822.70160187745
2822.5475267463
2822.39246944809
2822.2364299082
2822.07940805148
2821.92140380234
2821.76241708468
2821.60244782192
2821.441495937
2821.27956135239
2821.11664399006
2820.95274377149
2820.7878606177
2820.6219944492
2820.45514518604
2820.28731274776
2820.11849705343
2819.94869802163
2819.77791557047
2819.60614961754
2819.43340007998
2819.25966687442
2819.08494991701
2818.90924912342
2818.73256440882
2818.55489568791
2818.37624287488
2818.19660588346
2818.01598462686
2817.83437901784
2817.65178896862
2817.46821439099
2817.28365519621
2817.09811129506
2816.91158259783
2816.72406901434
2816.53557045388
2816.34608682529
2816.1556180369
2815.96416399654
2815.77172461157
2815.57829978885
2815.38388943473
2815.18849345511
2814.99211175535
2814.79474424035
2814.5963908145
2814.39705138172
2814.1967258454
2813.99541410847
2813.79311607335
2813.58983164197
2813.38556071575
2813.18030319565
2812.9740589821
2812.76682797504
2812.55861007395
2812.34940517776
2812.13921318494
2811.92803399346
2811.71586750078
2811.50271360386
2811.28857219919
2811.07344318273
2810.85732644997
2810.64022189587
2810.42212941492
2810.2030489011
2809.98298024788
2809.76192334825
2809.53987809468
2809.31684437916
2809.09282209317
2808.86781112768
2808.64181137317
2808.41482271962
2808.1868450565
2807.95787827277
2807.72792225692
2807.4969768969
2807.26504208017
2807.0321176937
2806.79820362394
2806.56329975683
2806.32740597783
2806.09052217188
2805.8526482234
2805.61378401633
2805.3739294341
2805.13308435961
2804.89124867528
2804.64842226302
2804.40460500422
2804.15979677976
2803.91399747003
2803.66720695489
2803.41942511372
2803.17065182536
2802.92088696816
2802.67013041995
2802.41838205805
2802.16564175928
2801.91190939994
2801.65718485583
2801.4014680022
2801.14475871385
2800.88705686501
2800.62836232943
2800.36867498034
2800.10799469045
2799.84632133196
2799.58365477656
2799.31999489541
2799.05534155918
2798.789694638
2798.52305400149
2798.25541951877
2797.98679105842
2797.71716848852
2797.44655167662
2797.17494048976
2796.90233479447
2796.62873445673
2796.35413934204
2796.07854931536
2795.80196424112
2795.52438398324
2795.24580840514
2794.96623736969
2794.68567073924
2794.40410837563
2794.12155014018
2793.83799589367
2793.55344549638
2793.26789880804
2792.98135568787
2792.69381599458
2792.40527958632
2792.11574632074
2791.82521605497
2791.53368864558
2791.24116394866
2790.94764181972
2790.65312211379
2790.35760468535
2790.06108938835
2789.76357607621
2789.46506460182
2789.16555481757
2788.86504657527
2788.56353972623
2788.26103412122
2787.9575296105
2787.65302604375
2787.34752327017
2787.04102113839
2786.73351949653
2786.42501819215
2786.1155170723
2785.80501598349
2785.49351477169
2785.18101328233
2784.86751136031
2784.55300884999
2784.23750559519
2783.92100143921
2783.60349622479
2783.28498979413
2782.96548198892
2782.64497265028
2782.3234616188
2782.00094873453
2781.67743383698
2781.35291676511
2781.02739735735
2780.70087545158
2780.37335088514
2780.04482349483
2779.71529311689
2779.38475958702
2779.0532227404
2778.72068241164
2778.3871384348
2778.0525906434
2777.71703887042
2777.38048294829
2777.04292270888
2776.70435798353
2776.36478860301
2776.02421439756
2775.68263519685
2775.34005083001
2774.99646112562
2774.6518659117
2774.30626501573
2773.95965826463
2773.61204548476
2773.26342650194
2772.91380114141
2772.56316922789
2772.21153058551
2771.85888503788
2771.50523240801
2771.15057251839
2770.79490519093
2770.43823024699
2770.08054750737
2769.72185679231
2769.36215792149
2769.00145071402
2768.63973498847
2768.27701056283
2767.91327725452
2767.54853488042
2767.18278325684
2766.81602219951
2766.44825152361
2766.07947104376
2765.70968057399
2765.33887992779
2764.96706891806
2764.59424735716
2764.22041505684
2763.84557182832
2763.46971748224
2763.09285182866
2762.71497467707
2762.33608583639
2761.95618511499
2761.57527232064
2761.19334726054
2760.81040974132
2760.42645956905
2760.04149654919
2759.65552048667
2759.26853118581
2758.88052845037
2758.49151208351
2758.10148188783
2757.71043766536
2757.31837921753
2756.92530634521
2756.53121884866
2756.13611652759
2755.7399991811
2755.34286660774
2754.94471860545
2754.54555497159
2754.14537550295
2753.74417999572
2753.3419682455
2752.93874004733
2752.53449519562
2752.12923348424
2751.72295470644
2751.31565865488
2750.90734512165
2750.49801389824
2750.08766477554
2749.67629754386
2749.2639119929
2748.8505079118
2748.43608508907
2748.02064331265
2747.60418236987
2747.18670204746
2746.76820213158
2746.34868240777
2745.92814266097
2745.50658267553
2745.0840022352
2744.66040112313
2744.23577912187
2743.81013601336
2743.38347157894
2742.95578559936
2742.52707785475
2742.09734812464
2741.66659618796
2741.23482182304
2740.80202480757
2740.36820491868
2739.93336193285
2739.49749562599
2739.06060577336
2738.62269214964
2738.18375452888
2737.74379268454
2737.30280638944
2736.86079541581
2736.41775953525
2735.97369851876
2735.52861213671
2735.08250015886
2734.63536235435
2734.18719849171
2733.73800833884
2733.28779166303
2732.83654823095
2732.38427780864
2731.93098016153
2731.47665505441
2731.02130225146
2730.56492151625
2730.10751261169
2729.64907530009
2729.18960934313
2728.72911450185
2728.26759053668
2727.80503720741
2727.3414542732
2726.87684149259
2726.41119862348
2725.94452542313
2725.47682164818
2725.00808705464
2724.53832139787
2724.06752443261
2723.59569591294
2723.12283559234
2722.64894322362
2722.17401855896
2721.69806134992
2721.22107134739
2720.74304830163
2720.26399196226
2719.78390207827
2719.30277839798
2718.82062066908
2718.33742863862
2717.85320205299
2717.36794065795
2716.8816441986
2716.39431241938
2715.90594506411
2715.41654187593
2714.92610259735
2714.43462697021
2713.94211473571
2713.4485656344
2712.95397940616
2712.45835579022
2711.96169452516
2711.46399534888
2710.96525799865
2710.46548221107
2709.96466772208
2709.46281426695
2708.95992158029
2708.45598939606
2707.95101744755
2707.44500546737
2706.93795318749
2706.42986033919
2705.92072665309
2705.41055185916
2704.89933568666
2704.38707786423
2703.87377811979
2703.35943618062
2702.84405177332
2702.3276246238
2701.81015445732
2701.29164099844
2700.77208397105
2700.25148309838
2699.72983810296
2699.20714870664
2698.68341463061
2698.15863559535
2697.63281132067
2697.10594152571
2696.57802592889
2696.04906424799
2695.51905620007
2694.9880015015
2694.45589986798
2693.92275101452
2693.38855465542
2692.85331050431
2692.3170182741
2691.77967767704
2691.24128842467
2690.70185022781
2690.16136279663
2689.61982584056
2689.07723906836
2688.53360218807
2687.98891490704
2687.44317693192
2686.89638796864
2686.34854772245
2685.79965589788
2685.24971219875
2684.69871632819
2684.1466679886
2683.59356688168
2683.03941270844
2682.48420516914
2681.92794396335
2681.37062878992
2680.812259347
2680.25283533201
2679.69235644165
2679.1308223719
2678.56823281805
2678.00458747462
2677.43988603546
2676.87412819367
2676.30731364163
2675.73944207098
2675.17051317267
2674.6005266369
2674.02948215314
2673.45737941014
2672.88421809592
2672.30999789776
2671.73471850221
2671.15837959509
2670.58098086149
2670.00252198575
2669.42300265149
2668.84242254158
2668.26078133815
2667.67807872259
2667.09431437556
2666.50948797697
2665.92359920597
2665.336647741
2664.74863325972
2664.15955543905
2663.56941395518
2662.97820848353
2662.38593869877
2661.79260427484
2661.19820488489
2660.60274020135
2660.00620989588
2659.40861363936
2658.80995110196
2658.21022195306
2657.60942586126
2657.00756249445
2656.40463151972
2655.80063260339
2655.19556541104
2654.58942960747
2653.98222485671
2653.37395082203
2652.76460716591
2652.15419355008
2651.54270963548
2650.93015508229
2650.3165295499
2649.70183269694
2649.08606418125
2648.46922365988
2647.85131078911
2647.23232522446
2646.61226662063
2645.99113463155
2645.36892891037
2644.74564910944
2644.12129488033
2643.49586587383
2642.86936173991
2642.24178212777
2641.61312668582
2640.98339506165
2640.35258690208
2639.72070185311
2639.08773955996
2638.45369966704
2637.81858181795
2637.1823856555
2636.54511082168
2635.9067569577
2635.26732370393
2634.62681069997
2633.98521758456
2633.34254399567
2632.69878957044
2632.0539539452
2631.40803675545
2630.7610376359
2630.11295622042
2629.46379214206
2628.81354503307
2628.16221452484
2627.50980024797
2626.85630183222
2626.20171890653
2625.54605109899
2624.88929803689
2624.23145934666
2623.57253465393
2622.91252358346
2622.25142575919
2621.58924080424
2620.92596834086
2620.26160799047
2619.59615937366
2618.92962211017
2618.26199581889
2617.59328011788
2616.92347462432
2616.25257895457
2615.58059272413
2614.90751554765
2614.23334703892
2613.55808681088
2612.88173447561
2612.20428964433
2611.52575192742
2610.84612093436
2610.1653962738
2609.48357755351
2608.80066438039
2608.1166563605
2607.431553099
2606.74535420019
2606.0580592675
2605.36966790347
2604.6801797098
2603.98959428727
2603.29791123582
2602.60513015447
2601.9112506414
2601.21627229388
2600.52019470829
2599.82301748014
2599.12474020405
2598.42536247374
2597.72488388205
2597.0233040209
2596.32062248135
2595.61683885355
2594.91195272674
2594.20596368928
2593.4988713286
2592.79067523126
2592.08137498289
2591.37097016823
2590.6594603711
2589.9468451744
2589.23312416015
2588.51829690943
2587.80236300242
2587.08532201836
2586.36717353559
2585.64791713154
2584.92755238268
2584.2060788646
2583.48349615194
2582.75980381841
2582.0350014368
2581.30908857897
2580.58206481584
2579.85392971739
2579.12468285268
2578.39432378982
2577.66285209599
2576.93026733742
2576.1965690794
2575.46175688626
2574.72583032141
2573.9887889473
2573.25063232541
2572.51136001629
2571.77097157953
2571.02946657376
2570.28684455666
2569.54310508493
2568.79824771433
2568.05227199965
2567.30517749471
2566.55696375236
2565.80763032449
2565.05717676201
2564.30560261486
2563.552907432
2562.79909076142
2562.04415215014
2561.28809114417
2560.53090728856
2559.77260012737
2559.01316920367
2558.25261405954
2557.49093423608
2556.72812927339
2555.96419871057
2555.19914208573
2554.43295893598
2553.66564879742
2552.89721120517
2552.12764569332
2551.35695179497
2550.58512904221
2549.81217696611
2549.03809509672
2548.26288296311
2547.48654009329
2546.70906601429
2545.93046025208
2545.15072233164
2544.36985177691
2543.5878481108
2542.8047108552
2542.02043953096
2541.2350336579
2540.44849275481
2539.66081633943
2538.87200392846
2538.08205503758
2537.29096918141
2536.49874587351
2535.70538462641
2534.91088495159
2534.11524635947
2533.31846835941
2532.52055045973
2531.72149216768
2530.92129298944
2530.11995243014
2529.31746999383
2528.51384518351
2527.70907750111
2526.90316644745
2526.09611152233
2525.28791222443
2524.47856805137
2523.66807849968
2522.85644306482
2522.04366124114
2521.22973252193
2520.41465639937
2519.59843236454
2518.78105990745
2517.96253851699
2517.14286768096
2516.32204688606
2515.50007561788
2514.6769533609
2513.85267959849
2513.02725381292
2512.20067548534
2511.37294409578
2510.54405912314
2509.71402004523
2508.8828263387
2508.0504774791
2507.21697294085
2506.38231219722
2505.54649472036
2504.70951998128
2503.87138744986
2503.03209659482
2502.19164688377
2501.35003778314
2500.50726875822
2499.66333927317
2498.81824879096
2497.97199677345
2497.12458268129
2496.27600597402
2495.42626610998
2494.57536254635
2493.72329473916
2492.87006214325
2492.0156642123
2491.1601003988
2490.30337015407
2489.44547292825
2488.58640817028
2487.72617532794
2486.8647738478
2486.00220317524
2485.13846275445
2484.27355202844
2483.40747043897
2482.54021742666
2481.67179243088
2480.80219488981
2479.93142424041
2479.05947991844
2478.18636135843
2477.3120679937
2476.43659925635
2475.55995457724
2474.68213338602
2473.80313511111
2472.92295917969
2472.04160501769
2471.15907204984
2470.27535969959
2469.39046738918
2468.50439453957
2467.61714057049
2466.72870490041
2465.83908694657
2464.94828612491
2464.05630185013
2463.16313353568
2462.26878059372
2461.37324243514
2460.47651846959
2459.5786081054
2458.67951074965
2457.77922580814
2456.87775268536
2455.97509078454
2455.07123950761
2454.1661982552
2453.25996642666
2452.35254342001
2451.44392863201
2450.53412145808
2449.62312129235
2448.71092752763
2447.79753955541
2446.88295676588
2445.9671785479
2445.050204289
2444.13203337539
2443.21266519195
2442.29209912223
2441.37033454843
2440.44737085142
2439.52320741073
2438.59784360455
2437.6712788097
2436.74351240166
2435.81454375456
2434.88437224117
2433.95299723288
2433.02041809975
2432.08663421042
2431.15164493222
2430.21544963105
2429.27804767147
2428.33943841664
2427.39962122834
2426.45859546696
2425.5163604915
2424.57291565957
2423.62826032736
2422.68239384969
2421.73531557996
2420.78702487016
2419.83752107086
2418.88680353124
2417.93487159903
2416.98172462057
2416.02736194074
2415.07178290303
2414.11498684946
2413.15697312064
2412.19774105573
2411.23728999244
2410.27561926705
2409.31272821439
2408.3486161678
2407.38328245922
2406.41672641908
2405.44894737638
2404.47994465862
2403.50971759186
2402.53826550066
2401.56558770811
2400.59168353583
2399.61655230393
2398.64019333105
2397.66260593433
2396.68378942939
2395.7037431304
2394.72246634997
2393.73995839923
2392.7562185878
2391.77124622377
2390.78504061372
2389.79760106271
2388.80892687425
2387.81901735034
2386.82787179143
2385.83548949646
2384.84186976278
2383.84701188623
2382.85091516109
2381.85357888008
2380.85500233435
2379.85518481351
2378.8541256056
2377.85182399707
2376.84827927281
2375.84349071613
2374.83745760876
2373.83017923082
2372.82165486088
2371.81188377588
2370.80086525117
2369.78859856051
2368.77508297603
2367.76031776826
2366.74430220613
2365.72703555691
2364.70851708629
2363.6887460583
2362.66772173536
2361.64544337823
2360.62191024604
2359.59712159628
2358.5710766848
2357.54377476576
2356.51521509169
2355.48539691345
2354.45431948024
2353.42198203957
2352.3883838373
2351.35352411759
2350.31740212292
2349.28001709409
2348.24136827019
2347.20145488862
2346.16027618509
2345.11783139358
2344.07411974638
2343.02914047405
2341.98289280543
2340.93537596764
2339.88658918607
2338.83653168438
2337.78520268448
2336.73260140654
2335.67872706899
2334.62357888849
2333.56715607996
2332.50945785655
2331.45048342964
2330.39023200884
2329.328702802
2328.26589501515
2327.20180785257
2326.13644051674
2325.06979220833
2324.00186212622
2322.93264946749
2321.8621534274
2320.79037319939
2319.7173079751
2318.64295694432
2317.56731929503
2316.49039421336
2315.4121808836
2314.33267848821
2313.25188620779
2312.16980322107
2311.08642870494
2310.00176183443
2308.91580178266
2307.82854772092
2306.73999881859
2305.65015424318
2304.55901316029
2303.46657473363
2302.37283812503
2301.27780249438
2300.18146699967
2299.08383079697
2297.98489304044
2296.88465288229
2295.78310947282
2294.68026196035
2293.57610949131
2292.47065121014
2291.36388625932
2290.2558137794
2289.14643290894
2288.03574278454
2286.9237425408
2285.81043131037
2284.69580822388
2283.57987240998
2282.46262299531
2281.34405910452
2280.22417986023
2279.10298438306
2277.98047179158
2276.85664120237
2275.73149172994
2274.60502248677
2273.47723258329
2272.3481211279
2271.21768722691
2270.08592998458
2268.9528485031
2267.81844188259
2266.68270922107
2265.5456496145
2264.40726215671
2263.26754593945
2262.12650005236
2260.98412358299
2259.84041561672
2258.69537523686
2257.54900152455
2256.40129355881
2255.25225041651
2254.10187117238
2252.950154899
2251.79710066675
2250.64270754388
2249.48697459646
2248.32990088835
2247.17148548127
2246.01172743469
2244.85062580593
2243.68817965007
2242.52438802
2241.35924996636
2240.19276453758
2239.02493077987
2237.85574773718
2236.68521445122
2235.51332996145
2234.34009330506
2233.16550351698
2231.98955962986
2230.81226067409
2229.63360567775
2228.45359366663
2227.27222366423
2226.08949469173
2224.905405768
2223.71995590959
2222.53314413072
2221.34496944327
2220.15543085678
2218.96452737845
2217.7722580131
2216.5786217632
2215.38361762886
2214.18724460779
2212.98950169532
2211.79038788439
2210.58990216554
2209.38804352691
2208.18481095421
2206.98020343072
2205.77421993732
2204.56685945243
2203.35812095203
2202.14800340965
2200.93650579636
2199.72362708075
2198.50936622896
2197.29372220461
2196.07669396888
2194.85828048039
2193.63848069532
2192.41729356728
2191.19471804738
2189.97075308422
2188.74539762383
2187.51865060971
2186.2905109828
2185.0609776815
2183.83004964161
2182.59772579636
2181.36400507642
2180.12888640984
2178.89236872207
2177.65445093596
2176.41513197173
2175.17441074699
2173.9322861767
2172.68875717318
2171.44382264611
2170.19748150248
2168.94973264666
2167.70057498029
2166.45000740236
2165.19802880915
2163.94463809424
2162.68983414851
2161.4336158601
2160.17598211443
2158.9169317942
2157.65646377933
2156.39457694701
2155.13127017165
2153.8665423249
2152.60039227562
2151.33281888989
2150.06382103096
2148.79339755932
2147.52154733259
2146.24826920559
2144.97356203031
2143.69742465587
2142.41985592856
2141.14085469179
2139.86041978609
2138.57855004912
2137.29524431565
2136.01050141753
2134.72432018372
2133.43669944023
2132.14763801017
2130.8571347137
2129.565188368
2128.27179778734
2126.97696178298
2125.68067916321
2124.38294873334
2123.08376929568
2121.78313964951
2120.48105859112
2119.17752491374
2117.87253740758
2116.56609485979
2115.25819605447
2113.94883977264
2112.63802479223
2111.32574988811
2110.01201383201
2108.69681539258
2107.38015333531
2106.0620264226
2104.74243341368
2103.42137306463
2102.09884412836
2100.77484535461
2099.44937548993
2098.12243327768
2096.79401745799
2095.4641267678
2094.1327599408
2092.79991570744
2091.46559279493
2090.12978992718
2088.79250582487
2087.45373920537
2086.11348878275
2084.77175326778
2083.42853136791
2082.08382178723
2080.73762322654
2079.38993438323
2078.04075395135
2076.69008062157
2075.33791308117
2073.98425001402
2072.62909010058
2071.27243201789
2069.91427443953
2068.55461603566
2067.19345547296
2065.83079141463
2064.46662252039
2063.10094744648
2061.73376484559
2060.36507336691
2058.9948716561
2057.62315835526
2056.24993210292
2054.87519153405
2053.49893528003
2052.12116196864
2050.74187022405
2049.3610586668
2047.97872591379
2046.59487057826
2045.20949126982
2043.82258659437
2042.43415515413
2041.04419554761
2039.65270636962
2038.25968621121
2036.86513365971
2035.46904729868
2034.07142570793
2032.67226746344
2031.27157113745
2029.86933529833
2028.46555851066
2027.06023933517
2025.65337632874
2024.24496804436
2022.83501303116
2021.42350983437
2020.0104569953
2018.59585305134
2017.17969653593
2015.76198597858
2014.3427199048
2012.92189683614
2011.49951529013
2010.0755737803
2008.65007081616
2007.22300490315
2005.79437454268
2004.36417823207
2002.93241446455
2001.49908172925
2000.06417851119
1998.62770329123
1997.18965454611
1995.75003074839
1994.30883036644
1992.86605186445
1991.42169370237
1989.97575433596
1988.52823221669
1987.07912579181
1985.62843350427
1984.17615379273
1982.72228509154
1981.26682583072
1979.80977443595
1978.35112932856
1976.8908889255
1975.42905163931
1973.96561587814
1972.5005800457
1971.03394254127
1969.56570175967
1968.09585609121
1966.62440392175
1965.15134363261
1963.67667360059
1962.20039219792
1960.72249779231
1959.24298874684
1957.76186342001
1956.27912016571
1954.79475733317
1953.308773267
1951.82116630709
1950.33193478868
1948.84107704227
1947.34859139366
1945.85447616388
1944.3587296692
1942.86135022111
1941.36233612629
1939.8616856866
1938.35939719907
1936.85546895584
1935.34989924421
1933.84268634655
1932.33382854031
1930.82332409802
1929.31117128723
1927.79736837054
1926.28191360553
1924.76480524477
1923.24604153577
1921.72562072101
1920.20354103789
1918.67980071868
1917.15439799056
1915.62733107556
1914.09859819054
1912.56819754719
1911.03612735198
1909.50238580617
1907.96697110576
1906.42988144149
1904.89111499882
1903.35066995787
1901.80854449345
1900.26473677502
1898.71924496665
1897.172067227
1895.62320170934
1894.07264656146
1892.52039992571
1890.96645993895
1889.41082473251
1887.85349243219
1886.29446115826
1884.73372902537
1883.17129414259
1881.60715461335
1880.04130853543
1878.47375400096
1876.90448909632
1875.33351190222
1873.7608204936
1872.18641293961
1870.61028730365
1869.03244164325
1867.45287401013
1865.87158245014
1864.2885650032
1862.70381970336
1861.11734457868
1859.52913765129
1857.9391969373
1856.3475204468
1854.75410618383
1853.15895214638
1851.56205632631
1849.96341670937
1848.36303127517
1846.76089799711
1845.15701484242
1843.55137977207
1841.94399074078
1840.334845697
1838.72394258284
1837.11127933408
1835.49685388014
1833.88066414402
1832.26270804232
1830.64298348518
1829.02148837624
1827.39822061266
1825.77317808504
1824.14635867743
1822.51776026725
1820.88738072534
1819.25521791585
1817.62126969626
1815.98553391734
1814.34800842309
1812.70869105077
1811.06757963082
1809.42467198684
1807.77996593557
1806.13345928685
1804.4851498436
1802.83503540177
1801.18311375033
1799.52938267122
1797.87383993934
1796.21648332248
1794.55731058135
1792.89631946947
1791.23350773319
1789.56887311167
1787.90241333679
1786.23412613317
1784.56400921809
1782.8920603015
1781.21827708598
1779.54265726666
1777.86519853126
1776.18589855997
1774.5047550255
1772.82176559299
1771.13692791999
1769.45023965642
1767.76169844455
1766.07130191896
1764.37904770648
1762.68493342618
1760.98895668934
1759.29111509938
1757.59140625184
1755.88982773436
1754.18637712663
1752.48105200033
1750.77384991913
1749.06476843863
1747.35380510632
1745.64095746156
1743.92622303551
1742.20959935114
1740.49108392312
1738.77067425786
1737.04836785341
1735.32416219944
1733.59805477721
1731.87004305952
1730.14012451066
1728.40829658638
1726.67455673386
1724.93890239164
1723.2013309896
1721.46183994892
1719.72042668201
1717.9770885925
1716.23182307518
1714.48462751596
1712.73549929183
1710.98443577079
1709.23143431186
1707.47649226499
1705.71960697102
1703.96077576166
1702.19999595942
1700.43726487758
1698.67257982011
1696.9059380817
1695.13733694761
1693.36677369372
1691.59424558642
1689.81974988259
1688.04328382953
1686.26484466494
1684.48442961687
1682.70203590363
1680.91766073379
1679.1313013061
1677.34295480947
1675.55261842288
1673.76028931536
1671.96596464592
1670.16964156352
1668.37131720701
1666.57098870506
1664.76865317612
1662.9643077284
1661.15794945975
1659.34957545767
1657.53918279921
1655.72676855095
1653.91232976893
1652.09586349858
1650.27736677472
1648.45683662142
1646.63427005201
1644.80966406901
1642.98301566405
1641.15432181785
1639.32357950013
1637.49078566955
1635.65593727369
1633.81903124895
1631.98006452051
1630.13903400228
1628.2959365968
1626.45076919524
1624.60352867727
1622.75421191107
1620.90281575321
1619.04933704862
1617.1937726305
1615.33611932029
1613.47637392761
1611.61453325012
1609.75059407358
1607.88455317166
1606.01640730596
1604.14615322591
1602.27378766871
1600.39930735926
1598.5227090101
1596.64398932132
1594.76314498052
1592.88017266273
1590.99506903034
1589.10783073303
1587.21845440768
1585.32693667834
1583.43327415613
1581.53746343918
1579.63950111253
1577.73938374811
1575.8371079046
1573.93267012742
1572.02606694861
1570.11729488677
1568.20635044698
1566.29323012075
1564.37793038589
1562.46044770649
1560.54077853279
1558.61891930113
1556.69486643389
1554.76861633935
1552.84016541166
1550.90951003076
1548.97664656225
1547.04157135737
1545.10428075285
1543.16477107089
1541.22303861904
1539.27907969012
1537.33289056213
1535.38446749817
1533.43380674635
1531.48090453972
1529.52575709615
1527.56836061826
1525.60871129332
1523.64680529318
1521.68263877414
1519.71620787689
1517.74750872643
1515.77653743192
1513.80329008665
1511.82776276789
1509.84995153683
1507.86985243849
1505.88746150156
1503.9027747384
1501.91578814484
1499.92649770015
1497.93489936692
1495.94098909096
1493.94476280116
1491.94621640945
1489.94534581066
1487.94214688241
1485.93661548504
1483.92874746144
1481.91853863701
1479.90598481951
1477.89108179897
1475.87382534756
1473.85421121951
1471.83223515096
1469.80789285989
1467.78118004596
1465.75209239043
1463.72062555602
1461.68677518682
1459.65053690815
1457.61190632644
1455.57087902915
1453.52745058457
1451.48161654178
1449.43337243048
1447.38271376089
1445.3296360236
1443.27413468947
1441.21620520947
1439.1558430146
1437.09304351572
1435.02780210342
1432.96011414791
1430.8899749989
1428.8173799854
1426.74232441566
1424.664803577
1422.58481273566
1420.5023471367
1418.4174020038
1416.32997253919
1414.24005392345
1412.14764131541
1410.05272985196
1407.95531464794
1405.85539079597
1403.75295336634
1401.64799740679
1399.54051794243
1397.43050997553
1395.31796848543
1393.2028884283
1391.08526473706
1388.96509232119
1386.84236606654
1384.71708083524
1382.58923146547
1380.45881277133
1378.32581954265
1376.19024654486
1374.05208851878
1371.91134018049
1369.7679962211
1367.62205130665
1365.47350007788
1363.32233715006
1361.16855711283
1359.01215453002
1356.85312393943
1354.6914598527
1352.52715675509
1350.3602091053
1348.19061133527
1346.01835785003
1343.84344302745
1341.66586121809
1339.48560674497
1337.30267390341
1335.11705696079
1332.92875015637
1330.7377477011
1328.54404377736
1326.34763253883
1324.14850811019
1321.946664587
1319.74209603541
1317.53479649198
1315.32475996347
1313.11198042657
1310.89645182776
1308.678168083
1306.45712307754
1304.23331066571
1302.00672467066
1299.77735888411
1297.54520706616
1295.31026294503
1293.0725202168
1290.83197254518
1288.58861356129
1286.34243686335
1284.09343601649
1281.84160455246
1279.58693596939
1277.32942373153
1275.06906126896
1272.80584197736
1270.53975921774
1268.27080631615
1265.99897656342
1263.72426321488
1261.44665949007
1259.16615857249
1256.88275360929
1254.59643771099
1252.30720395117
1250.01504536621
1247.71995495498
1245.42192567852
1243.12095045977
1240.81702218323
1238.51013369467
1236.20027780083
1233.88744726907
1231.57163482706
1229.25283316247
1226.93103492265
1224.60623271427
1222.27841910299
1219.94758661315
1217.61372772741
1215.2768348864
1212.93690048836
1210.59391688884
1208.24787640026
1205.89877129163
1203.54659378813
1201.19133607078
1198.832990276
1196.47154849534
1194.10700277499
1191.73934511545
1189.36856747114
1186.99466174998
1184.61761981302
1182.237433474
1179.85409449898
1177.46759460589
1175.07792546412
1172.68507869414
1170.28904586701
1167.88981850396
1165.487388076
1163.08174600341
1160.67288365532
1158.26079234929
1155.84546335079
1153.42688787275
1151.00505707513
1148.57996206441
1146.15159389309
1143.71994355925
1141.28500200602
1138.84676012109
1136.40520873621
1133.96033862666
1131.51214051077
1129.06060504935
1126.60572284517
1124.14748444247
1121.68588032633
1119.22090092219
1116.75253659528
1114.28077765
1111.80561432943
1109.32703681469
1106.84503522439
1104.359599614
1101.87071997527
1099.37838623564
1096.88258825758
1094.38331583799
1091.88055870756
1089.37430653016
1086.86454890211
1084.35127535162
1081.83447533806
1079.31413825129
1076.79025341101
1074.26281006602
1071.73179739357
1069.19720449859
1066.65902041301
1064.11723409503
1061.57183442835
1059.02281022144
1056.47015020677
1053.91384304006
1051.35387729947
1048.79024148482
1046.2229240168
1043.65191323611
1041.07719740271
1038.49876469491
1035.91660320857
1033.33070095621
1030.74104586615
1028.14762578165
1025.55042845995
1022.94944157143
1020.34465269865
1017.73604933542
1015.12361888584
1012.50734866338
1009.88722588984
1007.26323769443
1004.6353711127
1002.00361308557
999.367950458259
996.728369979273
994.084858299309
991.437401970188
988.785987443761
986.13060107079
983.471229099823
980.807857676049
978.14047284013
975.469060527025
972.793606564791
970.114096673363
967.430516463323
964.742851434642
962.051086975411
959.355208360543
956.655200750464
953.951049189777
951.242738605911
948.530253807741
945.813579484194
943.092700202832
940.367600408403
937.638264421386
934.904676436496
932.166820521176
929.424680614057
926.678240523403
923.92748392552
921.172394363147
918.412955243814
915.64914983818
912.88096127834
910.1083725561
907.331366521234
904.549925879699
901.764033191833
898.97367087051
896.178821179271
893.379466230427
890.575587983118
887.767168241351
884.954188651996
882.13663070275
879.314475720066
876.487704867047
873.6562991413
870.820239372758
867.979506221453
865.134080175261
862.283941547601
859.429070475094
856.569446915179
853.705050643686
850.835861252367
847.961858146381
845.08302054173
842.199327462654
839.310757738969
836.417290003368
833.518902688658
830.615574024956
827.707282036826
824.794004540365
821.87571914023
818.952403226615
816.02403397216
813.090588328813
810.152043024618
807.208374560451
804.259559206684
801.305572999794
798.34639173889
795.381990982187
792.412346043396
789.437431988053
786.457223629765
783.471695526386
780.480821976109
777.48457701349
774.482934405373
771.475867646745
768.463349956499
765.445354273109
762.421853250214
759.392819252111
756.358224349148
753.318040313023
750.272238611981
747.220790405905
744.163666541303
741.100837546189
738.03227362484
734.957944652456
731.87782016968
728.791869377016
725.700061129109
722.602363928898
719.498745921644
716.389174888811
713.273618241816
710.152043015629
707.024415862226
703.890703043892
700.750870426364
697.604883471813
694.452707231658
691.294306339211
688.129645002146
684.958686994779
681.781395650172
678.59773385203
675.40766402641
672.211148133223
669.008147657513
665.798623600534
662.58253647059
659.359846273646
656.130512503701
652.894494132908
649.651749601443
646.402236807113
643.14591309468
639.882735244912
636.612659463345
633.335641368738
630.051635981215
626.760597710099
623.462480341396
620.157237024948
616.844820261228
613.525181887757
610.198273065157
606.864044262792
603.522445244016
600.173425050984
596.816931989035
593.452913610615
590.081316698729
586.702087249909
583.315170456669
579.920510689441
576.518051477959
573.10773549208
569.689504522021
566.263299457978
562.829060269115
559.386725981892
555.936234657712
552.47752336985
549.01052817964
545.535184111901
542.051425129546
538.559184107366
535.05839280494
531.548981838638
528.030880652677
524.504017489196
520.968319357302
517.423712001041
513.870119866254
510.307466066262
506.735672346332
503.154659046872
499.564345065283
495.964647816431
492.355483191649
488.736765516227
485.108407505291
481.470320218017
477.822413010095
474.164593484349
470.496767439433
466.818838816506
463.130709643782
459.432279978857
455.72344784868
452.004109187082
448.274157769692
444.533485146149
440.781980569427
437.019530922145
433.246020639691
429.461331629982
425.665343189677
421.857931916644
418.03897161848
414.208333216834
410.365884647317
406.511490754726
402.645013183302
398.766310261742
394.875236882626
390.971644375927
387.055380376241
383.126288683333
379.184209115574
375.228977355814
371.260424789203
367.278378332407
363.282660253662
359.27308798303
355.249473912194
351.211625183035
347.159343464233
343.092424714992
339.010658934977
334.913829899427
330.801714878336
326.674084338481
322.530701626967
318.371322634844
314.195695439185
310.003559921885
305.794647363254
301.568680008287
297.32537060327
293.06442190015
288.785526125806
284.488364413075
280.172606189999
275.83790852341
271.483915412499
267.110257027496
262.716548888048
258.302390975192
253.867366770067
249.411042211677
244.932964564963
240.432661189365
235.909638196655
231.363378985337
226.79334263707
222.198962158504
217.579642549411
212.934758675155
208.263652918043
203.565632578091
198.839966988861
194.08588430821
189.302567936838
184.489152509046
179.644719389864
174.768291600161
169.858828075916
164.915217148734
159.936269110908
154.920707698475
149.867160287994
144.774146554632
139.640065277331
134.463178896474
129.241595324157
123.973246367538
118.655861938272
113.286938966304
107.863703584883
102.383064661541
96.8415560483751
91.2352639061075
85.5597339444032
79.8098511225802
73.9796807650741
68.0622542624949
62.0492728719246
55.9306863173773
49.6940721386925
43.323682038711
36.7988967900096
30.0915455753722
23.1608064599997
15.9421409824466
8.31776616671934
0
