1
343
58653
6666891
566685735
38421292833
2164399496259
104200375748469
4.3764157814357e+15
1.6289992075344e+17
5.44085735316489e+18
1.64709590782174e+20
4.55696534497347e+21
1.1602734839894e+23
2.73493035511787e+24
5.99861391222519e+25
1.22971585200616e+27
2.36539460944715e+28
4.28399245933206e+29
7.32788183833116e+30
1.18711685780965e+32
1.8258987860596e+33
2.67245185959632e+34
3.72981324752357e+35
4.97308433003142e+36
6.34565560512009e+37
7.76122493241611e+38
9.11225297620707e+39
1.02838283588623e+41
1.11703652863504e+42
1.16916489997134e+43
1.18047939900332e+44
1.15096741402824e+45
1.08469959322055e+46
9.88990805583444e+46
8.73137596929384e+47
7.47017721817362e+48
6.19822812426838e+49
4.99120475270033e+50
3.90337807582974e+51
2.9665673376306e+52
2.19236561780993e+53
1.5764152775681e+54
1.10349069429767e+55
7.52380018839318e+55
4.99914723628792e+56
3.23857799220391e+57
2.04650566741396e+58
1.26201182823861e+59
7.5978263128651e+59
4.46752187196468e+60
2.56663511467774e+61
1.44126433362673e+62
7.91335700161093e+62
4.24976579716143e+63
2.23305875523573e+64
1.14843021697838e+65
5.78244688197884e+65
2.85134449697577e+66
1.37734437565779e+67
6.5194300447802e+67
3.02458803716852e+68
1.37569972013149e+69
6.13605748185632e+69
2.68452514831214e+70
1.15228079442936e+71
4.85354637653581e+71
2.00661544223943e+72
8.1444979714424e+72
3.24599556832849e+73
1.2705754081743e+74
4.88545192157159e+74
1.84561517037149e+75
6.85153029000922e+75
2.49988267338174e+76
8.96624585519586e+76
3.16178143314801e+77
1.09635797746821e+78
3.73886182059671e+78
1.25417516766852e+79
4.1387780533061e+79
1.34382546669075e+80
4.29368624723141e+80
1.35018326569566e+81
4.17913867953418e+81
1.27340813882277e+82
3.82022441646831e+82
1.12850307474983e+83
3.28291803563588e+83
9.40611347288932e+83
2.65461424679321e+84
7.38041103778771e+84
2.02159084948098e+85
5.45612153999706e+85
1.45109615425454e+86
3.80339939378294e+86
9.82544843393927e+86
2.50194408575567e+87
6.28039025608056e+87
1.5542379926664e+88
3.79234070210602e+88
9.12414644170061e+88
2.16474846950152e+89
5.06509107912491e+89
1.16886717210575e+90
2.6605643250788e+90
5.97371989970523e+90
1.32315104320574e+91
2.8913300573755e+91
6.23360149984626e+91
1.32605704633093e+92
2.78352515130727e+92
5.76587352770792e+92
1.17868742026596e+93
2.37805356720324e+93
4.73542840773516e+93
9.30756618072082e+93
1.80582694275524e+94
3.45861770392105e+94
6.53940322169946e+94
1.2206886013839e+95
2.24969882734388e+95
4.09371425959296e+95
7.35537277536621e+95
1.30498549240368e+96
2.28633458269125e+96
3.95572173830709e+96
6.75898911191054e+96
1.1405794126349e+97
1.90096568772484e+97
3.12928197825473e+97
5.08806917075006e+97
8.17174745605313e+97
1.29642008513324e+98
2.03170311849239e+98
3.14537742048082e+98
4.8105772313236e+98
7.26853640061303e+98
1.08501340472919e+99
1.60019962567974e+99
2.33171945456191e+99
3.35701453387282e+99
4.7754713791712e+99
6.71237585463924e+99
9.3227442425545e+99
1.27946627880576e+100
1.73516659728452e+100
2.32535931744932e+100
3.07952990689234e+100
4.03025726069803e+100
5.21246605716945e+100
6.66229105320334e+100
8.41552554088843e+100
1.05056560673836e+101
1.29615237194992e+101
1.58046966644217e+101
1.90466857237902e+101
2.26861798111386e+101
2.67065154738721e+101
3.10736186331216e+101
3.57346614280898e+101
4.06176586418661e+101
4.56321844001212e+101
5.06713213277419e+101
5.56148648719119e+101
6.03337018913468e+101
6.46951743172273e+101
6.8569136851193e+101
7.18343338441069e+101
7.43846652231877e+101
7.61348926402038e+101
7.7025359220791e+101
7.7025359220791e+101
7.61348926402038e+101
7.43846652231877e+101
7.18343338441069e+101
6.8569136851193e+101
6.46951743172273e+101
6.03337018913468e+101
5.56148648719119e+101
5.06713213277419e+101
4.56321844001212e+101
4.06176586418661e+101
3.57346614280898e+101
3.10736186331216e+101
2.67065154738721e+101
2.26861798111386e+101
1.90466857237902e+101
1.58046966644217e+101
1.29615237194992e+101
1.05056560673836e+101
8.41552554088843e+100
6.66229105320334e+100
5.21246605716945e+100
4.03025726069803e+100
3.07952990689234e+100
2.32535931744932e+100
1.73516659728452e+100
1.27946627880576e+100
9.3227442425545e+99
6.71237585463924e+99
4.7754713791712e+99
3.35701453387282e+99
2.33171945456191e+99
1.60019962567974e+99
1.08501340472919e+99
7.26853640061303e+98
4.8105772313236e+98
3.14537742048082e+98
2.03170311849239e+98
1.29642008513324e+98
8.17174745605313e+97
5.08806917075006e+97
3.12928197825473e+97
1.90096568772484e+97
1.1405794126349e+97
6.75898911191054e+96
3.95572173830709e+96
2.28633458269125e+96
1.30498549240368e+96
7.35537277536621e+95
4.09371425959296e+95
2.24969882734388e+95
1.2206886013839e+95
6.53940322169946e+94
3.45861770392105e+94
1.80582694275524e+94
9.30756618072082e+93
4.73542840773516e+93
2.37805356720324e+93
1.17868742026596e+93
5.76587352770792e+92
2.78352515130727e+92
1.32605704633093e+92
6.23360149984626e+91
2.8913300573755e+91
1.32315104320574e+91
5.97371989970523e+90
2.6605643250788e+90
1.16886717210575e+90
5.06509107912491e+89
2.16474846950152e+89
9.12414644170061e+88
3.79234070210602e+88
1.5542379926664e+88
6.28039025608056e+87
2.50194408575567e+87
9.82544843393927e+86
3.80339939378294e+86
1.45109615425454e+86
5.45612153999706e+85
2.02159084948098e+85
7.38041103778771e+84
2.65461424679321e+84
9.40611347288932e+83
3.28291803563588e+83
1.12850307474983e+83
3.82022441646831e+82
1.27340813882277e+82
4.17913867953418e+81
1.35018326569566e+81
4.29368624723141e+80
1.34382546669075e+80
4.1387780533061e+79
1.25417516766852e+79
3.73886182059671e+78
1.09635797746821e+78
3.16178143314801e+77
8.96624585519586e+76
2.49988267338174e+76
6.85153029000922e+75
1.84561517037149e+75
4.88545192157159e+74
1.2705754081743e+74
3.24599556832849e+73
8.1444979714424e+72
2.00661544223943e+72
4.85354637653581e+71
1.15228079442936e+71
2.68452514831214e+70
6.13605748185632e+69
1.37569972013149e+69
3.02458803716852e+68
6.5194300447802e+67
1.37734437565779e+67
2.85134449697577e+66
5.78244688197884e+65
1.14843021697838e+65
2.23305875523573e+64
4.24976579716143e+63
7.91335700161093e+62
1.44126433362673e+62
2.56663511467774e+61
4.46752187196468e+60
7.5978263128651e+59
1.26201182823861e+59
2.04650566741396e+58
3.23857799220391e+57
4.99914723628792e+56
7.52380018839318e+55
1.10349069429767e+55
1.5764152775681e+54
2.19236561780993e+53
2.9665673376306e+52
3.90337807582974e+51
4.99120475270033e+50
6.19822812426838e+49
7.47017721817362e+48
8.73137596929384e+47
9.88990805583444e+46
1.08469959322055e+46
1.15096741402824e+45
1.18047939900332e+44
1.16916489997134e+43
1.11703652863504e+42
1.02838283588623e+41
9.11225297620707e+39
7.76122493241611e+38
6.34565560512009e+37
4.97308433003142e+36
3.72981324752357e+35
2.67245185959632e+34
1.8258987860596e+33
1.18711685780965e+32
7.32788183833116e+30
4.28399245933206e+29
2.36539460944715e+28
1.22971585200616e+27
5.99861391222519e+25
2.73493035511787e+24
1.1602734839894e+23
4.55696534497347e+21
1.64709590782174e+20
5.44085735316489e+18
1.6289992075344e+17
4.3764157814357e+15
104200375748469
2164399496259
38421292833
566685735
6666891
58653
343
1
