1
64
2080
45760
766480
10424128
119877472
1198774720
10639125640
85113005120
621324937376
4179822305920
26123889408304
152724276431680
839983518177760
4.36791426069856e+15
2.15665762372626e+16
1.01489765995639e+17
4.56703904783503e+17
1.97103755506528e+18
8.17980323204034e+18
3.27191949522947e+19
1.26414957534677e+20
4.72681343450391e+20
1.71346615639632e+21
6.03138151729478e+21
2.06457873606151e+22
6.88188427628637e+22
2.23659229481962e+23
7.09531001434001e+23
2.19951056808219e+24
6.66934265898828e+24
1.97990711522418e+25
5.75952990544197e+25
1.64308830491988e+26
4.60039767874781e+26
1.26502492240848e+27
3.4187082080176e+27
9.08567408333332e+27
2.37597371490124e+28
6.11727718092687e+28
1.55144373694706e+29
3.87786011232884e+29
9.55722647547692e+29
2.32353896993632e+30
5.57482404851598e+30
1.3205383170322e+31
3.08941582158897e+31
7.14111533050446e+31
1.63144073311733e+32
3.68498992696399e+32
8.23187177430091e+32
1.81923785284205e+33
3.9786378881148e+33
8.61297770877999e+33
1.84612436424812e+34
3.9189268100596e+34
8.24094745658652e+34
1.71708499278018e+35
3.54574770019865e+35
7.25801879119681e+35
1.47303037404827e+36
2.96465596669133e+36
5.91818041223112e+36
1.17201332960259e+37
2.30294474895529e+37
4.49070391509954e+37
8.6915227931807e+37
1.66992095023432e+38
3.18551848930888e+38
6.03408993253215e+38
1.13514643136844e+39
2.12109131658494e+39
3.93723280152754e+39
7.26109339613217e+39
1.33059305793952e+40
2.42310438206397e+40
4.38563295612691e+40
7.88994116463981e+40
1.41105214012134e+41
2.50891058225217e+41
4.43551162820349e+41
7.79759927366448e+41
1.36325684340805e+42
2.37046597560762e+42
4.09984572410389e+42
7.05369024906106e+42
1.20730378461742e+43
2.05590580096844e+43
3.48345719025212e+43
5.87315579074825e+43
9.85413617855009e+43
1.64544322770888e+44
2.73460739542507e+44
4.52360209020082e+44
7.44869033495521e+44
1.22098282192714e+45
1.99251015784845e+45
3.23727362714787e+45
5.23687209891843e+45
8.43535490424999e+45
1.35300086817831e+46
2.16112542604786e+46
3.43773426147951e+46
5.44625191700843e+46
8.59366335009682e+46
1.35062778248961e+47
2.11441760465856e+47
3.29734278046072e+47
5.12242578179675e+47
7.9276600646502e+47
1.22233764475911e+48
1.87772843076807e+48
2.87400799495446e+48
4.3830305876104e+48
6.66054405284126e+48
1.00858038988506e+49
1.52192586266944e+49
2.28862593560892e+49
3.42981179111014e+49
5.12265823302931e+49
7.62544541317943e+49
1.13134375200543e+50
1.67300773742796e+50
2.46597956260728e+50
3.62312239549342e+50
5.30630372355438e+50
7.74693729785438e+50
1.12748249076677e+51
1.63585242252956e+51
2.36616727656992e+51
3.412133183247e+51
4.90566247565213e+51
7.03189248537971e+51
1.00498856449934e+52
1.43210743933519e+52
2.03482320809448e+52
2.88287070389447e+52
4.07269264067564e+52
5.73728568551299e+52
8.05953273850676e+52
1.12902037997981e+53
1.57721906948142e+53
2.19730417381237e+53
3.05285155044414e+53
4.23007220149513e+53
5.84555204231491e+53
8.0565265058013e+53
1.10744825236569e+54
1.51831160265699e+54
2.07619749532654e+54
2.83175033535843e+54
3.85236933159034e+54
5.22751752208922e+54
7.07563667404326e+54
9.55312984229054e+54
1.28659989506415e+55
1.72848824149935e+55
2.31644351786758e+55
3.09682398621806e+55
4.13007443122223e+55
5.49481013070277e+55
7.29302569835681e+55
9.65672154677227e+55
1.27563121892183e+56
1.6811268275122e+56
2.21035515001186e+56
2.89945323346301e+56
3.79462395857765e+56
4.9547983691057e+56
6.45496288419977e+56
8.39030701509559e+56
1.08813809950522e+57
1.40804932210522e+57
1.8179625782129e+57
2.34202039754855e+57
3.01051241495383e+57
3.86135252443565e+57
4.94188850484602e+57
6.31111347450153e+57
8.04236173556435e+57
1.02265870090956e+58
1.2976339059787e+58
1.64305756217421e+58
2.0760470755983e+58
2.61764087267788e+58
3.29363846457631e+58
4.13560700064451e+58
5.18208433605251e+58
6.48001343498255e+58
8.08644837138495e+58
1.00705783380247e+59
1.25161229971696e+59
1.55241602698033e+59
1.92164563318811e+59
2.37393772319375e+59
2.92684722276776e+59
3.60138307188532e+59
4.42263275818441e+59
5.42048858308142e+59
6.63049008719193e+59
8.09479871963779e+59
9.86332261720627e+59
1.19950112615719e+60
1.45593418006174e+60
1.76380209448767e+60
2.13269285702336e+60
2.57383314570931e+60
3.10033979535348e+60
3.72750467395472e+60
4.4731165259799e+60
5.35782357458725e+60
6.40554090212338e+60
7.64390684222721e+60
9.10479281180291e+60
1.08248711803769e+61
1.28462459105681e+61
1.52171507984497e+61
1.79927201875916e+61
2.1235837015971e+61
2.50180629704769e+61
2.94206553586237e+61
3.45356750500343e+61
4.04671894796548e+61
4.73325742287329e+61
5.52639160965452e+61
6.44095198341828e+61
7.49355198203345e+61
8.70275969076896e+61
1.00892799448122e+62
1.16761466107468e+62
1.3488924650047e+62
1.55559213909585e+62
1.79084062396498e+62
2.05808378474189e+62
2.36110975185244e+62
2.70407273937694e+62
3.09151716795929e+62
3.52840189128684e+62
4.02012429600838e+62
4.57254401488183e+62
5.19200596226748e+62
5.88536237018585e+62
6.65999347247141e+62
7.52382645455871e+62
8.48535225766997e+62
9.55363979921313e+62
1.07383471466717e+63
1.20497291608314e+63
1.34986411065354e+63
1.5096537715996e+63
1.68554671817408e+63
1.87880595542509e+63
2.09075090239611e+63
2.32275495792138e+63
2.5762423551624e+63
2.85268425886828e+63
3.15359406308114e+63
3.48052185168662e+63
3.8350479898586e+63
4.21877582108291e+63
4.63332345206965e+63
5.08031461646422e+63
5.56136861781334e+63
6.07808936268657e+63
6.6320535061278e+63
7.22479774363075e+63
7.85780529648944e+63
8.53249165054536e+63
9.25018962189183e+63
1.00121338368415e+64
1.08194447272338e+64
1.16731121557646e+64
1.25739787992459e+64
1.35227234303418e+64
1.45198442501421e+64
1.55656424347036e+64
1.66602060681837e+64
1.7803394643175e+64
1.89948243151206e+64
2.02338541020225e+64
2.15195732228769e+64
2.28507897681973e+64
2.42260208934814e+64
2.56434847214241e+64
2.71010941309889e+64
2.85964526010814e+64
3.01268522635094e+64
3.16892743041996e+64
3.32803918333438e+64
3.48965753243913e+64
3.65339006987475e+64
3.81881601078991e+64
3.98548754376984e+64
4.15293145310112e+64
4.32065100951754e+64
4.48812812301033e+64
4.65482574817718e+64
4.82019052946948e+64
4.98365567061916e+64
5.14464400952937e+64
5.30257127704073e+64
5.45684951528242e+64
5.60689062882578e+64
5.75211003962022e+64
5.89193041474398e+64
6.02578543438184e+64
6.1531235661779e+64
6.27341181123196e+64
6.38613938653222e+64
6.49082130856231e+64
6.58700184319476e+64
6.67425778779041e+64
6.75220155265965e+64
6.82048401069748e+64
6.87879708606301e+64
6.92687605521337e+64
6.96450153639225e+64
6.99150114678099e+64
7.00775080990508e+64
7.0131756995076e+64
7.00775080990508e+64
6.99150114678099e+64
6.96450153639225e+64
6.92687605521337e+64
6.87879708606301e+64
6.82048401069748e+64
6.75220155265965e+64
6.67425778779041e+64
6.58700184319476e+64
6.49082130856231e+64
6.38613938653222e+64
6.27341181123196e+64
6.1531235661779e+64
6.02578543438184e+64
5.89193041474398e+64
5.75211003962022e+64
5.60689062882578e+64
5.45684951528242e+64
5.30257127704073e+64
5.14464400952937e+64
4.98365567061916e+64
4.82019052946948e+64
4.65482574817718e+64
4.48812812301033e+64
4.32065100951754e+64
4.15293145310112e+64
3.98548754376984e+64
3.81881601078991e+64
3.65339006987475e+64
3.48965753243913e+64
3.32803918333438e+64
3.16892743041996e+64
3.01268522635094e+64
2.85964526010814e+64
2.71010941309889e+64
2.56434847214241e+64
2.42260208934814e+64
2.28507897681973e+64
2.15195732228769e+64
2.02338541020225e+64
1.89948243151206e+64
1.7803394643175e+64
1.66602060681837e+64
1.55656424347036e+64
1.45198442501421e+64
1.35227234303418e+64
1.25739787992459e+64
1.16731121557646e+64
1.08194447272338e+64
1.00121338368415e+64
9.25018962189183e+63
8.53249165054536e+63
7.85780529648944e+63
7.22479774363075e+63
6.6320535061278e+63
6.07808936268657e+63
5.56136861781334e+63
5.08031461646422e+63
4.63332345206965e+63
4.21877582108291e+63
3.8350479898586e+63
3.48052185168662e+63
3.15359406308114e+63
2.85268425886828e+63
2.5762423551624e+63
2.32275495792138e+63
2.09075090239611e+63
1.87880595542509e+63
1.68554671817408e+63
1.5096537715996e+63
1.34986411065354e+63
1.20497291608314e+63
1.07383471466717e+63
9.55363979921313e+62
8.48535225766997e+62
7.52382645455871e+62
6.65999347247141e+62
5.88536237018585e+62
5.19200596226748e+62
4.57254401488183e+62
4.02012429600838e+62
3.52840189128684e+62
3.09151716795929e+62
2.70407273937694e+62
2.36110975185244e+62
2.05808378474189e+62
1.79084062396498e+62
1.55559213909585e+62
1.3488924650047e+62
1.16761466107468e+62
1.00892799448122e+62
8.70275969076896e+61
7.49355198203345e+61
6.44095198341828e+61
5.52639160965452e+61
4.73325742287329e+61
4.04671894796548e+61
3.45356750500343e+61
2.94206553586237e+61
2.50180629704769e+61
2.1235837015971e+61
1.79927201875916e+61
1.52171507984497e+61
1.28462459105681e+61
1.08248711803769e+61
9.10479281180291e+60
7.64390684222721e+60
6.40554090212338e+60
5.35782357458725e+60
4.4731165259799e+60
3.72750467395472e+60
3.10033979535348e+60
2.57383314570931e+60
2.13269285702336e+60
1.76380209448767e+60
1.45593418006174e+60
1.19950112615719e+60
9.86332261720627e+59
8.09479871963779e+59
6.63049008719193e+59
5.42048858308142e+59
4.42263275818441e+59
3.60138307188532e+59
2.92684722276776e+59
2.37393772319375e+59
1.92164563318811e+59
1.55241602698033e+59
1.25161229971696e+59
1.00705783380247e+59
8.08644837138495e+58
6.48001343498255e+58
5.18208433605251e+58
4.13560700064451e+58
3.29363846457631e+58
2.61764087267788e+58
2.0760470755983e+58
1.64305756217421e+58
1.2976339059787e+58
1.02265870090956e+58
8.04236173556435e+57
6.31111347450153e+57
4.94188850484602e+57
3.86135252443565e+57
3.01051241495383e+57
2.34202039754855e+57
1.8179625782129e+57
1.40804932210522e+57
1.08813809950522e+57
8.39030701509559e+56
6.45496288419977e+56
4.9547983691057e+56
3.79462395857765e+56
2.89945323346301e+56
2.21035515001186e+56
1.6811268275122e+56
1.27563121892183e+56
9.65672154677227e+55
7.29302569835681e+55
5.49481013070277e+55
4.13007443122223e+55
3.09682398621806e+55
2.31644351786758e+55
1.72848824149935e+55
1.28659989506415e+55
9.55312984229054e+54
7.07563667404326e+54
5.22751752208922e+54
3.85236933159034e+54
2.83175033535843e+54
2.07619749532654e+54
1.51831160265699e+54
1.10744825236569e+54
8.0565265058013e+53
5.84555204231491e+53
4.23007220149513e+53
3.05285155044414e+53
2.19730417381237e+53
1.57721906948142e+53
1.12902037997981e+53
8.05953273850676e+52
5.73728568551299e+52
4.07269264067564e+52
2.88287070389447e+52
2.03482320809448e+52
1.43210743933519e+52
1.00498856449934e+52
7.03189248537971e+51
4.90566247565213e+51
3.412133183247e+51
2.36616727656992e+51
1.63585242252956e+51
1.12748249076677e+51
7.74693729785438e+50
5.30630372355438e+50
3.62312239549342e+50
2.46597956260728e+50
1.67300773742796e+50
1.13134375200543e+50
7.62544541317943e+49
5.12265823302931e+49
3.42981179111014e+49
2.28862593560892e+49
1.52192586266944e+49
1.00858038988506e+49
6.66054405284126e+48
4.3830305876104e+48
2.87400799495446e+48
1.87772843076807e+48
1.22233764475911e+48
7.9276600646502e+47
5.12242578179675e+47
3.29734278046072e+47
2.11441760465856e+47
1.35062778248961e+47
8.59366335009682e+46
5.44625191700843e+46
3.43773426147951e+46
2.16112542604786e+46
1.35300086817831e+46
8.43535490424999e+45
5.23687209891843e+45
3.23727362714787e+45
1.99251015784845e+45
1.22098282192714e+45
7.44869033495521e+44
4.52360209020082e+44
2.73460739542507e+44
1.64544322770888e+44
9.85413617855009e+43
5.87315579074825e+43
3.48345719025212e+43
2.05590580096844e+43
1.20730378461742e+43
7.05369024906106e+42
4.09984572410389e+42
2.37046597560762e+42
1.36325684340805e+42
7.79759927366448e+41
4.43551162820349e+41
2.50891058225217e+41
1.41105214012134e+41
7.88994116463981e+40
4.38563295612691e+40
2.42310438206397e+40
1.33059305793952e+40
7.26109339613217e+39
3.93723280152754e+39
2.12109131658494e+39
1.13514643136844e+39
6.03408993253215e+38
3.18551848930888e+38
1.66992095023432e+38
8.6915227931807e+37
4.49070391509954e+37
2.30294474895529e+37
1.17201332960259e+37
5.91818041223112e+36
2.96465596669133e+36
1.47303037404827e+36
7.25801879119681e+35
3.54574770019865e+35
1.71708499278018e+35
8.24094745658652e+34
3.9189268100596e+34
1.84612436424812e+34
8.61297770877999e+33
3.9786378881148e+33
1.81923785284205e+33
8.23187177430091e+32
3.68498992696399e+32
1.63144073311733e+32
7.14111533050446e+31
3.08941582158897e+31
1.3205383170322e+31
5.57482404851598e+30
2.32353896993632e+30
9.55722647547692e+29
3.87786011232884e+29
1.55144373694706e+29
6.11727718092687e+28
2.37597371490124e+28
9.08567408333332e+27
3.4187082080176e+27
1.26502492240848e+27
4.60039767874781e+26
1.64308830491988e+26
5.75952990544197e+25
1.97990711522418e+25
6.66934265898828e+24
2.19951056808219e+24
7.09531001434001e+23
2.23659229481962e+23
6.88188427628637e+22
2.06457873606151e+22
6.03138151729478e+21
1.71346615639632e+21
4.72681343450391e+20
1.26414957534677e+20
3.27191949522947e+19
8.17980323204034e+18
1.97103755506528e+18
4.56703904783503e+17
1.01489765995639e+17
2.15665762372626e+16
4.36791426069856e+15
839983518177760
152724276431680
26123889408304
4179822305920
621324937376
85113005120
10639125640
1198774720
119877472
10424128
766480
45760
2080
64
1
