1
16
136
816
3876
15504
54264
170544
490314
1307504
3268744
7725904
17381684
37429104
77496744
154869456
299671971
562994016
1029313296
1835047456
3195643120
5444285920
9086074320
14872309920
23900365620
37745325216
58630143456
89641329376
134996961256
200373037216
293292585664
423579449824
603875095429
850212096624
1182632132664
1625829474384
2209793268644
2970413786224
3950009666344
5197725682384
6769744391866
8729251016656
11146089846776
14096053151856
17659750681116
21921019803600
26964853378600
32874844399600
39730172770975
47602189273600
56550683448208
66619953987328
77834830191288
90196818841728
103680570174208
118230867325312
133760343848092
150148122298432
167239542830992
184847114341312
202752772954792
220711475476672
238456091481712
255703490430272
272161653439417
287537577256528
301545684689848
313916415021808
324404642911948
332797567240528
338921723413960
342648803797360
343900019857310
342648803797360
338921723413960
332797567240528
324404642911948
313916415021808
301545684689848
287537577256528
272161653439417
255703490430272
238456091481712
220711475476672
202752772954792
184847114341312
167239542830992
150148122298432
133760343848092
118230867325312
103680570174208
90196818841728
77834830191288
66619953987328
56550683448208
47602189273600
39730172770975
32874844399600
26964853378600
21921019803600
17659750681116
14096053151856
11146089846776
8729251016656
6769744391866
5197725682384
3950009666344
2970413786224
2209793268644
1625829474384
1182632132664
850212096624
603875095429
423579449824
293292585664
200373037216
134996961256
89641329376
58630143456
37745325216
23900365620
14872309920
9086074320
5444285920
3195643120
1835047456
1029313296
562994016
299671971
154869456
77496744
37429104
17381684
7725904
3268744
1307504
490314
170544
54264
15504
3876
816
136
16
1
