1
32
528
5984
52328
375968
2307888
12428768
59848724
261391008
1046968208
3879681248
13395883928
43352311584
132146627888
380990762848
1042651014018
2716881593568
6758929131504
16091080203168
36736421429112
80577720883296
170080484010960
345983255074080
679189945432260
1.28819155353226e+15
2.36314293509323e+15
4.19703719516445e+15
7.22307920750554e+15
1.20552654657804e+16
1.95264071444629e+16
3.07147255387619e+16
4.6947354833056e+16
6.97675398276877e+16
1.00853087495577e+17
1.41877664828079e+17
1.94314295542428e+17
2.59191527637037e+17
3.36825794513568e+17
4.26566005427289e+17
5.26595218748673e+17
6.33836206523897e+17
7.44000516681155e+17
8.5180371705032e+17
9.5134458723287e+17
1.03661713137877e+18
1.10209708783479e+18
1.14332520856636e+18
1.157402982351e+18
1.14332520856636e+18
1.10209708783479e+18
1.03661713137877e+18
9.5134458723287e+17
8.5180371705032e+17
7.44000516681155e+17
6.33836206523897e+17
5.26595218748673e+17
4.26566005427289e+17
3.36825794513568e+17
2.59191527637037e+17
1.94314295542428e+17
1.41877664828079e+17
1.00853087495577e+17
6.97675398276877e+16
4.6947354833056e+16
3.07147255387619e+16
1.95264071444629e+16
1.20552654657804e+16
7.22307920750554e+15
4.19703719516445e+15
2.36314293509323e+15
1.28819155353226e+15
679189945432260
345983255074080
170080484010960
80577720883296
36736421429112
16091080203168
6758929131504
2716881593568
1042651014018
380990762848
132146627888
43352311584
13395883928
3879681248
1046968208
261391008
59848724
12428768
2307888
375968
52328
5984
528
32
1
