1
32
528
5984
52360
376992
2324784
12620256
61523748
273438848
1121098384
4280544480
15338486776
51913850912
166859271216
511664367456
1502828760906
4242452724576
11545508441952
30370068218016
77398177925016
191500979197536
460864462692816
1.08059028742915e+15
2.47221505749676e+15
5.52634339637635e+15
1.20850979926042e+16
2.58826793515885e+16
5.43448701572237e+16
1.11970593238524e+17
2.26578046536483e+17
4.50653279622487e+17
8.8164507732244e+17
1.69770902152812e+18
3.21974152880648e+18
6.01752087290652e+18
1.10888358808964e+19
2.01577920873403e+19
3.61652079150935e+19
6.40647369926993e+19
1.12099626803398e+20
1.93826072633297e+20
3.3128276188241e+20
5.59899980064704e+20
9.36019280531875e+20
1.54828779536331e+21
2.53474126788804e+21
4.10815049752385e+21
6.59324552330609e+21
1.04808363743808e+22
1.65057245154791e+22
2.5757773656125e+22
3.98387351804876e+22
6.10815801219805e+22
9.28543789549595e+22
1.39977416874896e+23
2.09290476151235e+23
3.10417305784171e+23
4.5678647224417e+23
6.66982257572679e+23
9.66516205546682e+23
1.39012939356074e+24
1.98475748789198e+24
2.81331491985949e+24
3.95948068443286e+24
5.53369563123572e+24
7.68060869430255e+24
1.05882359295006e+25
1.44991197285406e+25
1.97237939526266e+25
2.66568713309164e+25
3.57960692286512e+25
4.77644753643574e+25
6.33363225220971e+25
8.34664868981856e+25
1.09323844621847e+26
1.42328511658362e+26
1.84192850772724e+26
2.3696595343035e+26
3.03081093624556e+26
3.85405405465736e+26
4.8729075976249e+26
6.12624511926247e+26
7.6587847210752e+26
9.52154119087871e+26
1.1772217555197e+27
1.44755099978216e+27
1.77032974761194e+27
2.1534685353283e+27
2.60558711768618e+27
3.13598005923513e+27
3.7545582497617e+27
4.47176351101972e+27
5.2984538790013e+27
6.24575773391252e+27
7.32489571274579e+27
8.54697027303837e+27
9.92272386834709e+27
1.14622679237998e+28
1.31747861315051e+28
1.50682169785715e+28
1.71489218239827e+28
1.94213461959969e+28
2.18876832248715e+28
2.45475491893418e+28
2.73976819721827e+28
3.04316737266121e+28
3.36397491945578e+28
3.70086008439763e+28
4.05212912736839e+28
4.41572321560165e+28
4.78922473551013e+28
5.1698725797873e+28
5.55458672341607e+28
5.94000212703843e+28
6.32251170872375e+28
6.69831781603513e+28
7.06349132120118e+28
7.41403716568546e+28
7.74596490923427e+28
8.05536260489102e+28
8.33847213677553e+28
8.59176403129684e+28
8.81200969238637e+28
8.99634902217852e+28
9.14235147225485e+28
9.24806872590101e+28
9.31207743443146e+28
9.3335107131141e+28
9.31207743443146e+28
9.24806872590101e+28
9.14235147225485e+28
8.99634902217852e+28
8.81200969238637e+28
8.59176403129684e+28
8.33847213677553e+28
8.05536260489102e+28
7.74596490923427e+28
7.41403716568546e+28
7.06349132120118e+28
6.69831781603513e+28
6.32251170872375e+28
5.94000212703843e+28
5.55458672341607e+28
5.1698725797873e+28
4.78922473551013e+28
4.41572321560165e+28
4.05212912736839e+28
3.70086008439763e+28
3.36397491945578e+28
3.04316737266121e+28
2.73976819721827e+28
2.45475491893418e+28
2.18876832248715e+28
1.94213461959969e+28
1.71489218239827e+28
1.50682169785715e+28
1.31747861315051e+28
1.14622679237998e+28
9.92272386834709e+27
8.54697027303837e+27
7.32489571274579e+27
6.24575773391252e+27
5.2984538790013e+27
4.47176351101972e+27
3.7545582497617e+27
3.13598005923513e+27
2.60558711768618e+27
2.1534685353283e+27
1.77032974761194e+27
1.44755099978216e+27
1.1772217555197e+27
9.52154119087871e+26
7.6587847210752e+26
6.12624511926247e+26
4.8729075976249e+26
3.85405405465736e+26
3.03081093624556e+26
2.3696595343035e+26
1.84192850772724e+26
1.42328511658362e+26
1.09323844621847e+26
8.34664868981856e+25
6.33363225220971e+25
4.77644753643574e+25
3.57960692286512e+25
2.66568713309164e+25
1.97237939526266e+25
1.44991197285406e+25
1.05882359295006e+25
7.68060869430255e+24
5.53369563123572e+24
3.95948068443286e+24
2.81331491985949e+24
1.98475748789198e+24
1.39012939356074e+24
9.66516205546682e+23
6.66982257572679e+23
4.5678647224417e+23
3.10417305784171e+23
2.09290476151235e+23
1.39977416874896e+23
9.28543789549595e+22
6.10815801219805e+22
3.98387351804876e+22
2.5757773656125e+22
1.65057245154791e+22
1.04808363743808e+22
6.59324552330609e+21
4.10815049752385e+21
2.53474126788804e+21
1.54828779536331e+21
9.36019280531875e+20
5.59899980064704e+20
3.3128276188241e+20
1.93826072633297e+20
1.12099626803398e+20
6.40647369926993e+19
3.61652079150935e+19
2.01577920873403e+19
1.10888358808964e+19
6.01752087290652e+18
3.21974152880648e+18
1.69770902152812e+18
8.8164507732244e+17
4.50653279622487e+17
2.26578046536483e+17
1.11970593238524e+17
5.43448701572237e+16
2.58826793515885e+16
1.20850979926042e+16
5.52634339637635e+15
2.47221505749676e+15
1.08059028742915e+15
460864462692816
191500979197536
77398177925016
30370068218016
11545508441952
4242452724576
1502828760906
511664367456
166859271216
51913850912
15338486776
4280544480
1121098384
273438848
61523748
12620256
2324784
376992
52360
5984
528
32
1
