1
32
528
5984
52360
376960
2323760
12603360
61332260
271763360
1109036160
4206184160
14935091960
49949734560
158147261360
476050562560
1367407579210
3759840808160
9923447738160
25201426643360
61713710751760
145999999107360
334249652999760
741638870124960
1.59701316463986e+15
3.34159092874848e+15
6.8016063009204e+15
1.34810634534779e+16
2.60431672059304e+16
4.90782180457906e+16
9.02915298178242e+16
1.62285273227189e+17
2.85148581771694e+17
4.90102987000209e+17
8.24463656223767e+17
1.35815560059956e+18
2.19194985877806e+18
3.46743901170726e+18
5.37853885023307e+18
8.18397647684975e+18
1.22198115866605e+19
1.79105639660204e+19
2.57770370973115e+19
3.64385105939064e+19
5.06067190310258e+19
6.9069048053296e+19
9.26587610385541e+19
1.22210894650388e+20
1.58503752672134e+20
2.02187636870484e+20
2.53704449179727e+20
3.13203863975805e+20
3.8046361576268e+20
4.548227526692e+20
5.35137157370905e+20
6.19765989761748e+20
7.06595838784431e+20
7.9310633047013e+20
8.76476959900015e+20
9.53730409489413e+20
1.02190313306667e+21
1.07823013542886e+21
1.12032824111192e+21
1.14636117806505e+21
1.15517074610548e+21
1.14636117806505e+21
1.12032824111192e+21
1.07823013542886e+21
1.02190313306667e+21
9.53730409489413e+20
8.76476959900015e+20
7.9310633047013e+20
7.06595838784431e+20
6.19765989761748e+20
5.35137157370905e+20
4.548227526692e+20
3.8046361576268e+20
3.13203863975805e+20
2.53704449179727e+20
2.02187636870484e+20
1.58503752672134e+20
1.22210894650388e+20
9.26587610385541e+19
6.9069048053296e+19
5.06067190310258e+19
3.64385105939064e+19
2.57770370973115e+19
1.79105639660204e+19
1.22198115866605e+19
8.18397647684975e+18
5.37853885023307e+18
3.46743901170726e+18
2.19194985877806e+18
1.35815560059956e+18
8.24463656223767e+17
4.90102987000209e+17
2.85148581771694e+17
1.62285273227189e+17
9.02915298178242e+16
4.90782180457906e+16
2.60431672059304e+16
1.34810634534779e+16
6.8016063009204e+15
3.34159092874848e+15
1.59701316463986e+15
741638870124960
334249652999760
145999999107360
61713710751760
25201426643360
9923447738160
3759840808160
1367407579210
476050562560
158147261360
49949734560
14935091960
4206184160
1109036160
271763360
61332260
12603360
2323760
376960
52360
5984
528
32
1
