1
32
528
5984
52360
376992
2324784
12620256
61523748
273438880
1121099376
4280560352
15338661368
51915334944
166869659440
511726696800
1503158216010
4244017636320
11552289725680
30397193339040
77499280446600
191854835985760
462034896125520
1.08426868928208e+15
2.48324968799314e+15
5.55806512687114e+15
1.21727866739313e+16
2.61164647695913e+16
5.49475985245777e+16
1.13476740500191e+17
2.30233607712863e+17
4.59286738367659e+17
9.01518854978917e+17
1.74236606667586e+18
3.3178259890866e+18
6.22835611385483e+18
1.15328564298474e+19
2.10749022475865e+19
3.80247356215567e+19
6.77691317343539e+19
1.19355777067299e+20
2.07811764688955e+20
3.57825192471912e+20
6.09530093224654e+20
1.02750368422665e+21
1.71462058466677e+21
2.83317886717544e+21
4.63680923667955e+21
7.51822405659478e+21
1.20800200492983e+22
1.92387304043235e+22
3.03764047748823e+22
4.75595326670426e+22
7.38525642557818e+22
1.13763181809906e+23
1.73869524978543e+23
2.63696615457165e+23
3.96931272359183e+23
5.93093057286436e+23
8.7981463552546e+23
1.2959299902572e+24
1.89562498451554e+24
2.75397381833588e+24
3.97426911074129e+24
5.69765487123588e+24
8.11569273942843e+24
1.14866346752101e+25
1.61563416168088e+25
2.25849788672058e+25
3.13808357974538e+25
4.33428595658756e+25
5.95137583451892e+25
8.12458157765119e+25
1.10281859756721e+26
1.48854137531569e+26
1.99804154945985e+26
2.66726827008021e+26
3.54142542671563e+26
4.67700948384349e+26
6.14420378327883e+26
8.02966876782106e+26
1.04397663897537e+27
1.3504254079579e+27
1.73804787174719e+27
2.22580937221257e+27
2.83643123113702e+27
3.59696968902988e+27
4.53944681335674e+27
5.70152974754704e+27
7.12725233358807e+27
8.8677704556331e+27
1.09821394422286e+28
1.35380985713917e+28
1.66128442073959e+28
2.02937694445797e+28
2.46791444487496e+28
2.98787081008231e+28
3.60141382121369e+28
4.32193646675454e+28
5.16406875477926e+28
6.14366607834924e+28
7.27777013996634e+28
8.58453851176171e+28
1.00831391171598e+29
1.17936062828201e+29
1.37366555389668e+29
1.59334550494423e+29
1.84053524320392e+29
2.11735567804236e+29
2.42587769095087e+29
2.76808181968834e+29
3.14581418561665e+29
3.56073920182273e+29
4.01428975698118e+29
4.50761572562117e+29
5.04153180397212e+29
5.61646580593904e+29
6.23240866988371e+29
6.88886751769153e+29
7.58482316731698e+29
8.31869352342098e+29
9.08830425347632e+29
9.89086809554833e+29
1.07229740369117e+30
1.1580587449315e+30
1.24590620682955e+30
1.33531644634762e+30
1.42571113690108e+30
1.51646199347589e+30
1.60689706274285e+30
1.69630821662181e+30
1.78395975299257e+30
1.86909797332566e+30
1.9509615750703e+30
2.02879266782887e+30
2.10184819775256e+30
2.16941154519453e+30
2.23080404729261e+30
2.28539619047938e+30
2.33261821837232e+30
2.37196990828311e+30
2.40302928464784e+30
2.42546005970906e+30
2.43901762021002e+30
2.44355341289222e+30
2.43901762021002e+30
2.42546005970906e+30
2.40302928464784e+30
2.37196990828311e+30
2.33261821837232e+30
2.28539619047938e+30
2.23080404729261e+30
2.16941154519453e+30
2.10184819775256e+30
2.02879266782887e+30
1.9509615750703e+30
1.86909797332566e+30
1.78395975299257e+30
1.69630821662181e+30
1.60689706274285e+30
1.51646199347589e+30
1.42571113690108e+30
1.33531644634762e+30
1.24590620682955e+30
1.1580587449315e+30
1.07229740369117e+30
9.89086809554833e+29
9.08830425347632e+29
8.31869352342098e+29
7.58482316731698e+29
6.88886751769153e+29
6.23240866988371e+29
5.61646580593904e+29
5.04153180397212e+29
4.50761572562117e+29
4.01428975698118e+29
3.56073920182273e+29
3.14581418561665e+29
2.76808181968834e+29
2.42587769095087e+29
2.11735567804236e+29
1.84053524320392e+29
1.59334550494423e+29
1.37366555389668e+29
1.17936062828201e+29
1.00831391171598e+29
8.58453851176171e+28
7.27777013996634e+28
6.14366607834924e+28
5.16406875477926e+28
4.32193646675454e+28
3.60141382121369e+28
2.98787081008231e+28
2.46791444487496e+28
2.02937694445797e+28
1.66128442073959e+28
1.35380985713917e+28
1.09821394422286e+28
8.8677704556331e+27
7.12725233358807e+27
5.70152974754704e+27
4.53944681335674e+27
3.59696968902988e+27
2.83643123113702e+27
2.22580937221257e+27
1.73804787174719e+27
1.3504254079579e+27
1.04397663897537e+27
8.02966876782106e+26
6.14420378327883e+26
4.67700948384349e+26
3.54142542671563e+26
2.66726827008021e+26
1.99804154945985e+26
1.48854137531569e+26
1.10281859756721e+26
8.12458157765119e+25
5.95137583451892e+25
4.33428595658756e+25
3.13808357974538e+25
2.25849788672058e+25
1.61563416168088e+25
1.14866346752101e+25
8.11569273942843e+24
5.69765487123588e+24
3.97426911074129e+24
2.75397381833588e+24
1.89562498451554e+24
1.2959299902572e+24
8.7981463552546e+23
5.93093057286436e+23
3.96931272359183e+23
2.63696615457165e+23
1.73869524978543e+23
1.13763181809906e+23
7.38525642557818e+22
4.75595326670426e+22
3.03764047748823e+22
1.92387304043235e+22
1.20800200492983e+22
7.51822405659478e+21
4.63680923667955e+21
2.83317886717544e+21
1.71462058466677e+21
1.02750368422665e+21
6.09530093224654e+20
3.57825192471912e+20
2.07811764688955e+20
1.19355777067299e+20
6.77691317343539e+19
3.80247356215567e+19
2.10749022475865e+19
1.15328564298474e+19
6.22835611385483e+18
3.3178259890866e+18
1.74236606667586e+18
9.01518854978917e+17
4.59286738367659e+17
2.30233607712863e+17
1.13476740500191e+17
5.49475985245777e+16
2.61164647695913e+16
1.21727866739313e+16
5.55806512687114e+15
2.48324968799314e+15
1.08426868928208e+15
462034896125520
191854835985760
77499280446600
30397193339040
11552289725680
4244017636320
1503158216010
511726696800
166869659440
51915334944
15338661368
4280560352
1121099376
273438880
61523748
12620256
2324784
376992
52360
5984
528
32
1
