1
27
378
3654
27405
169911
906192
4272048
18156177
70606731
254176650
854893494
2706735213
8117837847
23182462656
63316929600
166019504445
419265256815
1022667784530
2415278671470
5535140797305
12332513739195
26759388249360
56632184884080
117059270377725
236612415097071
468210422610882
907934025601918
1.72693382715649e+15
3.22455031411064e+15
5.91517861926682e+15
1.06678705630072e+16
1.89269392322704e+16
3.30548855464466e+16
5.68569878990191e+16
9.63712865681994e+16
1.61040042218624e+17
2.65420759383967e+17
4.31648248096e+17
6.92925473655053e+17
1.09840119978627e+18
1.71988697049139e+18
2.66097391288187e+18
4.06922861033379e+18
6.15227211944355e+18
9.19866957800469e+18
1.36046690626438e+19
1.99079131531605e+19
2.88292871504115e+19
4.13240427594495e+19
5.86432212101889e+19
8.24061695841262e+19
1.14684573079352e+20
1.58097891183949e+20
2.1591936987591e+20
2.92190896600412e+20
3.91843874066311e+20
5.20822033243575e+20
6.86200725136067e+20
8.96295786498324e+20
1.16075365094086e+21
1.49061308001217e+21
1.8983278439063e+21
2.39773902679749e+21
3.00398551102531e+21
3.7333417456676e+21
4.60297324875868e+21
5.63060251712157e+21
6.83408116628582e+21
8.23086817922663e+21
9.83741902122492e+21
1.1668495917393e+22
1.37364155500715e+22
1.60502565032799e+22
1.86150545875266e+22
2.14310193051519e+22
2.44928087316319e+22
2.77889025731475e+22
3.1301113743791e+22
3.50042771974916e+22
3.88661507747024e+22
4.2847556447932e+22
4.69027816991261e+22
5.09802501294444e+22
5.50234582452112e+22
5.89721622850041e+22
6.27637856682537e+22
6.63350049427254e+22
6.96234607935825e+22
7.25695315194801e+22
7.51181000550383e+22
7.72202426486798e+22
7.88347680206245e+22
7.9929540331892e+22
8.04825274531327e+22
8.04825274531327e+22
7.9929540331892e+22
7.88347680206245e+22
7.72202426486798e+22
7.51181000550383e+22
7.25695315194801e+22
6.96234607935825e+22
6.63350049427254e+22
6.27637856682537e+22
5.89721622850041e+22
5.50234582452112e+22
5.09802501294444e+22
4.69027816991261e+22
4.2847556447932e+22
3.88661507747024e+22
3.50042771974916e+22
3.1301113743791e+22
2.77889025731475e+22
2.44928087316319e+22
2.14310193051519e+22
1.86150545875266e+22
1.60502565032799e+22
1.37364155500715e+22
1.1668495917393e+22
9.83741902122492e+21
8.23086817922663e+21
6.83408116628582e+21
5.63060251712157e+21
4.60297324875868e+21
3.7333417456676e+21
3.00398551102531e+21
2.39773902679749e+21
1.8983278439063e+21
1.49061308001217e+21
1.16075365094086e+21
8.96295786498324e+20
6.86200725136067e+20
5.20822033243575e+20
3.91843874066311e+20
2.92190896600412e+20
2.1591936987591e+20
1.58097891183949e+20
1.14684573079352e+20
8.24061695841262e+19
5.86432212101889e+19
4.13240427594495e+19
2.88292871504115e+19
1.99079131531605e+19
1.36046690626438e+19
9.19866957800469e+18
6.15227211944355e+18
4.06922861033379e+18
2.66097391288187e+18
1.71988697049139e+18
1.09840119978627e+18
6.92925473655053e+17
4.31648248096e+17
2.65420759383967e+17
1.61040042218624e+17
9.63712865681994e+16
5.68569878990191e+16
3.30548855464466e+16
1.89269392322704e+16
1.06678705630072e+16
5.91517861926682e+15
3.22455031411064e+15
1.72693382715649e+15
907934025601918
468210422610882
236612415097071
117059270377725
56632184884080
26759388249360
12332513739195
5535140797305
2415278671470
1022667784530
419265256815
166019504445
63316929600
23182462656
8117837847
2706735213
854893494
254176650
70606731
18156177
4272048
906192
169911
27405
3654
378
27
1
