1
32
528
5984
52360
376992
2324752
12619232
61506852
273247392
1119423888
4268497632
15264285672
51511694112
164902836912
502991684448
1467383398602
4107630508512
11064573869072
28750906025632
72225786068568
175751769600352
414978095677712
952229784217632
2.12644972672785e+15
4.62713789774934e+15
9.82222702759742e+15
2.0361008335133e+16
4.12565254100744e+16
8.17838506301796e+16
1.58734227159616e+17
3.01870555413131e+17
5.6287559127007e+17
1.0297166632632e+18
1.84922138392437e+18
3.26182014401196e+18
5.65390803559715e+18
9.63513612242816e+18
1.61501473550691e+19
2.66367548994502e+19
4.32451658858835e+19
6.91353189158098e+19
1.08871336792916e+20
1.68932963258452e+20
2.58362983971862e+20
3.89566250212535e+20
5.79269204229226e+20
8.4963797191273e+20
1.22953754610729e+21
1.75589407968648e+21
2.47509711056016e+21
3.44434961618484e+21
4.73284294423685e+21
6.42260359756003e+21
8.60883314776466e+21
1.13995454995747e+22
1.49143019930117e+22
1.92818589765717e+22
2.46365783601012e+22
3.11135117004381e+22
3.88421529214545e+22
4.79389614589365e+22
5.84988810014007e+22
7.05862104693286e+22
8.42253120143679e+22
9.9391752153098e+22
1.16004552347921e+23
1.33920260763e+23
1.52929536320436e+23
1.72756852458514e+23
1.93063779657081e+23
2.13456097957156e+23
2.33494735392964e+23
2.52710243920518e+23
2.70620234579451e+23
2.8674892472673e+23
3.00647728964749e+23
3.11915675902783e+23
3.20218373646597e+23
3.25304288470441e+23
3.2701724451161e+23
3.25304288470441e+23
3.20218373646597e+23
3.11915675902783e+23
3.00647728964749e+23
2.8674892472673e+23
2.70620234579451e+23
2.52710243920518e+23
2.33494735392964e+23
2.13456097957156e+23
1.93063779657081e+23
1.72756852458514e+23
1.52929536320436e+23
1.33920260763e+23
1.16004552347921e+23
9.9391752153098e+22
8.42253120143679e+22
7.05862104693286e+22
5.84988810014007e+22
4.79389614589365e+22
3.88421529214545e+22
3.11135117004381e+22
2.46365783601012e+22
1.92818589765717e+22
1.49143019930117e+22
1.13995454995747e+22
8.60883314776466e+21
6.42260359756003e+21
4.73284294423685e+21
3.44434961618484e+21
2.47509711056016e+21
1.75589407968648e+21
1.22953754610729e+21
8.4963797191273e+20
5.79269204229226e+20
3.89566250212535e+20
2.58362983971862e+20
1.68932963258452e+20
1.08871336792916e+20
6.91353189158098e+19
4.32451658858835e+19
2.66367548994502e+19
1.61501473550691e+19
9.63513612242816e+18
5.65390803559715e+18
3.26182014401196e+18
1.84922138392437e+18
1.0297166632632e+18
5.6287559127007e+17
3.01870555413131e+17
1.58734227159616e+17
8.17838506301796e+16
4.12565254100744e+16
2.0361008335133e+16
9.82222702759742e+15
4.62713789774934e+15
2.12644972672785e+15
952229784217632
414978095677712
175751769600352
72225786068568
28750906025632
11064573869072
4107630508512
1467383398602
502991684448
164902836912
51511694112
15264285672
4268497632
1119423888
273247392
61506852
12619232
2324752
376992
52360
5984
528
32
1
