1
54
1485
27666
392094
4501926
43562025
364953654
2699518536
17893130190
107514271215
591095256570
2996124550965
14090267002140
61809207427170
254062910819340
982407438756765
3.58584313993857e+15
1.23920933635194e+16
4.0654057201111e+16
1.26909020237782e+17
3.77767513284926e+17
1.07428735087852e+18
2.92360734277831e+18
7.62585582507e+18
1.90912919555302e+19
4.5931513692933e+19
1.0632072650782e+20
2.3703727637613e+20
5.09480966652165e+20
1.05666687587982e+21
2.11641939956892e+21
4.09680195339722e+21
7.6695132345923e+21
1.38946095995478e+22
2.43744481310108e+22
4.14254340237707e+22
6.8243041243018e+22
1.09020077653758e+23
1.68963517197805e+23
2.54146454843253e+23
3.71134952547661e+23
5.26350316963353e+23
7.25168502889617e+23
9.70817601167433e+23
1.26320285998888e+24
1.59785113510034e+24
1.96520402681068e+24
2.3504833034145e+24
2.73429276440691e+24
3.09400924053808e+24
3.40586882474823e+24
3.64750273895103e+24
3.80055714129342e+24
3.85297612078798e+24
3.80055714129342e+24
3.64750273895103e+24
3.40586882474823e+24
3.09400924053808e+24
2.73429276440691e+24
2.3504833034145e+24
1.96520402681068e+24
1.59785113510034e+24
1.26320285998888e+24
9.70817601167433e+23
7.25168502889617e+23
5.26350316963353e+23
3.71134952547661e+23
2.54146454843253e+23
1.68963517197805e+23
1.09020077653758e+23
6.8243041243018e+22
4.14254340237707e+22
2.43744481310108e+22
1.38946095995478e+22
7.6695132345923e+21
4.09680195339722e+21
2.11641939956892e+21
1.05666687587982e+21
5.09480966652165e+20
2.3703727637613e+20
1.0632072650782e+20
4.5931513692933e+19
1.90912919555302e+19
7.62585582507e+18
2.92360734277831e+18
1.07428735087852e+18
3.77767513284926e+17
1.26909020237782e+17
4.0654057201111e+16
1.23920933635194e+16
3.58584313993857e+15
982407438756765
254062910819340
61809207427170
14090267002140
2996124550965
591095256570
107514271215
17893130190
2699518536
364953654
43562025
4501926
392094
27666
1485
54
1
