1
32
528
5984
52360
376992
2324784
12620256
61523716
273437856
1121082512
4280369888
15337002744
51903462688
166796941872
511334912352
1501263849658
4235671456224
11518383566448
30268968387232
77044343893272
190330704076128
457187003942224
1.06956060246941e+15
2.44051661702421e+15
5.43875471824189e+15
1.18517087554774e+16
2.52814129379482e+16
5.28437870249826e+16
1.08331605248114e+17
2.17996109804663e+17
4.30932353622906e+17
8.37422503255932e+17
1.60081185429911e+18
3.01203499131213e+18
5.581471548497e+18
1.01914069071216e+19
1.83454534472931e+19
3.25708902650199e+19
5.70588149817523e+19
9.86690791806077e+19
1.6848726288098e+20
2.84206035390748e+20
4.73721582675507e+20
7.80497893267322e+20
1.2714704462644e+21
2.04855152346149e+21
3.2651796078351e+21
5.1498447643247e+21
8.03914143256729e+21
1.2423670671431e+22
1.90110548311485e+22
2.88114539245562e+22
4.3252292194133e+22
6.43304116010319e+22
9.48115460150428e+22
1.38488813980643e+23
2.00513790039935e+23
2.87815532861012e+23
4.09624583287027e+23
5.78120216071645e+23
8.09219912101738e+23
1.12352984914919e+24
1.54747388957422e+24
2.1146157498432e+24
2.86718443870382e+24
3.85780633309786e+24
5.15143815210409e+24
6.82748339633268e+24
8.98206046679969e+24
1.1730373744063e+25
1.52091196727996e+25
1.95788388687487e+25
2.50261032127719e+25
3.17654048622482e+25
4.00405934037347e+25
5.01256895469659e+25
6.23248905663464e+25
7.69715759960255e+25
9.44261237554505e+25
1.15072358686795e+26
1.3931247892634e+26
1.67560341693607e+26
2.00233039473886e+26
2.37740759978565e+26
2.80474997636335e+26
3.28795268714088e+26
3.83014573551349e+26
4.43383943957671e+26
5.10076506895612e+26
5.83171581846088e+26
6.6263940304102e+26
7.48327113299458e+26
8.39946708067941e+26
9.37065611686684e+26
1.03910053920935e+27
1.14531523407535e+27
1.2548225741064e+27
1.36659140718554e+27
1.47945831716896e+27
1.59214433572479e+27
1.70327641441709e+27
1.8114132625601e+27
1.91507495038464e+27
2.01277548469112e+27
2.10305739615923e+27
2.18452724386804e+27
2.25589085199663e+27
2.31598705278319e+27
2.36381872279699e+27
2.39857996775838e+27
2.4196784328394e+27
2.42675188588862e+27
2.4196784328394e+27
2.39857996775838e+27
2.36381872279699e+27
2.31598705278319e+27
2.25589085199663e+27
2.18452724386804e+27
2.10305739615923e+27
2.01277548469112e+27
1.91507495038464e+27
1.8114132625601e+27
1.70327641441709e+27
1.59214433572479e+27
1.47945831716896e+27
1.36659140718554e+27
1.2548225741064e+27
1.14531523407535e+27
1.03910053920935e+27
9.37065611686684e+26
8.39946708067941e+26
7.48327113299458e+26
6.6263940304102e+26
5.83171581846088e+26
5.10076506895612e+26
4.43383943957671e+26
3.83014573551349e+26
3.28795268714088e+26
2.80474997636335e+26
2.37740759978565e+26
2.00233039473886e+26
1.67560341693607e+26
1.3931247892634e+26
1.15072358686795e+26
9.44261237554505e+25
7.69715759960255e+25
6.23248905663464e+25
5.01256895469659e+25
4.00405934037347e+25
3.17654048622482e+25
2.50261032127719e+25
1.95788388687487e+25
1.52091196727996e+25
1.1730373744063e+25
8.98206046679969e+24
6.82748339633268e+24
5.15143815210409e+24
3.85780633309786e+24
2.86718443870382e+24
2.1146157498432e+24
1.54747388957422e+24
1.12352984914919e+24
8.09219912101738e+23
5.78120216071645e+23
4.09624583287027e+23
2.87815532861012e+23
2.00513790039935e+23
1.38488813980643e+23
9.48115460150428e+22
6.43304116010319e+22
4.3252292194133e+22
2.88114539245562e+22
1.90110548311485e+22
1.2423670671431e+22
8.03914143256729e+21
5.1498447643247e+21
3.2651796078351e+21
2.04855152346149e+21
1.2714704462644e+21
7.80497893267322e+20
4.73721582675507e+20
2.84206035390748e+20
1.6848726288098e+20
9.86690791806077e+19
5.70588149817523e+19
3.25708902650199e+19
1.83454534472931e+19
1.01914069071216e+19
5.581471548497e+18
3.01203499131213e+18
1.60081185429911e+18
8.37422503255932e+17
4.30932353622906e+17
2.17996109804663e+17
1.08331605248114e+17
5.28437870249826e+16
2.52814129379482e+16
1.18517087554774e+16
5.43875471824189e+15
2.44051661702421e+15
1.06956060246941e+15
457187003942224
190330704076128
77044343893272
30268968387232
11518383566448
4235671456224
1501263849658
511334912352
166796941872
51903462688
15337002744
4280369888
1121082512
273437856
61523716
12620256
2324784
376992
52360
5984
528
32
1
