1
54
1485
27720
395010
4582116
45057474
386206866
2944824849
20286511080
127804028121
743574451284
4027563050616
20446450896564
97841661114231
443484386543340
1.91211671959714e+15
7.87103110237891e+15
3.10339137172284e+16
1.1753686517722e+17
4.28699240151579e+17
1.50926134537143e+18
5.13927031752216e+18
1.69577997632449e+19
5.43124196454805e+19
1.69104517198308e+20
5.125599039102e+20
1.51433950847114e+21
4.3661792305311e+21
1.22984283744193e+22
3.38767198598914e+22
9.13394248195199e+22
2.41264091905682e+23
6.24813729344078e+23
1.5876471804949e+24
3.96098708533947e+24
9.70911355957716e+24
2.33961934654366e+25
5.54557521205571e+25
1.29364468481128e+26
2.97144598673942e+26
6.72372254646328e+26
1.49945626913031e+27
3.2970234945767e+27
7.15066822062236e+27
1.53027830538796e+28
3.23256807092491e+28
6.74255759593667e+28
1.38912141418826e+29
2.82765356456272e+29
5.68863510244152e+29
1.13137148003294e+30
2.22500703362098e+30
4.32807728378087e+30
8.32912857331803e+30
1.58614866143796e+31
2.98966426736582e+31
5.57860339608386e+31
1.03071722370504e+32
1.88602458077711e+32
3.41844242644958e+32
6.13844507338931e+32
1.09222133681175e+33
1.92599517505576e+33
3.36635029400992e+33
5.83294237849467e+33
1.00208035918883e+34
1.70711882575537e+34
2.88422345646444e+34
4.83340837664384e+34
8.03509401910577e+34
1.32523483550163e+35
2.16874660496447e+35
3.52197925724839e+35
5.67640058725169e+35
9.08055069119642e+35
1.44194058001518e+36
2.2731087945918e+36
3.55771386474557e+36
5.52889905535056e+36
8.53219526825817e+36
1.30759662648281e+37
1.99027411523151e+37
3.008930667182e+37
4.51860777465592e+37
6.74096757866549e+37
9.99069968316584e+37
1.47114547529335e+38
2.1524369166406e+38
3.1293092851196e+38
4.52102674087596e+38
6.49116495813561e+38
9.26255603767942e+38
1.31367083428264e+39
1.85188451653667e+39
2.59499353294002e+39
3.61473447188359e+39
5.00560174067651e+39
6.89123932938937e+39
9.43235776680922e+39
1.28364585062542e+40
1.73696769305547e+40
2.33710803256606e+40
3.12697760075257e+40
4.16051942657779e+40
5.50509073990233e+40
7.24423259240277e+40
9.48085717816621e+40
1.23408761597082e+41
1.59772836370263e+41
2.05746943259818e+41
2.6354320687793e+41
3.35793519226751e+41
4.2560672797072e+41
5.36628312892261e+41
6.73101313141812e+41
8.39926908985648e+41
1.04272267994475e+42
1.28787616857412e+42
1.58259099113808e+42
1.93492237192265e+42
2.35379865878352e+42
2.84902512818192e+42
3.4312662345725e+42
4.11200242840941e+42
4.90345778540935e+42
5.81849498102999e+42
6.87047462844615e+42
8.07307668995007e+42
9.44008257743717e+42
1.09851176749828e+43
1.27213553322894e+43
1.46611848670217e+43
1.68158477394206e+43
1.91950477744448e+43
2.18065430437925e+43
2.46557287112143e+43
2.77452217104762e+43
3.10744594824067e+43
3.46393260609109e+43
3.84318194861852e+43
4.24397747630123e+43
4.66466563119036e+43
5.10314330370352e+43
5.55685477345796e+43
6.02279905898496e+43
6.49754839900686e+43
6.97727828678242e+43
7.45780913720056e+43
7.93465929474304e+43
8.40310870226105e+43
8.85827216054588e+43
9.29518073283449e+43
9.70886950295831e+43
1.00944695966809e+44
1.04473021375095e+44
1.07629716435297e+44
1.10374562904825e+44
1.1267192474945e+44
1.14491512128439e+44
1.15809041013604e+44
1.16606768511832e+44
1.16873887517007e+44
1.16606768511832e+44
1.15809041013604e+44
1.14491512128439e+44
1.1267192474945e+44
1.10374562904825e+44
1.07629716435297e+44
1.04473021375095e+44
1.00944695966809e+44
9.70886950295831e+43
9.29518073283449e+43
8.85827216054588e+43
8.40310870226105e+43
7.93465929474304e+43
7.45780913720056e+43
6.97727828678242e+43
6.49754839900686e+43
6.02279905898496e+43
5.55685477345796e+43
5.10314330370352e+43
4.66466563119036e+43
4.24397747630123e+43
3.84318194861852e+43
3.46393260609109e+43
3.10744594824067e+43
2.77452217104762e+43
2.46557287112143e+43
2.18065430437925e+43
1.91950477744448e+43
1.68158477394206e+43
1.46611848670217e+43
1.27213553322894e+43
1.09851176749828e+43
9.44008257743717e+42
8.07307668995007e+42
6.87047462844615e+42
5.81849498102999e+42
4.90345778540935e+42
4.11200242840941e+42
3.4312662345725e+42
2.84902512818192e+42
2.35379865878352e+42
1.93492237192265e+42
1.58259099113808e+42
1.28787616857412e+42
1.04272267994475e+42
8.39926908985648e+41
6.73101313141812e+41
5.36628312892261e+41
4.2560672797072e+41
3.35793519226751e+41
2.6354320687793e+41
2.05746943259818e+41
1.59772836370263e+41
1.23408761597082e+41
9.48085717816621e+40
7.24423259240277e+40
5.50509073990233e+40
4.16051942657779e+40
3.12697760075257e+40
2.33710803256606e+40
1.73696769305547e+40
1.28364585062542e+40
9.43235776680922e+39
6.89123932938937e+39
5.00560174067651e+39
3.61473447188359e+39
2.59499353294002e+39
1.85188451653667e+39
1.31367083428264e+39
9.26255603767942e+38
6.49116495813561e+38
4.52102674087596e+38
3.1293092851196e+38
2.1524369166406e+38
1.47114547529335e+38
9.99069968316584e+37
6.74096757866549e+37
4.51860777465592e+37
3.008930667182e+37
1.99027411523151e+37
1.30759662648281e+37
8.53219526825817e+36
5.52889905535056e+36
3.55771386474557e+36
2.2731087945918e+36
1.44194058001518e+36
9.08055069119642e+35
5.67640058725169e+35
3.52197925724839e+35
2.16874660496447e+35
1.32523483550163e+35
8.03509401910577e+34
4.83340837664384e+34
2.88422345646444e+34
1.70711882575537e+34
1.00208035918883e+34
5.83294237849467e+33
3.36635029400992e+33
1.92599517505576e+33
1.09222133681175e+33
6.13844507338931e+32
3.41844242644958e+32
1.88602458077711e+32
1.03071722370504e+32
5.57860339608386e+31
2.98966426736582e+31
1.58614866143796e+31
8.32912857331803e+30
4.32807728378087e+30
2.22500703362098e+30
1.13137148003294e+30
5.68863510244152e+29
2.82765356456272e+29
1.38912141418826e+29
6.74255759593667e+28
3.23256807092491e+28
1.53027830538796e+28
7.15066822062236e+27
3.2970234945767e+27
1.49945626913031e+27
6.72372254646328e+26
2.97144598673942e+26
1.29364468481128e+26
5.54557521205571e+25
2.33961934654366e+25
9.70911355957716e+24
3.96098708533947e+24
1.5876471804949e+24
6.24813729344078e+23
2.41264091905682e+23
9.13394248195199e+22
3.38767198598914e+22
1.22984283744193e+22
4.3661792305311e+21
1.51433950847114e+21
5.125599039102e+20
1.69104517198308e+20
5.43124196454805e+19
1.69577997632449e+19
5.13927031752216e+18
1.50926134537143e+18
4.28699240151579e+17
1.1753686517722e+17
3.10339137172284e+16
7.87103110237891e+15
1.91211671959714e+15
443484386543340
97841661114231
20446450896564
4027563050616
743574451284
127804028121
20286511080
2944824849
386206866
45057474
4582116
395010
27720
1485
54
1
