1
54
1431
24804
316251
3162510
25827165
177100560
1040465790
5317936260
23930713170
95722852680
343006888770
1108176102180
3245372870670
8654327655120
21094923659355
47153358767970
96926348578605
183649923622620
321387366339585
520341450264090
780512175396135
1.08592998315984e+15
1.40265956158146e+15
1.68319147389775e+15
1.87740587473211e+15
1.94693942564811e+15
1.87740587473211e+15
1.68319147389775e+15
1.40265956158146e+15
1.08592998315984e+15
780512175396135
520341450264090
321387366339585
183649923622620
96926348578605
47153358767970
21094923659355
8654327655120
3245372870670
1108176102180
343006888770
95722852680
23930713170
5317936260
1040465790
177100560
25827165
3162510
316251
24804
1431
54
1
