1
32
528
5984
52360
376992
2324784
12620256
61523748
273438880
1121099408
4280561344
15338677240
51915509536
166871143472
511737085024
1503220545354
4244347091424
11553854637424
30403974623264
77526405583000
191955938752864
462388755604544
1.08543914547126e+15
2.48692824815736e+15
5.56910070046986e+15
1.22045133499627e+16
2.62041767409456e+16
5.51814839459269e+16
1.14079865050876e+17
2.31741216955147e+17
4.62947363900876e+17
9.10168888490716e+17
1.7622913757498e+18
3.36263593511903e+18
6.3268752765333e+18
1.17448799544481e+19
2.1522055412352e+19
3.89498313930623e+19
6.96483902692559e+19
1.23107522650449e+20
2.15178492675672e+20
3.72062590819735e+20
6.36631848011877e+20
1.07834877936163e+21
1.80868814731014e+21
3.00489308168835e+21
4.94624335659357e+21
8.06894424214717e+21
1.30484904897153e+22
2.09222327193101e+22
3.32702888937676e+22
5.24804533327442e+22
8.2133084457602e+22
1.27556043298304e+23
1.96618824027455e+23
3.00860619504788e+23
4.57081166209387e+23
6.89568280573396e+23
1.03319509556514e+24
1.53769689853179e+24
2.27353674272797e+24
3.33989617662727e+24
4.87548908437403e+24
7.07310050399821e+24
1.01990074004787e+25
1.46187550701155e+25
2.08311528636594e+25
2.95128293091144e+25
4.15762638135641e+25
5.82449053097089e+25
8.11498136219933e+25
1.12453233396524e+26
1.5500564929292e+26
2.12544189783004e+26
2.89941758220415e+26
3.93517983350928e+26
5.31425001804796e+26
7.14123210492168e+26
9.5496444689691e+26
1.27090254915269e+27
1.68335388178973e+27
2.21923313831569e+27
2.91219248203419e+27
3.80409477575649e+27
4.94675417180505e+27
6.40397955535761e+27
8.25395810219935e+27
1.05920173477617e+28
1.35338044662373e+28
1.72189207038995e+28
2.18150468594326e+28
2.75225921037156e+28
3.4579893024336e+28
4.32689823116376e+28
5.39219367326916e+28
6.69278017526919e+28
8.27400751855013e+28
1.01884714467352e+29
1.24968611502618e+29
1.52688455569032e+29
1.85839878637538e+29
2.25326748925271e+29
2.72170447959517e+29
3.27518934431528e+29
3.92655365360092e+29
4.69006012419442e+29
5.58147179720089e+29
6.61810800012894e+29
7.818883604905e+29
9.20432788461368e+29
1.07965791261438e+30
1.26193510884841e+30
1.46978674216349e+30
1.70587602927627e+30
1.97299297167419e+30
2.27403604680494e+30
2.61198939678947e+30
2.98989531989806e+30
3.41082195010035e+30
3.87782610390578e+30
4.39391138057458e+30
4.96198172020271e+30
5.58479075222769e+30
6.26488740208619e+30
7.00455836308428e+30
7.80576818054255e+30
8.67009783207059e+30
9.59868281720239e+30
1.05921518871667e+31
1.16505676467682e+31
1.27733703407669e+31
1.39593261925261e+31
1.52064816891879e+31
1.65121252019104e+31
1.78727572891136e+31
1.92840709534613e+31
2.07409430086154e+31
2.22374375598941e+31
2.37668224152394e+31
2.53215990219331e+31
2.6893546274034e+31
2.84737782604531e+31
3.00528157298465e+31
3.16206707429576e+31
3.31669436732565e+31
3.468093141085e+31
3.61517453310862e+31
3.75684373165472e+31
3.89201318774349e+31
4.01961622084696e+31
4.13862078572847e+31
4.24804315658545e+31
4.34696127874128e+31
4.43452753798318e+31
4.50998070341701e+31
4.57265681140144e+31
4.62199877555382e+31
4.65756453064047e+31
4.67903354586111e+31
4.68621157495098e+31
4.67903354586111e+31
4.65756453064047e+31
4.62199877555382e+31
4.57265681140144e+31
4.50998070341701e+31
4.43452753798318e+31
4.34696127874128e+31
4.24804315658545e+31
4.13862078572847e+31
4.01961622084696e+31
3.89201318774349e+31
3.75684373165472e+31
3.61517453310862e+31
3.468093141085e+31
3.31669436732565e+31
3.16206707429576e+31
3.00528157298465e+31
2.84737782604531e+31
2.6893546274034e+31
2.53215990219331e+31
2.37668224152394e+31
2.22374375598941e+31
2.07409430086154e+31
1.92840709534613e+31
1.78727572891136e+31
1.65121252019104e+31
1.52064816891879e+31
1.39593261925261e+31
1.27733703407669e+31
1.16505676467682e+31
1.05921518871667e+31
9.59868281720239e+30
8.67009783207059e+30
7.80576818054255e+30
7.00455836308428e+30
6.26488740208619e+30
5.58479075222769e+30
4.96198172020271e+30
4.39391138057458e+30
3.87782610390578e+30
3.41082195010035e+30
2.98989531989806e+30
2.61198939678947e+30
2.27403604680494e+30
1.97299297167419e+30
1.70587602927627e+30
1.46978674216349e+30
1.26193510884841e+30
1.07965791261438e+30
9.20432788461368e+29
7.818883604905e+29
6.61810800012894e+29
5.58147179720089e+29
4.69006012419442e+29
3.92655365360092e+29
3.27518934431528e+29
2.72170447959517e+29
2.25326748925271e+29
1.85839878637538e+29
1.52688455569032e+29
1.24968611502618e+29
1.01884714467352e+29
8.27400751855013e+28
6.69278017526919e+28
5.39219367326916e+28
4.32689823116376e+28
3.4579893024336e+28
2.75225921037156e+28
2.18150468594326e+28
1.72189207038995e+28
1.35338044662373e+28
1.05920173477617e+28
8.25395810219935e+27
6.40397955535761e+27
4.94675417180505e+27
3.80409477575649e+27
2.91219248203419e+27
2.21923313831569e+27
1.68335388178973e+27
1.27090254915269e+27
9.5496444689691e+26
7.14123210492168e+26
5.31425001804796e+26
3.93517983350928e+26
2.89941758220415e+26
2.12544189783004e+26
1.5500564929292e+26
1.12453233396524e+26
8.11498136219933e+25
5.82449053097089e+25
4.15762638135641e+25
2.95128293091144e+25
2.08311528636594e+25
1.46187550701155e+25
1.01990074004787e+25
7.07310050399821e+24
4.87548908437403e+24
3.33989617662727e+24
2.27353674272797e+24
1.53769689853179e+24
1.03319509556514e+24
6.89568280573396e+23
4.57081166209387e+23
3.00860619504788e+23
1.96618824027455e+23
1.27556043298304e+23
8.2133084457602e+22
5.24804533327442e+22
3.32702888937676e+22
2.09222327193101e+22
1.30484904897153e+22
8.06894424214717e+21
4.94624335659357e+21
3.00489308168835e+21
1.80868814731014e+21
1.07834877936163e+21
6.36631848011877e+20
3.72062590819735e+20
2.15178492675672e+20
1.23107522650449e+20
6.96483902692559e+19
3.89498313930623e+19
2.1522055412352e+19
1.17448799544481e+19
6.3268752765333e+18
3.36263593511903e+18
1.7622913757498e+18
9.10168888490716e+17
4.62947363900876e+17
2.31741216955147e+17
1.14079865050876e+17
5.51814839459269e+16
2.62041767409456e+16
1.22045133499627e+16
5.56910070046986e+15
2.48692824815736e+15
1.08543914547126e+15
462388755604544
191955938752864
77526405583000
30403974623264
11553854637424
4244347091424
1503220545354
511737085024
166871143472
51915509536
15338677240
4280561344
1121099408
273438880
61523748
12620256
2324784
376992
52360
5984
528
32
1
