1
64
2080
45760
766480
10424128
119877472
1198774720
10639125640
85113005120
621324937312
4179822301888
26123889279280
152724273636160
839983472051680
4.36791364260909e+15
2.15665692322486e+16
1.01489696946215e+17
4.56703300601045e+17
1.97103278873699e+18
8.17976891447668e+18
3.27189672084632e+19
1.26413553114387e+20
4.72673241025706e+20
1.71342217180621e+21
6.03115572974523e+21
2.06446866464492e+22
6.88137276806666e+22
2.23636495793867e+23
7.09434084210886e+23
2.19911320800496e+24
6.66777214397679e+24
1.97930746602741e+25
5.75731382153038e+25
1.64229421386145e+26
4.59763426974493e+26
1.26408962776891e+27
3.41562525782375e+27
9.07576484845447e+27
2.37286436696564e+28
6.10774224840446e+28
1.54858340997964e+29
3.86945846457411e+29
9.5330419214428e+29
2.31671108509384e+30
5.55590339251569e+30
1.31538846013702e+31
3.07563892025373e+31
7.10486794386842e+31
1.62205590689299e+32
3.66106551521019e+32
8.17178906384114e+32
1.80436595827741e+33
3.94233882338638e+33
8.52557395673894e+33
1.82535355395258e+34
3.87019197580675e+34
8.12800594913987e+34
1.69122353622753e+35
3.48721649841053e+35
7.1270404018909e+35
1.44404187956864e+36
2.90118204336233e+36
5.78063924343592e+36
1.14251100122241e+37
2.2402863275069e+37
4.35890535357769e+37
8.41688907946524e+37
1.61321762281868e+38
3.0694885104095e+38
5.79873113401494e+38
1.08781200327137e+39
2.02668637206319e+39
3.75048116886876e+39
6.89460168513327e+39
1.25923072332198e+40
2.28520848923892e+40
4.12116042573038e+40
7.38641297137063e+40
1.31587216210647e+41
2.33025841387018e+41
4.10249036114201e+41
7.18101188279016e+41
1.2498518144278e+42
2.16324243089336e+42
3.72360372036924e+42
6.37485028348316e+42
1.0855763813469e+43
1.83894691529445e+43
3.09905979724811e+43
5.19607318341064e+43
8.66835638306869e+43
1.43894839169275e+44
2.37700746632048e+44
3.90770546533699e+44
6.39362753300201e+44
1.04120104317066e+45
1.68775882636458e+45
2.72333318956182e+45
4.37452745629106e+45
6.99561994079282e+45
1.11380723704787e+46
1.76565597815893e+46
2.78700166746993e+46
4.38052069893332e+46
6.85635569246535e+46
1.06871332425651e+47
1.65901401592211e+47
2.56495644086614e+47
3.94976006363804e+47
6.05816944814189e+47
9.25573355691876e+47
1.40863118267465e+48
2.13559379232653e+48
3.2254651594969e+48
4.85328133160629e+48
7.27553019098051e+48
1.08666625091273e+49
1.61713388885146e+49
2.39789191576723e+49
3.54292751672868e+49
5.21625539000262e+49
7.65303837495849e+49
1.11892669249006e+50
1.63033180657387e+50
2.36739441345464e+50
3.42609041968963e+50
4.94166908422681e+50
7.10408114848569e+50
1.01792104171099e+51
1.45379926167914e+51
2.06962168525131e+51
2.93687463535025e+51
4.15431362969342e+51
5.85792569403128e+51
8.23436646505496e+51
1.15390247575051e+52
1.61202291705563e+52
2.24515800750807e+52
3.11749953834831e+52
4.31578367502537e+52
5.95684803543811e+52
8.19759704776551e+52
1.12481015707957e+53
1.53887644363344e+53
2.0992743530679e+53
2.8555151446867e+53
3.87309616727437e+53
5.23840652281573e+53
7.06505621942643e+53
9.50201680541589e+53
1.27440599180248e+54
1.70451015719616e+54
2.27352091722104e+54
3.02422108593696e+54
4.01190695885394e+54
5.307845515761e+54
7.00362753912307e+54
9.21663234683376e+54
1.20968674201243e+55
1.58355031986991e+55
2.0675491319428e+55
2.69247354115779e+55
3.49723792820929e+55
4.53088902271599e+55
5.85507478485679e+55
7.54707039600676e+55
9.703476003616e+55
1.24447218548046e+56
1.59205407071262e+56
2.0316595309659e+56
2.58624807095058e+56
3.28413575803296e+56
4.1601514122782e+56
5.25702007852699e+56
6.627013452255e+56
8.33391279531727e+56
1.0455336396279e+57
1.30854908342942e+57
1.63384132193831e+57
2.03517802196453e+57
2.52913690491148e+57
3.13562656648829e+57
3.87849261763529e+57
4.78622088484441e+57
5.89275060036941e+57
7.23841174851982e+57
8.87100199890336e+57
1.08470199329356e+58
1.32330725338154e+58
1.61074761355848e+58
1.95620711821054e+58
2.37042721949233e+58
2.86593752478623e+58
3.45731459481559e+58
4.16147113759751e+58
4.99797795780305e+58
5.98942099832865e+58
7.1617957442042e+58
8.54494114122777e+58
1.01730150055012e+59
1.2085012657758e+59
1.43253302004177e+59
1.69443734582104e+59
1.99992131178801e+59
2.35542860223441e+59
2.76821418940323e+59
3.24642339763009e+59
3.79917511875281e+59
4.43664883781597e+59
5.17017501669521e+59
6.01232826116473e+59
6.97702256466006e+59
8.07960778036621e+59
9.33696632342576e+59
1.07676089484909e+60
1.23917682863746e+60
1.42314886594021e+60
1.63107105308086e+60
1.86553477821478e+60
2.1293355857488e+60
2.42547886678614e+60
2.7571842017978e+60
3.12788812038637e+60
3.54124503392966e+60
4.00112609052842e+60
4.51161569849978e+60
5.07700546511768e+60
5.70178530184937e+60
6.39063145639537e+60
7.14839124579141e+60
7.98006428400803e+60
8.89078002215503e+60
9.8857714497562e+60
1.09703448417062e+61
1.21498454774569e+61
1.3429619306594e+61
1.48149705880149e+61
1.6311115588053e+61
1.79231324855945e+61
1.96559076988744e+61
2.15140789184331e+61
2.35019752027504e+61
2.56235545663053e+61
2.78823395630713e+61
3.02813514404874e+61
3.28230435083716e+61
3.55092344326606e+61
3.8341042223779e+61
4.13188197423998e+61
4.4442092589867e+61
4.77095002852002e+61
5.11187416540415e+61
5.46665253658994e+61
5.83485265535179e+61
6.21593504312386e+61
6.60925037971407e+61
7.0140375256078e+61
7.42942249373062e+61
7.85441844012887e+61
8.28792673358957e+61
8.7287391533272e+61
9.17554125161654e+61
9.62691690478186e+61
1.00813540614259e+62
1.05372516813897e+62
1.09929278428939e+62
1.14466289788603e+62
1.18965401868155e+62
1.23407965402973e+62
1.27774953136141e+62
1.32047090164222e+62
1.36204991201781e+62
1.40229303453651e+62
1.44100853667469e+62
1.47800797840152e+62
1.51310771972864e+62
1.54613042211537e+62
1.57690652675752e+62
1.60527569268802e+62
1.63108817776927e+62
1.65420614606136e+62
1.67450488570741e+62
1.69187392237908e+62
1.70621801446186e+62
1.71745801751554e+62
1.72553160709984e+62
1.73039385078626e+62
1.73201762205643e+62
1.73039385078626e+62
1.72553160709984e+62
1.71745801751554e+62
1.70621801446186e+62
1.69187392237908e+62
1.67450488570741e+62
1.65420614606136e+62
1.63108817776927e+62
1.60527569268802e+62
1.57690652675752e+62
1.54613042211537e+62
1.51310771972864e+62
1.47800797840152e+62
1.44100853667469e+62
1.40229303453651e+62
1.36204991201781e+62
1.32047090164222e+62
1.27774953136141e+62
1.23407965402973e+62
1.18965401868155e+62
1.14466289788603e+62
1.09929278428939e+62
1.05372516813897e+62
1.00813540614259e+62
9.62691690478186e+61
9.17554125161654e+61
8.7287391533272e+61
8.28792673358957e+61
7.85441844012887e+61
7.42942249373062e+61
7.0140375256078e+61
6.60925037971407e+61
6.21593504312386e+61
5.83485265535179e+61
5.46665253658994e+61
5.11187416540415e+61
4.77095002852002e+61
4.4442092589867e+61
4.13188197423998e+61
3.8341042223779e+61
3.55092344326606e+61
3.28230435083716e+61
3.02813514404874e+61
2.78823395630713e+61
2.56235545663053e+61
2.35019752027504e+61
2.15140789184331e+61
1.96559076988744e+61
1.79231324855945e+61
1.6311115588053e+61
1.48149705880149e+61
1.3429619306594e+61
1.21498454774569e+61
1.09703448417062e+61
9.8857714497562e+60
8.89078002215503e+60
7.98006428400803e+60
7.14839124579141e+60
6.39063145639537e+60
5.70178530184937e+60
5.07700546511768e+60
4.51161569849978e+60
4.00112609052842e+60
3.54124503392966e+60
3.12788812038637e+60
2.7571842017978e+60
2.42547886678614e+60
2.1293355857488e+60
1.86553477821478e+60
1.63107105308086e+60
1.42314886594021e+60
1.23917682863746e+60
1.07676089484909e+60
9.33696632342576e+59
8.07960778036621e+59
6.97702256466006e+59
6.01232826116473e+59
5.17017501669521e+59
4.43664883781597e+59
3.79917511875281e+59
3.24642339763009e+59
2.76821418940323e+59
2.35542860223441e+59
1.99992131178801e+59
1.69443734582104e+59
1.43253302004177e+59
1.2085012657758e+59
1.01730150055012e+59
8.54494114122777e+58
7.1617957442042e+58
5.98942099832865e+58
4.99797795780305e+58
4.16147113759751e+58
3.45731459481559e+58
2.86593752478623e+58
2.37042721949233e+58
1.95620711821054e+58
1.61074761355848e+58
1.32330725338154e+58
1.08470199329356e+58
8.87100199890336e+57
7.23841174851982e+57
5.89275060036941e+57
4.78622088484441e+57
3.87849261763529e+57
3.13562656648829e+57
2.52913690491148e+57
2.03517802196453e+57
1.63384132193831e+57
1.30854908342942e+57
1.0455336396279e+57
8.33391279531727e+56
6.627013452255e+56
5.25702007852699e+56
4.1601514122782e+56
3.28413575803296e+56
2.58624807095058e+56
2.0316595309659e+56
1.59205407071262e+56
1.24447218548046e+56
9.703476003616e+55
7.54707039600676e+55
5.85507478485679e+55
4.53088902271599e+55
3.49723792820929e+55
2.69247354115779e+55
2.0675491319428e+55
1.58355031986991e+55
1.20968674201243e+55
9.21663234683376e+54
7.00362753912307e+54
5.307845515761e+54
4.01190695885394e+54
3.02422108593696e+54
2.27352091722104e+54
1.70451015719616e+54
1.27440599180248e+54
9.50201680541589e+53
7.06505621942643e+53
5.23840652281573e+53
3.87309616727437e+53
2.8555151446867e+53
2.0992743530679e+53
1.53887644363344e+53
1.12481015707957e+53
8.19759704776551e+52
5.95684803543811e+52
4.31578367502537e+52
3.11749953834831e+52
2.24515800750807e+52
1.61202291705563e+52
1.15390247575051e+52
8.23436646505496e+51
5.85792569403128e+51
4.15431362969342e+51
2.93687463535025e+51
2.06962168525131e+51
1.45379926167914e+51
1.01792104171099e+51
7.10408114848569e+50
4.94166908422681e+50
3.42609041968963e+50
2.36739441345464e+50
1.63033180657387e+50
1.11892669249006e+50
7.65303837495849e+49
5.21625539000262e+49
3.54292751672868e+49
2.39789191576723e+49
1.61713388885146e+49
1.08666625091273e+49
7.27553019098051e+48
4.85328133160629e+48
3.2254651594969e+48
2.13559379232653e+48
1.40863118267465e+48
9.25573355691876e+47
6.05816944814189e+47
3.94976006363804e+47
2.56495644086614e+47
1.65901401592211e+47
1.06871332425651e+47
6.85635569246535e+46
4.38052069893332e+46
2.78700166746993e+46
1.76565597815893e+46
1.11380723704787e+46
6.99561994079282e+45
4.37452745629106e+45
2.72333318956182e+45
1.68775882636458e+45
1.04120104317066e+45
6.39362753300201e+44
3.90770546533699e+44
2.37700746632048e+44
1.43894839169275e+44
8.66835638306869e+43
5.19607318341064e+43
3.09905979724811e+43
1.83894691529445e+43
1.0855763813469e+43
6.37485028348316e+42
3.72360372036924e+42
2.16324243089336e+42
1.2498518144278e+42
7.18101188279016e+41
4.10249036114201e+41
2.33025841387018e+41
1.31587216210647e+41
7.38641297137063e+40
4.12116042573038e+40
2.28520848923892e+40
1.25923072332198e+40
6.89460168513327e+39
3.75048116886876e+39
2.02668637206319e+39
1.08781200327137e+39
5.79873113401494e+38
3.0694885104095e+38
1.61321762281868e+38
8.41688907946524e+37
4.35890535357769e+37
2.2402863275069e+37
1.14251100122241e+37
5.78063924343592e+36
2.90118204336233e+36
1.44404187956864e+36
7.1270404018909e+35
3.48721649841053e+35
1.69122353622753e+35
8.12800594913987e+34
3.87019197580675e+34
1.82535355395258e+34
8.52557395673894e+33
3.94233882338638e+33
1.80436595827741e+33
8.17178906384114e+32
3.66106551521019e+32
1.62205590689299e+32
7.10486794386842e+31
3.07563892025373e+31
1.31538846013702e+31
5.55590339251569e+30
2.31671108509384e+30
9.5330419214428e+29
3.86945846457411e+29
1.54858340997964e+29
6.10774224840446e+28
2.37286436696564e+28
9.07576484845447e+27
3.41562525782375e+27
1.26408962776891e+27
4.59763426974493e+26
1.64229421386145e+26
5.75731382153038e+25
1.97930746602741e+25
6.66777214397679e+24
2.19911320800496e+24
7.09434084210886e+23
2.23636495793867e+23
6.88137276806666e+22
2.06446866464492e+22
6.03115572974523e+21
1.71342217180621e+21
4.72673241025706e+20
1.26413553114387e+20
3.27189672084632e+19
8.17976891447668e+18
1.97103278873699e+18
4.56703300601045e+17
1.01489696946215e+17
2.15665692322486e+16
4.36791364260909e+15
839983472051680
152724273636160
26123889279280
4179822301888
621324937312
85113005120
10639125640
1198774720
119877472
10424128
766480
45760
2080
64
1
