1
9
45
165
495
1287
3003
6435
12870
24310
43758
75573
125889
203085
318285
485859
723888
1054548
1504360
2104245
2889315
3898323
5172723
6755319
8688510
11012166
13761198
16962913
20634273
24779205
29386137
34425963
39850668
45592788
51565824
57665673
63773083
69757083
75479283
80798883
85578174
89688258
93014658
95462433
96960483
97464799
96960483
95462433
93014658
89688258
85578174
80798883
75479283
69757083
63773083
57665673
51565824
45592788
39850668
34425963
29386137
24779205
20634273
16962913
13761198
11012166
8688510
6755319
5172723
3898323
2889315
2104245
1504360
1054548
723888
485859
318285
203085
125889
75573
43758
24310
12870
6435
3003
1287
495
165
45
9
1
