1
54
1485
27720
394956
4579200
44977284
384710040
2923498656
20039234280
125374546440
722780275464
3869355020076
19359963740160
91025458347780
404041209482520
1.69991467823709e+15
6.80260929943266e+15
2.59712640150417e+16
9.48521312532889e+16
3.3218083518183e+17
1.11789762361385e+18
3.62210862929448e+18
1.13188803472891e+19
3.41670915756183e+19
9.97685113955739e+19
2.82178726580645e+20
7.73957386204667e+20
2.06084968101188e+21
5.33272230358119e+21
1.34223426402703e+22
3.28895207291933e+22
7.8520430284026e+22
1.8277853911855e+23
4.15130271723525e+23
9.20532908722432e+23
1.99411658109889e+24
4.22242366424672e+24
8.74382304050166e+24
1.77167163596924e+25
3.51405329065336e+25
6.82598767446939e+25
1.2990692256113e+26
2.42312554121515e+26
4.43153183419982e+26
7.94903967987421e+26
1.39893768241796e+27
2.41622398055551e+27
4.09690559225688e+27
6.82138505159001e+27
1.11557403711449e+28
1.79241552361897e+28
2.83004215012432e+28
4.39192568496892e+28
6.70060017062289e+28
1.00520099852176e+29
1.48303624801791e+29
2.15221161874289e+29
3.07271994625053e+29
4.31650432306413e+29
5.96726159442015e+29
8.11914781432257e+29
1.08741043081857e+30
1.43375840545798e+30
1.8612569858311e+30
2.37919386875624e+30
2.99494328728167e+30
3.71297315702367e+30
4.53383488667467e+30
5.45322850150095e+30
6.46124882659602e+30
7.5419212631045e+30
8.6731256191314e+30
9.82698243338816e+30
1.09707390675252e+31
1.20681454605321e+31
1.30812567131083e+31
1.39725479279402e+31
1.47071829172196e+31
1.52552490263315e+31
1.55937604466652e+31
1.57082446320588e+31
1.55937604466652e+31
1.52552490263315e+31
1.47071829172196e+31
1.39725479279402e+31
1.30812567131083e+31
1.20681454605321e+31
1.09707390675252e+31
9.82698243338816e+30
8.6731256191314e+30
7.5419212631045e+30
6.46124882659602e+30
5.45322850150095e+30
4.53383488667467e+30
3.71297315702367e+30
2.99494328728167e+30
2.37919386875624e+30
1.8612569858311e+30
1.43375840545798e+30
1.08741043081857e+30
8.11914781432257e+29
5.96726159442015e+29
4.31650432306413e+29
3.07271994625053e+29
2.15221161874289e+29
1.48303624801791e+29
1.00520099852176e+29
6.70060017062289e+28
4.39192568496892e+28
2.83004215012432e+28
1.79241552361897e+28
1.11557403711449e+28
6.82138505159001e+27
4.09690559225688e+27
2.41622398055551e+27
1.39893768241796e+27
7.94903967987421e+26
4.43153183419982e+26
2.42312554121515e+26
1.2990692256113e+26
6.82598767446939e+25
3.51405329065336e+25
1.77167163596924e+25
8.74382304050166e+24
4.22242366424672e+24
1.99411658109889e+24
9.20532908722432e+23
4.15130271723525e+23
1.8277853911855e+23
7.8520430284026e+22
3.28895207291933e+22
1.34223426402703e+22
5.33272230358119e+21
2.06084968101188e+21
7.73957386204667e+20
2.82178726580645e+20
9.97685113955739e+19
3.41670915756183e+19
1.13188803472891e+19
3.62210862929448e+18
1.11789762361385e+18
3.3218083518183e+17
9.48521312532889e+16
2.59712640150417e+16
6.80260929943266e+15
1.69991467823709e+15
404041209482520
91025458347780
19359963740160
3869355020076
722780275464
125374546440
20039234280
2923498656
384710040
44977284
4579200
394956
27720
1485
54
1
