1
256
32640
2763520
174792640
8809549056
368532802176
13161885792000
409663695276000
1.1288510714272e+16
2.78826214642518e+17
6.2355680729145e+18
1.27309514822004e+20
2.38950166281301e+21
4.14749217188258e+22
6.69128737063722e+23
1.00787516020223e+25
1.42288257910903e+26
1.8892718689281e+27
2.36656160423626e+28
2.80437550101996e+29
3.15158389638434e+30
3.36646461659236e+31
3.42501182731571e+32
3.325115649019e+33
3.08570732228963e+34
2.74153227480348e+35
2.33537934520297e+36
1.91000667875528e+37
1.50166042329726e+38
1.13625638696159e+39
8.28367559526837e+39
5.82445940292308e+40
3.95357244319627e+41
2.59307839656697e+42
1.64475258296533e+43
1.00969533565372e+44
6.00359388767075e+44
3.45996595105236e+45
1.9340322495626e+46
1.04921249538771e+47
5.52755851228647e+47
2.82958352414665e+48
1.40821133527298e+49
6.81702305484421e+49
3.21157530583772e+50
1.47313562941687e+51
6.58209536547961e+51
2.86595402371925e+52
1.21656823864001e+53
5.03659250796963e+53
2.03438834635636e+54
8.0201848269818e+54
3.0870145371779e+55
1.1604887982354e+56
4.26215885897364e+56
1.52981059045304e+57
5.36775645772996e+57
1.84169575015217e+58
6.18060607678188e+58
2.02929899521005e+59
6.52037054198639e+59
2.05076170272152e+60
6.31504397345993e+60
1.90438044824651e+61
5.62524686251277e+61
1.62791234960597e+62
4.61646785709155e+62
1.28310650733868e+63
3.49600033883583e+63
9.33931519089e+63
2.44663750071203e+64
6.28649913377396e+64
1.584542247417e+65
3.91853015239609e+65
9.50896650314785e+65
2.26463544351284e+66
5.29395298483522e+66
1.21489433882757e+67
2.73735686470009e+67
6.05640206314895e+67
1.31595896680767e+68
2.80844901452857e+68
5.88759190997556e+68
1.21256357193544e+69
2.45365805144584e+69
4.87878519531672e+69
9.53325842763038e+69
1.83081894803356e+70
3.45592790190605e+70
6.41266621798122e+70
1.16978306833504e+71
2.09798050299218e+71
3.69966454291095e+71
6.41537574994133e+71
1.09399039104263e+72
1.8347130516444e+72
3.02633080683613e+72
4.91006732945862e+72
7.83626907125719e+72
1.23029424418738e+73
1.90025645636863e+73
2.88764461506997e+73
4.31744923029879e+73
6.35163204072803e+73
9.19474352562534e+73
1.30981723808436e+74
1.83619238983789e+74
2.5332654267208e+74
3.43966314820805e+74
4.59664075260531e+74
6.04603198090428e+74
7.82745211813501e+74
9.9748062390393e+74
1.25122569489704e+75
1.54499172761199e+75
1.87796408270078e+75
2.24713650921461e+75
2.64705063373586e+75
3.06968897021469e+75
3.50456157432844e+75
3.93901135626998e+75
4.35874207456104e+75
4.74854827635105e+75
5.09320097382815e+75
5.37842022836252e+75
5.59184960250389e+75
5.72394053799611e+75
5.76865882344921e+75
5.72394053799611e+75
5.59184960250389e+75
5.37842022836252e+75
5.09320097382815e+75
4.74854827635105e+75
4.35874207456104e+75
3.93901135626998e+75
3.50456157432844e+75
3.06968897021469e+75
2.64705063373586e+75
2.24713650921461e+75
1.87796408270078e+75
1.54499172761199e+75
1.25122569489704e+75
9.9748062390393e+74
7.82745211813501e+74
6.04603198090428e+74
4.59664075260531e+74
3.43966314820805e+74
2.5332654267208e+74
1.83619238983789e+74
1.30981723808436e+74
9.19474352562534e+73
6.35163204072803e+73
4.31744923029879e+73
2.88764461506997e+73
1.90025645636863e+73
1.23029424418738e+73
7.83626907125719e+72
4.91006732945862e+72
3.02633080683613e+72
1.8347130516444e+72
1.09399039104263e+72
6.41537574994133e+71
3.69966454291095e+71
2.09798050299218e+71
1.16978306833504e+71
6.41266621798122e+70
3.45592790190605e+70
1.83081894803356e+70
9.53325842763038e+69
4.87878519531672e+69
2.45365805144584e+69
1.21256357193544e+69
5.88759190997556e+68
2.80844901452857e+68
1.31595896680767e+68
6.05640206314895e+67
2.73735686470009e+67
1.21489433882757e+67
5.29395298483522e+66
2.26463544351284e+66
9.50896650314785e+65
3.91853015239609e+65
1.584542247417e+65
6.28649913377396e+64
2.44663750071203e+64
9.33931519089e+63
3.49600033883583e+63
1.28310650733868e+63
4.61646785709155e+62
1.62791234960597e+62
5.62524686251277e+61
1.90438044824651e+61
6.31504397345993e+60
2.05076170272152e+60
6.52037054198639e+59
2.02929899521005e+59
6.18060607678188e+58
1.84169575015217e+58
5.36775645772996e+57
1.52981059045304e+57
4.26215885897364e+56
1.1604887982354e+56
3.0870145371779e+55
8.0201848269818e+54
2.03438834635636e+54
5.03659250796963e+53
1.21656823864001e+53
2.86595402371925e+52
6.58209536547961e+51
1.47313562941687e+51
3.21157530583772e+50
6.81702305484421e+49
1.40821133527298e+49
2.82958352414665e+48
5.52755851228647e+47
1.04921249538771e+47
1.9340322495626e+46
3.45996595105236e+45
6.00359388767075e+44
1.00969533565372e+44
1.64475258296533e+43
2.59307839656697e+42
3.95357244319627e+41
5.82445940292308e+40
8.28367559526837e+39
1.13625638696159e+39
1.50166042329726e+38
1.91000667875528e+37
2.33537934520297e+36
2.74153227480348e+35
3.08570732228963e+34
3.325115649019e+33
3.42501182731571e+32
3.36646461659236e+31
3.15158389638434e+30
2.80437550101996e+29
2.36656160423626e+28
1.8892718689281e+27
1.42288257910903e+26
1.00787516020223e+25
6.69128737063722e+23
4.14749217188258e+22
2.38950166281301e+21
1.27309514822004e+20
6.2355680729145e+18
2.78826214642518e+17
1.1288510714272e+16
409663695276000
13161885792000
368532802176
8809549056
174792640
2763520
32640
256
1
