1
27
378
3654
27405
169911
906192
4272048
18156204
70607433
254186127
854981946
2707376490
8121685509
23202342243
63407807712
166394376306
420681431250
1027624295895
2431499141385
5585148351720
12478659040980
27166361413815
57716829350505
119836306687500
243465003479646
484553271259242
945697167221563
1.81165931546005e+15
3.40947515857662e+15
6.30850118833768e+15
1.14843271088963e+16
2.05832357491611e+16
3.63426092757754e+16
6.3249698725646e+16
1.0855958223045e+17
1.83846906436314e+17
3.07340138304561e+17
5.0738771365429e+17
8.27540063822225e+17
1.33390870215529e+18
2.12569319064579e+18
3.35005962842491e+18
5.22292150756107e+18
8.0576263089411e+18
1.23040987263603e+19
1.86016409340378e+19
2.78493445030243e+19
4.12989236090527e+19
6.06757223558768e+19
8.83346561223104e+19
1.27458879303284e+20
1.8230997422096e+20
2.58539353750653e+20
3.63571268099459e+20
5.07068187895606e+20
7.01489265064881e+20
9.62751896800543e+20
1.31100497173321e+21
1.77151999320591e+21
2.37570279176302e+21
3.16222381790527e+21
4.17825894411737e+21
5.48082525423817e+21
7.13818748420583e+21
9.2313007191814e+21
1.18552438753056e+22
1.51205867496128e+22
1.91546214889348e+22
2.41023778186885e+22
3.01273310178623e+22
3.74117032622918e+22
4.61562534907751e+22
5.65794493124976e+22
6.89159175788481e+22
8.34140789084129e+22
1.00332886342396e+23
1.19937609849292e+23
1.42494636720986e+23
1.68265292771653e+23
1.97498730016112e+23
2.30423972072021e+23
2.67241257357626e+23
3.08112870275218e+23
3.53153699641155e+23
4.02421809024403e+23
4.55909342601001e+23
5.13534119816115e+23
5.75132289908887e+23
6.40452420860812e+23
7.09151384737533e+23
7.80792371532269e+23
8.54845316116248e+23
9.30689958295633e+23
1.00762167576864e+24
1.08486013644048e+24
1.16156071346411e+24
1.23682849769574e+24
1.30973463275556e+24
1.37933459271642e+24
1.44468792686293e+24
1.50487891504527e+24
1.55903751548887e+24
1.60635994833882e+24
1.6461282455253e+24
1.67772811232273e+24
1.70066448847845e+24
1.71457426583058e+24
1.71923571236378e+24
1.71457426583058e+24
1.70066448847845e+24
1.67772811232273e+24
1.6461282455253e+24
1.60635994833882e+24
1.55903751548887e+24
1.50487891504527e+24
1.44468792686293e+24
1.37933459271642e+24
1.30973463275556e+24
1.23682849769574e+24
1.16156071346411e+24
1.08486013644048e+24
1.00762167576864e+24
9.30689958295633e+23
8.54845316116248e+23
7.80792371532269e+23
7.09151384737533e+23
6.40452420860812e+23
5.75132289908887e+23
5.13534119816115e+23
4.55909342601001e+23
4.02421809024403e+23
3.53153699641155e+23
3.08112870275218e+23
2.67241257357626e+23
2.30423972072021e+23
1.97498730016112e+23
1.68265292771653e+23
1.42494636720986e+23
1.19937609849292e+23
1.00332886342396e+23
8.34140789084129e+22
6.89159175788481e+22
5.65794493124976e+22
4.61562534907751e+22
3.74117032622918e+22
3.01273310178623e+22
2.41023778186885e+22
1.91546214889348e+22
1.51205867496128e+22
1.18552438753056e+22
9.2313007191814e+21
7.13818748420583e+21
5.48082525423817e+21
4.17825894411737e+21
3.16222381790527e+21
2.37570279176302e+21
1.77151999320591e+21
1.31100497173321e+21
9.62751896800543e+20
7.01489265064881e+20
5.07068187895606e+20
3.63571268099459e+20
2.58539353750653e+20
1.8230997422096e+20
1.27458879303284e+20
8.83346561223104e+19
6.06757223558768e+19
4.12989236090527e+19
2.78493445030243e+19
1.86016409340378e+19
1.23040987263603e+19
8.0576263089411e+18
5.22292150756107e+18
3.35005962842491e+18
2.12569319064579e+18
1.33390870215529e+18
8.27540063822225e+17
5.0738771365429e+17
3.07340138304561e+17
1.83846906436314e+17
1.0855958223045e+17
6.3249698725646e+16
3.63426092757754e+16
2.05832357491611e+16
1.14843271088963e+16
6.30850118833768e+15
3.40947515857662e+15
1.81165931546005e+15
945697167221563
484553271259242
243465003479646
119836306687500
57716829350505
27166361413815
12478659040980
5585148351720
2431499141385
1027624295895
420681431250
166394376306
63407807712
23202342243
8121685509
2707376490
854981946
254186127
70607433
18156204
4272048
906192
169911
27405
3654
378
27
1
