1
16
136
816
3876
15504
54264
170544
490314
1307504
3268760
7726144
17383604
37439984
77545704
155055504
300292131
564854496
1034429616
1848122496
3227023096
5515602400
9240581320
15193146720
24541782420
38984502816
60950859696
93865644976
142487604856
213337549216
315230782944
459928570464
662922114789
944360021824
1330126171864
1853069107600
2554376304764
3485076939824
4707645050224
6297661486544
8345478146654
10957812215856
14259182270696
18393083087456
23522782948456
29831617406096
37522648157720
46817556203440
57954645999415
71185852870000
86772670180416
104980945957536
126074540531016
150307886519296
177917548650776
209112941410736
244066424678296
282903058211136
325690351537056
372428392827216
423040774991428
477366756150592
535155091915312
596059956395552
659639326417577
725356139008864
792582447060624
860606694711984
928644116184004
995850134403344
1.06133650457542e+15
1.12418981929619e+15
1.18349187250824e+15
1.23834127618203e+15
1.28787564209735e+15
1.33129358667149e+15
1.3678757933317e+15
1.39700437682714e+15
1.41817983775662e+15
1.4310349722717e+15
1.43534520841977e+15
1.4310349722717e+15
1.41817983775662e+15
1.39700437682714e+15
1.3678757933317e+15
1.33129358667149e+15
1.28787564209735e+15
1.23834127618203e+15
1.18349187250824e+15
1.12418981929619e+15
1.06133650457542e+15
995850134403344
928644116184004
860606694711984
792582447060624
725356139008864
659639326417577
596059956395552
535155091915312
477366756150592
423040774991428
372428392827216
325690351537056
282903058211136
244066424678296
209112941410736
177917548650776
150307886519296
126074540531016
104980945957536
86772670180416
71185852870000
57954645999415
46817556203440
37522648157720
29831617406096
23522782948456
18393083087456
14259182270696
10957812215856
8345478146654
6297661486544
4707645050224
3485076939824
2554376304764
1853069107600
1330126171864
944360021824
662922114789
459928570464
315230782944
213337549216
142487604856
93865644976
60950859696
38984502816
24541782420
15193146720
9240581320
5515602400
3227023096
1848122496
1034429616
564854496
300292131
155055504
77545704
37439984
17383604
7726144
3268760
1307504
490314
170544
54264
15504
3876
816
136
16
1
