1
16
136
816
3876
15504
54264
170544
490314
1307488
3268504
7723984
17370804
37380144
77310696
154249296
297811491
557877696
1016238376
1803669280
3124340920
5289858720
8765590320
14232206880
22665472020
35437167216
54439549056
82234794416
122229418616
178871589536
257866590864
366402453024
513374088549
709590343344
967944500448
1303525327344
1733643187544
2277744525104
2957188655144
3794863676496
4814623773006
6040538324736
7495954021416
9202384204896
11178254328420
13437547797632
15988411407032
18831792799472
21960192485367
25356618650592
28993833137304
32833970806464
36828601638084
40919285584224
45038645128392
49111951060032
53059184983752
56797509771792
60244048971792
63318850549200
65947891514976
68065969779216
69619329182736
70567873547856
70886845397481
70567873547856
69619329182736
68065969779216
65947891514976
63318850549200
60244048971792
56797509771792
53059184983752
49111951060032
45038645128392
40919285584224
36828601638084
32833970806464
28993833137304
25356618650592
21960192485367
18831792799472
15988411407032
13437547797632
11178254328420
9202384204896
7495954021416
6040538324736
4814623773006
3794863676496
2957188655144
2277744525104
1733643187544
1303525327344
967944500448
709590343344
513374088549
366402453024
257866590864
178871589536
122229418616
82234794416
54439549056
35437167216
22665472020
14232206880
8765590320
5289858720
3124340920
1803669280
1016238376
557877696
297811491
154249296
77310696
37380144
17370804
7723984
3268504
1307488
490314
170544
54264
15504
3876
816
136
16
1
