1
16
136
816
3876
15504
54264
170544
490298
1307248
3266584
7713104
17321844
37194096
76690536
152388816
292695291
544804576
984874480
1732446880
2970266520
4970688480
8129771280
13009871520
20391034660
31330673056
47229916816
69903629536
101649458776
145309553056
204316892784
282716773344
385153103369
516809111728
683293044568
890461671184
1144177996204
1450004448304
1812838767656
2236506452496
2723330390118
3273704500048
3885703098568
4554760506352
5273455520572
6031432314448
6815482950328
7609807179888
8396453104891
9155928475456
9867958078624
10512349157824
11069915476624
11523402749248
11858354682208
12063860380096
12133130451576
12063860380096
11858354682208
11523402749248
11069915476624
10512349157824
9867958078624
9155928475456
8396453104891
7609807179888
6815482950328
6031432314448
5273455520572
4554760506352
3885703098568
3273704500048
2723330390118
2236506452496
1812838767656
1450004448304
1144177996204
890461671184
683293044568
516809111728
385153103369
282716773344
204316892784
145309553056
101649458776
69903629536
47229916816
31330673056
20391034660
13009871520
8129771280
4970688480
2970266520
1732446880
984874480
544804576
292695291
152388816
76690536
37194096
17321844
7713104
3266584
1307248
490298
170544
54264
15504
3876
816
136
16
1
