1
32
528
5984
52360
376992
2324784
12620224
61522724
273421984
1120907920
4278885856
15326614520
51841133344
166467487264
509770016480
1494482826826
4208549271520
11417306492144
29915292666784
75875011874200
186658190857216
446180608850960
1.0379621627343e+15
2.35332409286264e+15
5.2068272074177e+15
1.12555048906058e+16
2.37968935875612e+16
4.92562718201593e+16
9.9902288857181e+16
1.9870866430277e+17
3.87893160441978e+17
7.43639654411545e+17
1.40102691083751e+18
2.59550514645673e+18
4.73073136660973e+18
8.48766899483911e+18
1.49971914556228e+19
2.61087798444663e+19
4.48022198537636e+19
7.58085953588275e+19
1.26532589434926e+20
2.08401443180965e+20
3.38808136021381e+20
5.43868449149931e+20
8.62274083554347e+20
1.35059664906057e+21
2.0904786535814e+21
3.19823450543503e+21
4.83747181184776e+21
7.23542321233887e+21
1.0703741075137e+22
1.56645380529679e+22
2.26824393056417e+22
3.25033283344163e+22
4.61002976104098e+22
6.47270373895525e+22
8.99784933408402e+22
1.23858082715314e+23
1.68850074421391e+23
2.27994916308289e+23
3.04964353229443e+23
4.04132159102071e+23
5.30635261059937e+23
6.90419039027388e+23
8.90259732567701e+23
1.13775628580893e+24
1.4412837258621e+24
1.80990041524475e+24
2.25320234815937e+24
2.78111915452452e+24
3.40364867878663e+24
4.13052990878144e+24
4.97085758070626e+24
5.93264585169908e+24
7.02235281646246e+24
8.24438209062012e+24
9.60058188069871e+24
1.1089765564023e+25
1.27072804562144e+25
1.44446528125866e+25
1.62893369056651e+25
1.82245940388749e+25
2.02295235005551e+25
2.22792617692031e+25
2.43453589313006e+25
2.6396332594299e+25
2.83983900306556e+25
3.0316299444859e+25
3.21143817572098e+25
3.37575858146707e+25
3.52126031127681e+25
3.64489735053655e+25
3.74401314225939e+25
3.81643430704266e+25
3.86054890062291e+25
3.87536532170116e+25
3.86054890062291e+25
3.81643430704266e+25
3.74401314225939e+25
3.64489735053655e+25
3.52126031127681e+25
3.37575858146707e+25
3.21143817572098e+25
3.0316299444859e+25
2.83983900306556e+25
2.6396332594299e+25
2.43453589313006e+25
2.22792617692031e+25
2.02295235005551e+25
1.82245940388749e+25
1.62893369056651e+25
1.44446528125866e+25
1.27072804562144e+25
1.1089765564023e+25
9.60058188069871e+24
8.24438209062012e+24
7.02235281646246e+24
5.93264585169908e+24
4.97085758070626e+24
4.13052990878144e+24
3.40364867878663e+24
2.78111915452452e+24
2.25320234815937e+24
1.80990041524475e+24
1.4412837258621e+24
1.13775628580893e+24
8.90259732567701e+23
6.90419039027388e+23
5.30635261059937e+23
4.04132159102071e+23
3.04964353229443e+23
2.27994916308289e+23
1.68850074421391e+23
1.23858082715314e+23
8.99784933408402e+22
6.47270373895525e+22
4.61002976104098e+22
3.25033283344163e+22
2.26824393056417e+22
1.56645380529679e+22
1.0703741075137e+22
7.23542321233887e+21
4.83747181184776e+21
3.19823450543503e+21
2.0904786535814e+21
1.35059664906057e+21
8.62274083554347e+20
5.43868449149931e+20
3.38808136021381e+20
2.08401443180965e+20
1.26532589434926e+20
7.58085953588275e+19
4.48022198537636e+19
2.61087798444663e+19
1.49971914556228e+19
8.48766899483911e+18
4.73073136660973e+18
2.59550514645673e+18
1.40102691083751e+18
7.43639654411545e+17
3.87893160441978e+17
1.9870866430277e+17
9.9902288857181e+16
4.92562718201593e+16
2.37968935875612e+16
1.12555048906058e+16
5.2068272074177e+15
2.35332409286264e+15
1.0379621627343e+15
446180608850960
186658190857216
75875011874200
29915292666784
11417306492144
4208549271520
1494482826826
509770016480
166467487264
51841133344
15326614520
4278885856
1120907920
273421984
61522724
12620224
2324784
376992
52360
5984
528
32
1
