1
54
1485
27720
395010
4582062
45054558
386126730
2943330885
20265260730
127558092168
741162755502
4006957436235
20289902968170
96767605617210
436748465798514
1.87312249708807e+15
7.6609834201467e+15
2.99740409491438e+16
1.12498804821204e+17
4.06029447475199e+17
1.41229487812047e+18
4.74356870696162e+18
1.54122738743699e+19
4.85184478510122e+19
1.48203753402397e+20
4.39846802532404e+20
1.2698791357222e+21
3.57048680984569e+21
9.78686031357762e+21
2.61771676143583e+22
6.83827863447758e+22
1.74610221931456e+23
4.36134194993154e+23
1.06636156320833e+24
2.5539268632436e+24
5.99513772412638e+24
1.38015129142019e+25
3.1176372416168e+25
6.9137884386001e+25
1.50593205988494e+26
3.22320973115121e+26
6.78187255411195e+26
1.40333788210618e+27
2.8568708536639e+27
5.72387359595623e+27
1.12903562480496e+28
2.19322361886457e+28
4.19708903803471e+28
7.91460297851375e+28
1.47111025912184e+29
2.69593907455148e+29
4.87227541824826e+29
8.68587352544823e+29
1.52775340229035e+30
2.65182415855992e+30
4.54336067592458e+30
7.68486078884195e+30
1.28351967054914e+31
2.11716446539852e+31
3.44958283830163e+31
5.55276875499041e+31
8.83184907800576e+31
1.38821842767435e+32
2.15670307207291e+32
3.3121416154927e+32
5.02887087184602e+32
7.5497008880799e+32
1.12082804225054e+33
1.64569101178669e+33
2.39004254325244e+33
3.43365701368427e+33
4.88029530222503e+33
6.86302036682377e+33
9.55003031716992e+33
1.31508260090654e+34
1.7922434483699e+34
2.41753023379809e+34
3.22783604811747e+34
4.26626525798171e+34
5.58228253298256e+34
7.23157132300895e+34
9.27552288115808e+34
1.17802806397214e+35
1.4815275690566e+35
1.84512082867637e+35
2.27574580964778e+35
2.77989420741997e+35
3.36324820330617e+35
4.0302792082387e+35
4.78382458431642e+35
5.62466307387887e+35
6.55111370661731e+35
7.55868581636108e+35
8.63980902486238e+35
9.78367126262097e+35
1.09761898492716e+36
1.22001352767806e+36
1.34354197644746e+36
1.46595532448158e+36
1.58482587653137e+36
1.69762281075463e+36
1.80179876048944e+36
1.89488346098135e+36
1.97457977027424e+36
2.03885693006994e+36
2.08603583529458e+36
2.11486135627748e+36
2.12455739882023e+36
2.11486135627748e+36
2.08603583529458e+36
2.03885693006994e+36
1.97457977027424e+36
1.89488346098135e+36
1.80179876048944e+36
1.69762281075463e+36
1.58482587653137e+36
1.46595532448158e+36
1.34354197644746e+36
1.22001352767806e+36
1.09761898492716e+36
9.78367126262097e+35
8.63980902486238e+35
7.55868581636108e+35
6.55111370661731e+35
5.62466307387887e+35
4.78382458431642e+35
4.0302792082387e+35
3.36324820330617e+35
2.77989420741997e+35
2.27574580964778e+35
1.84512082867637e+35
1.4815275690566e+35
1.17802806397214e+35
9.27552288115808e+34
7.23157132300895e+34
5.58228253298256e+34
4.26626525798171e+34
3.22783604811747e+34
2.41753023379809e+34
1.7922434483699e+34
1.31508260090654e+34
9.55003031716992e+33
6.86302036682377e+33
4.88029530222503e+33
3.43365701368427e+33
2.39004254325244e+33
1.64569101178669e+33
1.12082804225054e+33
7.5497008880799e+32
5.02887087184602e+32
3.3121416154927e+32
2.15670307207291e+32
1.38821842767435e+32
8.83184907800576e+31
5.55276875499041e+31
3.44958283830163e+31
2.11716446539852e+31
1.28351967054914e+31
7.68486078884195e+30
4.54336067592458e+30
2.65182415855992e+30
1.52775340229035e+30
8.68587352544823e+29
4.87227541824826e+29
2.69593907455148e+29
1.47111025912184e+29
7.91460297851375e+28
4.19708903803471e+28
2.19322361886457e+28
1.12903562480496e+28
5.72387359595623e+27
2.8568708536639e+27
1.40333788210618e+27
6.78187255411195e+26
3.22320973115121e+26
1.50593205988494e+26
6.9137884386001e+25
3.1176372416168e+25
1.38015129142019e+25
5.99513772412638e+24
2.5539268632436e+24
1.06636156320833e+24
4.36134194993154e+23
1.74610221931456e+23
6.83827863447758e+22
2.61771676143583e+22
9.78686031357762e+21
3.57048680984569e+21
1.2698791357222e+21
4.39846802532404e+20
1.48203753402397e+20
4.85184478510122e+19
1.54122738743699e+19
4.74356870696162e+18
1.41229487812047e+18
4.06029447475199e+17
1.12498804821204e+17
2.99740409491438e+16
7.6609834201467e+15
1.87312249708807e+15
436748465798514
96767605617210
20289902968170
4006957436235
741162755502
127558092168
20265260730
2943330885
386126730
45054558
4582062
395010
27720
1485
54
1
