0
7.6246189861594
14.5556023912607
21.0806320491042
27.3174907564612
33.3307167953507
39.1611319209403
44.8369067706096
50.3786603917396
55.8021409012416
61.119770578822
66.3415995198063
71.4759262862451
76.529719306454
81.5089130747155
86.4186224502217
91.2633015416103
96.0468640062525
100.772775809937
105.444127902806
110.063693969078
114.633976896066
119.157246589159
123.635571058039
128.070842207231
132.464797412771
136.819037711917
141.135043245493
145.414186452721
149.65774341313
153.866903649781
158.042778646209
162.186409281364
166.298772349088
170.380786298853
174.433316310642
178.457178797826
182.453145416401
186.421946646448
190.364275001371
194.280787912072
198.172110326179
202.038837056692
205.881534909521
209.700744615343
213.496982587777
217.270742526954
221.022496885119
224.752698208795
228.461780370227
232.150159699299
235.818236025783
239.466393640617
243.095002183937
246.704417466696
250.294982231986
253.867026861463
257.420870031773
260.956819325291
264.475171799104
267.976214515736
271.460225038779
274.927471896286
278.378215014499
281.812706124261
285.23118914221
288.633900528703
292.021069624202
295.392918965725
298.749664584816
302.091516288369
305.418677923511
308.731347627665
312.029718064825
315.313976648956
318.584305755413
321.840882921149
325.083881034458
328.313468514921
331.529809484186
334.733063928151
337.923387851091
341.100933422216
344.265849115127
347.418279840587
350.558367073011
353.686248971034
356.802060492504
359.905933504223
362.997996886715
366.078376634329
369.147195950903
372.20457534125
375.250632698691
378.285483388841
381.309240329843
384.322014069252
387.323912857721
390.315042719674
393.295507521097
396.265409034617
399.224847001978
402.173919194066
405.112721468582
408.041347825493
410.959890460356
413.868439815622
416.767084630011
419.655911986056
422.535007355884
425.404454645334
428.264336236473
431.114733028585
433.955724477709
436.787388634778
439.609802182428
442.42304047053
445.227177550505
448.022286208468
450.808437997255
453.585703267379
456.354151196952
459.113849820634
461.864866057619
464.607265738736
467.341113632659
470.066473471297
472.783407974368
475.491978873217
478.192246933877
480.88427197943
483.568112911672
486.243827732131
488.91147356244
491.571106664104
494.222782457678
496.866555541383
499.502479709166
502.130607968249
504.750992556159
507.363684957275
509.968735918905
512.566195466905
515.156112920859
517.738536908844
520.313515381774
522.881095627362
525.441324283689
527.994247352413
530.539910211622
533.078357628338
535.609633770693
538.133782219782
540.650845981204
543.160867496307
545.663888653134
548.159950797094
550.649094741357
553.131360776989
555.606788682822
558.07541773509
560.537286716811
562.992433926947
565.440897189334
567.882713861392
570.317920842627
572.746554582928
575.168651090657
577.584245940554
579.993374281455
582.396070843819
584.792369947084
587.182305506857
589.565911041925
591.943219681115
594.31426416999
596.679076877396
599.03768980186
601.390134577842
603.73644248185
606.076644438415
608.410771025938
610.738852482403
613.060918710969
615.376999285438
617.687123455605
619.991320152493
622.289617993476
624.582045287288
626.868630038936
629.149399954497
631.424382445824
633.693604635149
635.95709335959
638.214875175568
640.46697636313
642.713422930185
644.954240616653
647.189454898532
649.41909099188
651.643173856719
653.861728200862
656.07477848366
658.282348919681
660.484463482311
662.681145907289
664.87241969617
667.05830811972
669.238834221251
671.41402081989
673.583890513776
675.748465683216
677.907768493759
680.06182089923
682.210644644697
684.354261269386
686.492692109541
688.625958301235
690.75408078312
692.877080299139
694.994977401178
697.107792451674
699.21554562618
701.318256915874
703.415946130036
705.508632898466
707.596336673872
709.679076734211
711.756872184984
713.829741961501
715.897704831096
717.960779395311
720.018984092041
722.072337197637
724.120856828978
726.164560945509
728.203467351238
730.237593696706
732.266957480918
734.291576053246
736.311466615299
738.326646222761
740.337131787196
742.342940077833
744.344087723307
746.340591213384
748.332466900655
750.319731002196
752.302399601207
754.280488648626
756.254013964714
758.222991240614
760.187436039886
762.147363800021
764.102789833925
766.053729331385
768.000197360511
769.94220886915
771.879778686289
773.812921523425
775.741651975918
777.665984524329
779.585933535727
781.501513264986
783.412737856053
785.319621343207
787.222177652288
789.120420601919
791.014363904698
792.904021168382
794.789405897049
796.670531492244
798.547411254102
800.420058382469
802.288485977991
804.152707043194
806.012734483551
807.868581108528
809.720259632621
811.567782676367
813.411162767358
815.250412341222
817.085543742603
818.916569226124
820.74350095733
822.566351013628
824.385131385206
826.199853975943
828.010530604303
829.817173004223
831.61979282598
833.418401637053
835.213010922972
837.00363208815
838.790276456711
840.572955273304
842.351679703901
844.126460836594
845.897309682375
847.664237175902
849.427254176264
851.186371467731
852.94159976049
854.69294969138
856.440431824611
858.184056652472
859.92383459604
861.659776005865
863.391891162659
865.12019027797
866.844683494845
868.565380888492
870.282292466923
871.995428171603
873.704797878076
875.410411396591
877.11227847272
878.810408787965
880.504811960361
882.195497545068
883.882475034957
885.565753861191
887.245343393793
888.921252942214
890.593491755887
892.262069024781
893.926993879942
895.588275394033
897.24592258186
898.899944400902
900.550349751825
902.197147478992
903.840346370973
905.47995516104
907.115982527664
908.748437094996
910.377327433357
912.002662059706
913.624449438116
915.242697980232
916.857416045737
918.468611942802
920.076293928534
921.68047020942
923.281148941764
924.878338232122
926.472046137727
928.062280666913
929.649049779535
931.232361387377
932.812223354565
934.388643497971
935.961629587607
937.531189347025
939.097330453706
940.660060539443
942.219387190724
943.77531794911
945.327860311608
946.877021731037
948.422809616395
949.965231333218
951.504294203938
953.040005508235
954.572372483384
956.101402324604
957.627102185394
959.149479177872
960.668540373112
962.184292801468
963.696743452908
965.205899277327
966.711767184878
968.214354046276
969.71366669312
971.209711918199
972.702496475796
974.192027081993
975.678310414969
977.161353115297
978.641161786239
980.117742994031
981.591103268175
983.061249101721
984.528186951548
985.991923238641
987.452464348369
988.909816630755
990.363986400745
991.814979938477
993.262803489544
994.707463265254
996.14896544289
997.587316165966
999.022521544479
1000.45458765516
1001.88352054173
1003.30932621512
1004.73201065376
1006.15157980376
1007.56803957921
1008.98139586238
1010.39165450394
1011.79882132323
1013.20290210846
1014.60390261697
1016.00182857541
1017.39668567998
1018.78847959666
1020.17721596144
1021.56290038049
1022.9455384304
1024.32513565842
1025.70169758263
1027.07522969213
1028.44573744732
1029.81322628003
1031.17770159376
1032.53916876385
1033.89763313773
1035.25310003506
1036.60557474793
1037.95506254112
1039.30156865218
1040.64509829171
1041.98565664351
1043.32324886475
1044.6578800862
1045.98955541235
1047.31827992165
1048.64405866664
1049.96689667416
1051.28679894549
1052.60377045657
1053.91781615813
1055.22894097587
1056.53714981064
1057.84244753861
1059.14483901141
1060.44432905632
1061.7409224764
1063.03462405069
1064.32543853435
1065.61337065881
1066.89842513194
1068.1806066382
1069.45991983879
1070.73636937181
1072.00995985239
1073.28069587287
1074.54858200294
1075.81362278977
1077.07582275815
1078.33518641068
1079.59171822786
1080.84542266825
1082.09630416865
1083.34436714416
1084.58961598838
1085.83205507354
1087.07168875059
1088.3085213494
1089.54255717885
1090.77380052695
1092.00225566104
1093.22792682783
1094.45081825358
1095.67093414424
1096.88827868553
1098.10285604311
1099.31467036266
1100.52372577005
1101.73002637143
1102.93357625335
1104.13437948292
1105.33244010786
1106.52776215669
1107.72034963879
1108.91020654455
1110.09733684548
1111.28174449431
1112.46343342512
1113.64240755342
1114.81867077632
1115.99222697258
1117.16308000275
1118.33123370927
1119.49669191659
1120.65945843125
1121.81953704202
1122.97693151997
1124.13164561861
1125.28368307395
1126.43304760464
1127.57974291207
1128.72377268043
1129.86514057685
1131.0038502515
1132.13990533765
1133.27330945181
1134.40406619381
1135.53217914687
1136.65765187775
1137.7804879368
1138.90069085806
1140.01826415937
1141.13321134245
1142.24553589298
1143.35524128072
1144.46233095958
1145.5668083677
1146.66867692756
1147.76794004606
1148.86460111459
1149.95866350916
1151.05013059042
1152.13900570381
1153.22529217961
1154.308993333
1155.39011246423
1156.46865285858
1157.54461778655
1158.61801050389
1159.68883425167
1160.75709225639
1161.82278773004
1162.8859238702
1163.94650386008
1165.00453086863
1166.06000805062
1167.11293854666
1168.16332548338
1169.21117197339
1170.25648111542
1171.29925599441
1172.33949968151
1173.37721523422
1174.41240569645
1175.44507409857
1176.47522345747
1177.50285677668
1178.5279770464
1179.55058724358
1180.57069033201
1181.58828926234
1182.60338697218
1183.61598638619
1184.62609041609
1185.63370196078
1186.63882390636
1187.64145912624
1188.64161048116
1189.6392808193
1190.63447297631
1191.62718977539
1192.61743402734
1193.60520853063
1194.59051607146
1195.57335942385
1196.55374134963
1197.53166459859
1198.50713190846
1199.48014600502
1200.45070960216
1201.4188254019
1202.38449609448
1203.34772435842
1204.30851286054
1205.26686425609
1206.22278118872
1207.1762662906
1208.12732218246
1209.07595147361
1210.02215676205
1210.96594063451
1211.90730566646
1212.84625442223
1213.78278945501
1214.71691330694
1215.64862850914
1216.57793758177
1217.50484303409
1218.4293473645
1219.3514530606
1220.27116259922
1221.18847844651
1222.10340305796
1223.01593887844
1223.92608834229
1224.83385387334
1225.73923788496
1226.64224278013
1227.54287095144
1228.4411247812
1229.33700664144
1230.23051889399
1231.12166389049
1232.01044397248
1232.89686147142
1233.78091870872
1234.66261799582
1235.54196163423
1236.41895191555
1237.29359112154
1238.16588152416
1239.03582538558
1239.90342495828
1240.76868248507
1241.6316001991
1242.49218032396
1243.35042507368
1244.20633665279
1245.05991725636
1245.91116907003
1246.76009427008
1247.60669502343
1248.45097348772
1249.29293181134
1250.13257213344
1250.96989658401
1251.8049072839
1252.63760634486
1253.4679958696
1254.29607795179
1255.12185467612
1255.94532811836
1256.76650034535
1257.58537341508
1258.40194937671
1259.2162302706
1260.02821812838
1260.83791497293
1261.64532281847
1262.45044367058
1263.25327952622
1264.05383237378
1264.85210419313
1265.64809695561
1266.44181262412
1267.23325315311
1268.02242048866
1268.80931656845
1269.59394332188
1270.37630267001
1271.15639652568
1271.93422679347
1272.70979536979
1273.48310414288
1274.25415499286
1275.02294979176
1275.78949040354
1276.55377868412
1277.31581648145
1278.0756056355
1278.8331479783
1279.58844533398
1280.34149951882
1281.09231234123
1281.84088560183
1282.58722109345
1283.33132060118
1284.0731859024
1284.81281876678
1285.55022095634
1286.28539422549
1287.01834032101
1287.74906098213
1288.47755794054
1289.20383292042
1289.92788763844
1290.64972380385
1291.36934311845
1292.08674727665
1292.8019379655
1293.51491686469
1294.2256856466
1294.93424597633
1295.6405995117
1296.34474790332
1297.04669279459
1297.7464358217
1298.44397861374
1299.13932279262
1299.83246997318
1300.52342176317
1301.21217976331
1301.89874556729
1302.58312076177
1303.26530692649
1303.94530563421
1304.62311845077
1305.29874693512
1305.97219263934
1306.64345710865
1307.31254188145
1307.97944848936
1308.6441784572
1309.30673330304
1309.96711453824
1310.62532366744
1311.2813621886
1311.93523159304
1312.58693336542
1313.23646898382
1313.88383991969
1314.52904763796
1315.17209359699
1315.81297924863
1316.45170603822
1317.08827540463
1317.72268878029
1318.35494759117
1318.98505325686
1319.61300719054
1320.23881079904
1320.86246548282
1321.48397263604
1322.10333364654
1322.72054989589
1323.33562275938
1323.94855360608
1324.55934379883
1325.16799469427
1325.77450764286
1326.3788839889
1326.98112507054
1327.58123221983
1328.17920676271
1328.77505001903
1329.3687633026
1329.96034792118
1330.54980517649
1331.13713636427
1331.72234277427
1332.30542569027
1332.8863863901
1333.46522614567
1334.04194622299
1334.61654788215
1335.1890323774
1335.75940095711
1336.32765486383
1336.89379533429
1337.45782359941
1338.01974088433
1338.57954840844
1339.13724738536
1339.692839023
1340.24632452353
1340.79770508347
1341.34698189361
1341.89415613911
1342.43922899947
1342.98220164858
1343.52307525471
1344.06185098052
1344.59852998311
1345.13311341402
1345.66560241922
1346.19599813918
1346.72430170884
1347.25051425765
1347.77463690956
1348.29667078307
1348.81661699123
1349.33447664165
1349.85025083653
1350.36394067264
1350.87554724139
1351.3850716288
1351.89251491553
1352.39787817691
1352.90116248291
1353.40236889823
1353.90149848223
1354.39855228901
1354.89353136739
1355.38643676092
1355.87726950793
1356.36603064151
1356.85272118954
1357.3373421747
1357.81989461448
1358.30037952119
1358.778797902
1359.25515075892
1359.72943908885
1360.20166388353
1360.67182612964
1361.13992680874
1361.60596689732
1362.06994736681
1362.53186918359
1362.99173330898
1363.4495406993
1363.90529230584
1364.35898907489
1364.81063194776
1365.26022186078
1365.70775974531
1366.15324652776
1366.59668312963
1367.03807046744
1367.47740945284
1367.91470099256
1368.34994598844
1368.78314533744
1369.21429993167
1369.64341065835
1370.07047839989
1370.49550403385
1370.91848843298
1371.33943246521
1371.75833699368
1372.17520287674
1372.59003096797
1373.00282211617
1373.4135771654
1373.82229695498
1374.2289823195
1374.6336340888
1375.03625308806
1375.43684013771
1375.83539605353
1376.2319216466
1376.62641772334
1377.01888508551
1377.40932453021
1377.79773684994
1378.18412283253
1378.56848326122
1378.95081891464
1379.3311305668
1379.70941898716
1380.08568494058
1380.45992918735
1380.83215248321
1381.20235557935
1381.57053922242
1381.93670415454
1382.30085111332
1382.66298083184
1383.0230940387
1383.38119145798
1383.73727380931
1384.09134180782
1384.44339616419
1384.79343758463
1385.14146677092
1385.48748442039
1385.83149122593
1386.17348787603
1386.51347505476
1386.85145344178
1387.18742371235
1387.52138653737
1387.85334258333
1388.18329251235
1388.51123698222
1388.83717664634
1389.16111215379
1389.48304414928
1389.80297327323
1390.1209001617
1390.43682544647
1390.75074975498
1391.06267371039
1391.37259793158
1391.68052303312
1391.98644962531
1392.2903783142
1392.59230970156
1392.89224438491
1393.19018295753
1393.48612600845
1393.78007412248
1394.0720278802
1394.36198785796
1394.64995462793
1394.93592875803
1395.21991081203
1395.50190134949
1395.78190092577
1396.05991009207
1396.33592939543
1396.60995937872
1396.88200058063
1397.15205353573
1397.42011877444
1397.68619682303
1397.95028820364
1398.2123934343
1398.47251302891
1398.73064749727
1398.98679734505
1399.24096307385
1399.49314518114
1399.74334416034
1399.99156050076
1400.23779468764
1400.48204720217
1400.72431852144
1400.96460911851
1401.20291946236
1401.43925001796
1401.6736012462
1401.90597360395
1402.13636754405
1402.36478351531
1402.59122196252
1402.81568332646
1403.03816804389
1403.25867654756
1403.47720926625
1403.69376662471
1403.90834904372
1404.12095694008
1404.33159072658
1404.54025081208
1404.74693760143
1404.95165149554
1405.15439289134
1405.35516218182
1405.55395975602
1405.75078599901
1405.94564129196
1406.13852601205
1406.32944053257
1406.51838522285
1406.70536044833
1406.89036657049
1407.07340394693
1407.25447293131
1407.43357387341
1407.61070711907
1407.78587301027
1407.95907188507
1408.13030407764
1408.29956991827
1408.46686973337
1408.63220384546
1408.79557257318
1408.95697623131
1409.11641513076
1409.27388957857
1409.42939987791
1409.58294632811
1409.73452922464
1409.88414885911
1410.03180551928
1410.17749948909
1410.32123104862
1410.4630004741
1410.60280803795
1410.74065400876
1410.87653865126
1411.01046222638
1411.14242499123
1411.2724271991
1411.40046909944
1411.52655093791
1411.65067295635
1411.77283539281
1411.8930384815
1412.01128245287
1412.12756753353
1412.24189394632
1412.35426191027
1412.46467164063
1412.57312334886
1412.67961724262
1412.7841535258
1412.8867323985
1412.98735405703
1413.08601869395
1413.18272649802
1413.27747765424
1413.37027234383
1413.46111074424
1413.54999302917
1413.63691936853
1413.72188992848
1413.80490487143
1413.88596435601
1413.9650685371
1414.04221756583
1414.11741158957
1414.19065075193
1414.2619351928
1414.33126504828
1414.39864045076
1414.46406152885
1414.52752840743
1414.58904120765
1414.64860004691
1414.70620503885
1414.7618562934
1414.81555391673
1414.8672980113
1414.9170886758
1414.96492600522
1415.01081009078
1415.05474102001
1415.09671887667
1415.13674374082
1415.17481568877
1415.21093479311
1415.2451011227
1415.27731474269
1415.30757571447
1415.33588409573
1415.36223994044
1415.38664329882
1415.40909421739
1415.42959273894
1415.44813890253
1415.46473274351
1415.47937429351
1415.49206358041
1415.50280062841
1415.51158545797
1415.51841808582
1415.52329852498
1415.52622678476
1415.52720287074
1415.52622678476
1415.52329852498
1415.51841808582
1415.51158545797
1415.50280062841
1415.49206358041
1415.47937429351
1415.46473274351
1415.44813890253
1415.42959273894
1415.40909421739
1415.38664329882
1415.36223994044
1415.33588409573
1415.30757571447
1415.27731474269
1415.2451011227
1415.21093479311
1415.17481568877
1415.13674374082
1415.09671887667
1415.05474102001
1415.01081009078
1414.96492600522
1414.9170886758
1414.8672980113
1414.81555391673
1414.7618562934
1414.70620503885
1414.64860004691
1414.58904120765
1414.52752840743
1414.46406152885
1414.39864045076
1414.33126504828
1414.2619351928
1414.19065075193
1414.11741158957
1414.04221756583
1413.9650685371
1413.88596435601
1413.80490487143
1413.72188992848
1413.63691936853
1413.54999302917
1413.46111074424
1413.37027234383
1413.27747765424
1413.18272649802
1413.08601869395
1412.98735405703
1412.8867323985
1412.7841535258
1412.67961724262
1412.57312334886
1412.46467164063
1412.35426191027
1412.24189394632
1412.12756753353
1412.01128245287
1411.8930384815
1411.77283539281
1411.65067295635
1411.52655093791
1411.40046909944
1411.2724271991
1411.14242499123
1411.01046222638
1410.87653865126
1410.74065400876
1410.60280803795
1410.4630004741
1410.32123104862
1410.17749948909
1410.03180551928
1409.88414885911
1409.73452922464
1409.58294632811
1409.42939987791
1409.27388957857
1409.11641513076
1408.95697623131
1408.79557257318
1408.63220384546
1408.46686973337
1408.29956991827
1408.13030407764
1407.95907188507
1407.78587301027
1407.61070711907
1407.43357387341
1407.25447293131
1407.07340394693
1406.89036657049
1406.70536044833
1406.51838522285
1406.32944053257
1406.13852601205
1405.94564129196
1405.75078599901
1405.55395975602
1405.35516218182
1405.15439289134
1404.95165149554
1404.74693760143
1404.54025081208
1404.33159072658
1404.12095694008
1403.90834904372
1403.69376662471
1403.47720926625
1403.25867654756
1403.03816804389
1402.81568332646
1402.59122196252
1402.36478351531
1402.13636754405
1401.90597360395
1401.6736012462
1401.43925001796
1401.20291946236
1400.96460911851
1400.72431852144
1400.48204720217
1400.23779468764
1399.99156050076
1399.74334416034
1399.49314518114
1399.24096307385
1398.98679734505
1398.73064749727
1398.47251302891
1398.2123934343
1397.95028820364
1397.68619682303
1397.42011877444
1397.15205353573
1396.88200058063
1396.60995937872
1396.33592939543
1396.05991009207
1395.78190092577
1395.50190134949
1395.21991081203
1394.93592875803
1394.64995462793
1394.36198785796
1394.0720278802
1393.78007412248
1393.48612600845
1393.19018295753
1392.89224438491
1392.59230970156
1392.2903783142
1391.98644962531
1391.68052303312
1391.37259793158
1391.06267371039
1390.75074975498
1390.43682544647
1390.1209001617
1389.80297327323
1389.48304414928
1389.16111215379
1388.83717664634
1388.51123698222
1388.18329251235
1387.85334258333
1387.52138653737
1387.18742371235
1386.85145344178
1386.51347505476
1386.17348787603
1385.83149122593
1385.48748442039
1385.14146677092
1384.79343758463
1384.44339616419
1384.09134180782
1383.73727380931
1383.38119145798
1383.0230940387
1382.66298083184
1382.30085111332
1381.93670415454
1381.57053922242
1381.20235557935
1380.83215248321
1380.45992918735
1380.08568494058
1379.70941898716
1379.3311305668
1378.95081891464
1378.56848326122
1378.18412283253
1377.79773684994
1377.40932453021
1377.01888508551
1376.62641772334
1376.2319216466
1375.83539605353
1375.43684013771
1375.03625308806
1374.6336340888
1374.2289823195
1373.82229695498
1373.4135771654
1373.00282211617
1372.59003096797
1372.17520287674
1371.75833699368
1371.33943246521
1370.91848843298
1370.49550403385
1370.07047839989
1369.64341065835
1369.21429993167
1368.78314533744
1368.34994598844
1367.91470099256
1367.47740945284
1367.03807046744
1366.59668312963
1366.15324652776
1365.70775974531
1365.26022186078
1364.81063194776
1364.35898907489
1363.90529230584
1363.4495406993
1362.99173330898
1362.53186918359
1362.06994736681
1361.60596689732
1361.13992680874
1360.67182612964
1360.20166388353
1359.72943908885
1359.25515075892
1358.778797902
1358.30037952119
1357.81989461448
1357.3373421747
1356.85272118954
1356.36603064151
1355.87726950793
1355.38643676092
1354.89353136739
1354.39855228901
1353.90149848223
1353.40236889823
1352.90116248291
1352.39787817691
1351.89251491553
1351.3850716288
1350.87554724139
1350.36394067264
1349.85025083653
1349.33447664165
1348.81661699123
1348.29667078307
1347.77463690956
1347.25051425765
1346.72430170884
1346.19599813918
1345.66560241922
1345.13311341402
1344.59852998311
1344.06185098052
1343.52307525471
1342.98220164858
1342.43922899947
1341.89415613911
1341.34698189361
1340.79770508347
1340.24632452353
1339.692839023
1339.13724738536
1338.57954840844
1338.01974088433
1337.45782359941
1336.89379533429
1336.32765486383
1335.75940095711
1335.1890323774
1334.61654788215
1334.04194622299
1333.46522614567
1332.8863863901
1332.30542569027
1331.72234277427
1331.13713636427
1330.54980517649
1329.96034792118
1329.3687633026
1328.77505001903
1328.17920676271
1327.58123221983
1326.98112507054
1326.3788839889
1325.77450764286
1325.16799469427
1324.55934379883
1323.94855360608
1323.33562275938
1322.72054989589
1322.10333364654
1321.48397263604
1320.86246548282
1320.23881079904
1319.61300719054
1318.98505325686
1318.35494759117
1317.72268878029
1317.08827540463
1316.45170603822
1315.81297924863
1315.17209359699
1314.52904763796
1313.88383991969
1313.23646898382
1312.58693336542
1311.93523159304
1311.2813621886
1310.62532366744
1309.96711453824
1309.30673330304
1308.6441784572
1307.97944848936
1307.31254188145
1306.64345710865
1305.97219263934
1305.29874693512
1304.62311845077
1303.94530563421
1303.26530692649
1302.58312076177
1301.89874556729
1301.21217976331
1300.52342176317
1299.83246997318
1299.13932279262
1298.44397861374
1297.7464358217
1297.04669279459
1296.34474790332
1295.6405995117
1294.93424597633
1294.2256856466
1293.51491686469
1292.8019379655
1292.08674727665
1291.36934311845
1290.64972380385
1289.92788763844
1289.20383292042
1288.47755794054
1287.74906098213
1287.01834032101
1286.28539422549
1285.55022095634
1284.81281876678
1284.0731859024
1283.33132060118
1282.58722109345
1281.84088560183
1281.09231234123
1280.34149951882
1279.58844533398
1278.8331479783
1278.0756056355
1277.31581648145
1276.55377868412
1275.78949040354
1275.02294979176
1274.25415499286
1273.48310414288
1272.70979536979
1271.93422679347
1271.15639652568
1270.37630267001
1269.59394332188
1268.80931656845
1268.02242048866
1267.23325315311
1266.44181262412
1265.64809695561
1264.85210419313
1264.05383237378
1263.25327952622
1262.45044367058
1261.64532281847
1260.83791497293
1260.02821812838
1259.2162302706
1258.40194937671
1257.58537341508
1256.76650034535
1255.94532811836
1255.12185467612
1254.29607795179
1253.4679958696
1252.63760634486
1251.8049072839
1250.96989658401
1250.13257213344
1249.29293181134
1248.45097348772
1247.60669502343
1246.76009427008
1245.91116907003
1245.05991725636
1244.20633665279
1243.35042507368
1242.49218032396
1241.6316001991
1240.76868248507
1239.90342495828
1239.03582538558
1238.16588152416
1237.29359112154
1236.41895191555
1235.54196163423
1234.66261799582
1233.78091870872
1232.89686147142
1232.01044397248
1231.12166389049
1230.23051889399
1229.33700664144
1228.4411247812
1227.54287095144
1226.64224278013
1225.73923788496
1224.83385387334
1223.92608834229
1223.01593887844
1222.10340305796
1221.18847844651
1220.27116259922
1219.3514530606
1218.4293473645
1217.50484303409
1216.57793758177
1215.64862850914
1214.71691330694
1213.78278945501
1212.84625442223
1211.90730566646
1210.96594063451
1210.02215676205
1209.07595147361
1208.12732218246
1207.1762662906
1206.22278118872
1205.26686425609
1204.30851286054
1203.34772435842
1202.38449609448
1201.4188254019
1200.45070960216
1199.48014600502
1198.50713190846
1197.53166459859
1196.55374134963
1195.57335942385
1194.59051607146
1193.60520853063
1192.61743402734
1191.62718977539
1190.63447297631
1189.6392808193
1188.64161048116
1187.64145912624
1186.63882390636
1185.63370196078
1184.62609041609
1183.61598638619
1182.60338697218
1181.58828926234
1180.57069033201
1179.55058724358
1178.5279770464
1177.50285677668
1176.47522345747
1175.44507409857
1174.41240569645
1173.37721523422
1172.33949968151
1171.29925599441
1170.25648111542
1169.21117197339
1168.16332548338
1167.11293854666
1166.06000805062
1165.00453086863
1163.94650386008
1162.8859238702
1161.82278773004
1160.75709225639
1159.68883425167
1158.61801050389
1157.54461778655
1156.46865285858
1155.39011246423
1154.308993333
1153.22529217961
1152.13900570381
1151.05013059042
1149.95866350916
1148.86460111459
1147.76794004606
1146.66867692756
1145.5668083677
1144.46233095958
1143.35524128072
1142.24553589298
1141.13321134245
1140.01826415937
1138.90069085806
1137.7804879368
1136.65765187775
1135.53217914687
1134.40406619381
1133.27330945181
1132.13990533765
1131.0038502515
1129.86514057685
1128.72377268043
1127.57974291207
1126.43304760464
1125.28368307395
1124.13164561861
1122.97693151997
1121.81953704202
1120.65945843125
1119.49669191659
1118.33123370927
1117.16308000275
1115.99222697258
1114.81867077632
1113.64240755342
1112.46343342512
1111.28174449431
1110.09733684548
1108.91020654455
1107.72034963879
1106.52776215669
1105.33244010786
1104.13437948292
1102.93357625335
1101.73002637143
1100.52372577005
1099.31467036266
1098.10285604311
1096.88827868553
1095.67093414424
1094.45081825358
1093.22792682783
1092.00225566104
1090.77380052695
1089.54255717885
1088.3085213494
1087.07168875059
1085.83205507354
1084.58961598838
1083.34436714416
1082.09630416865
1080.84542266825
1079.59171822786
1078.33518641068
1077.07582275815
1075.81362278977
1074.54858200294
1073.28069587287
1072.00995985239
1070.73636937181
1069.45991983879
1068.1806066382
1066.89842513194
1065.61337065881
1064.32543853435
1063.03462405069
1061.7409224764
1060.44432905632
1059.14483901141
1057.84244753861
1056.53714981064
1055.22894097587
1053.91781615813
1052.60377045657
1051.28679894549
1049.96689667416
1048.64405866664
1047.31827992165
1045.98955541235
1044.6578800862
1043.32324886475
1041.98565664351
1040.64509829171
1039.30156865218
1037.95506254112
1036.60557474793
1035.25310003506
1033.89763313773
1032.53916876385
1031.17770159376
1029.81322628003
1028.44573744732
1027.07522969213
1025.70169758263
1024.32513565842
1022.9455384304
1021.56290038049
1020.17721596144
1018.78847959666
1017.39668567998
1016.00182857541
1014.60390261697
1013.20290210846
1011.79882132323
1010.39165450394
1008.98139586238
1007.56803957921
1006.15157980376
1004.73201065376
1003.30932621512
1001.88352054173
1000.45458765516
999.022521544479
997.587316165966
996.14896544289
994.707463265254
993.262803489544
991.814979938477
990.363986400745
988.909816630755
987.452464348369
985.991923238641
984.528186951548
983.061249101721
981.591103268175
980.117742994031
978.641161786239
977.161353115297
975.678310414969
974.192027081993
972.702496475796
971.209711918199
969.71366669312
968.214354046276
966.711767184878
965.205899277327
963.696743452908
962.184292801468
960.668540373112
959.149479177872
957.627102185394
956.101402324604
954.572372483384
953.040005508235
951.504294203938
949.965231333218
948.422809616395
946.877021731037
945.327860311608
943.77531794911
942.219387190724
940.660060539443
939.097330453706
937.531189347025
935.961629587607
934.388643497971
932.812223354565
931.232361387377
929.649049779535
928.062280666913
926.472046137727
924.878338232122
923.281148941764
921.68047020942
920.076293928534
918.468611942802
916.857416045737
915.242697980232
913.624449438116
912.002662059706
910.377327433357
908.748437094996
907.115982527664
905.47995516104
903.840346370973
902.197147478992
900.550349751825
898.899944400902
897.24592258186
895.588275394033
893.926993879942
892.262069024781
890.593491755887
888.921252942214
887.245343393793
885.565753861191
883.882475034957
882.195497545068
880.504811960361
878.810408787965
877.11227847272
875.410411396591
873.704797878076
871.995428171603
870.282292466923
868.565380888492
866.844683494845
865.12019027797
863.391891162659
861.659776005865
859.92383459604
858.184056652472
856.440431824611
854.69294969138
852.94159976049
851.186371467731
849.427254176264
847.664237175902
845.897309682375
844.126460836594
842.351679703901
840.572955273304
838.790276456711
837.00363208815
835.213010922972
833.418401637053
831.61979282598
829.817173004223
828.010530604303
826.199853975943
824.385131385206
822.566351013628
820.74350095733
818.916569226124
817.085543742603
815.250412341222
813.411162767358
811.567782676367
809.720259632621
807.868581108528
806.012734483551
804.152707043194
802.288485977991
800.420058382469
798.547411254102
796.670531492244
794.789405897049
792.904021168382
791.014363904698
789.120420601919
787.222177652288
785.319621343207
783.412737856053
781.501513264986
779.585933535727
777.665984524329
775.741651975918
773.812921523425
771.879778686289
769.94220886915
768.000197360511
766.053729331385
764.102789833925
762.147363800021
760.187436039886
758.222991240614
756.254013964714
754.280488648626
752.302399601207
750.319731002196
748.332466900655
746.340591213384
744.344087723307
742.342940077833
740.337131787196
738.326646222761
736.311466615299
734.291576053246
732.266957480918
730.237593696706
728.203467351238
726.164560945509
724.120856828978
722.072337197637
720.018984092041
717.960779395311
715.897704831096
713.829741961501
711.756872184984
709.679076734211
707.596336673872
705.508632898466
703.415946130036
701.318256915874
699.21554562618
697.107792451674
694.994977401178
692.877080299139
690.75408078312
688.625958301235
686.492692109541
684.354261269386
682.210644644697
680.06182089923
677.907768493759
675.748465683216
673.583890513776
671.41402081989
669.238834221251
667.05830811972
664.87241969617
662.681145907289
660.484463482311
658.282348919681
656.07477848366
653.861728200862
651.643173856719
649.41909099188
647.189454898532
644.954240616653
642.713422930185
640.46697636313
638.214875175568
635.95709335959
633.693604635149
631.424382445824
629.149399954497
626.868630038936
624.582045287288
622.289617993476
619.991320152493
617.687123455605
615.376999285438
613.060918710969
610.738852482403
608.410771025938
606.076644438415
603.73644248185
601.390134577842
599.03768980186
596.679076877396
594.31426416999
591.943219681115
589.565911041925
587.182305506857
584.792369947084
582.396070843819
579.993374281455
577.584245940554
575.168651090657
572.746554582928
570.317920842627
567.882713861392
565.440897189334
562.992433926947
560.537286716811
558.07541773509
555.606788682822
553.131360776989
550.649094741357
548.159950797094
545.663888653134
543.160867496307
540.650845981204
538.133782219782
535.609633770693
533.078357628338
530.539910211622
527.994247352413
525.441324283689
522.881095627362
520.313515381774
517.738536908844
515.156112920859
512.566195466905
509.968735918905
507.363684957275
504.750992556159
502.130607968249
499.502479709166
496.866555541383
494.222782457678
491.571106664104
488.91147356244
486.243827732131
483.568112911672
480.88427197943
478.192246933877
475.491978873217
472.783407974368
470.066473471297
467.341113632659
464.607265738736
461.864866057619
459.113849820634
456.354151196952
453.585703267379
450.808437997255
448.022286208468
445.227177550505
442.42304047053
439.609802182428
436.787388634778
433.955724477709
431.114733028585
428.264336236473
425.404454645334
422.535007355884
419.655911986056
416.767084630011
413.868439815622
410.959890460356
408.041347825493
405.112721468582
402.173919194066
399.224847001978
396.265409034617
393.295507521097
390.315042719674
387.323912857721
384.322014069252
381.309240329843
378.285483388841
375.250632698691
372.20457534125
369.147195950903
366.078376634329
362.997996886715
359.905933504223
356.802060492504
353.686248971034
350.558367073011
347.418279840587
344.265849115127
341.100933422216
337.923387851091
334.733063928151
331.529809484186
328.313468514921
325.083881034458
321.840882921149
318.584305755413
315.313976648956
312.029718064825
308.731347627665
305.418677923511
302.091516288369
298.749664584816
295.392918965725
292.021069624202
288.633900528703
285.23118914221
281.812706124261
278.378215014499
274.927471896286
271.460225038779
267.976214515736
264.475171799104
260.956819325291
257.420870031773
253.867026861463
250.294982231986
246.704417466696
243.095002183937
239.466393640617
235.818236025783
232.150159699299
228.461780370227
224.752698208795
221.022496885119
217.270742526954
213.496982587777
209.700744615343
205.881534909521
202.038837056692
198.172110326179
194.280787912072
190.364275001371
186.421946646448
182.453145416401
178.457178797826
174.433316310642
170.380786298853
166.298772349088
162.186409281364
158.042778646209
153.866903649781
149.65774341313
145.414186452721
141.135043245493
136.819037711917
132.464797412771
128.070842207231
123.635571058039
119.157246589159
114.633976896066
110.063693969078
105.444127902806
100.772775809937
96.0468640062525
91.2633015416103
86.4186224502217
81.5089130747155
76.529719306454
71.4759262862451
66.3415995198063
61.119770578822
55.8021409012416
50.3786603917396
44.8369067706096
39.1611319209403
33.3307167953507
27.3174907564612
21.0806320491042
14.5556023912607
7.6246189861594
0
