1
27
378
3627
26676
159705
807885
3541590
13701285
47419905
148381740
423307755
1108476720
2679183405
6004613565
12527099730
24406858710
44531313840
76265209410
122844499830
186415176870
266879225340
360881425710
461366154990
558069593445
639062383401
693085098852
712070156203
693085098852
639062383401
558069593445
461366154990
360881425710
266879225340
186415176870
122844499830
76265209410
44531313840
24406858710
12527099730
6004613565
2679183405
1108476720
423307755
148381740
47419905
13701285
3541590
807885
159705
26676
3627
378
27
1
