1
27
378
3654
27405
169911
906192
4272048
18156204
70607460
254186856
854992125
2707474419
8122415238
23206831182
63431534961
166505134005
421147181574
1029415351668
2437871959512
5606326605726
12544896542310
27362572493895
58270254997905
121329354681990
247332680650926
494205871145067
968974009979563
1.86603455828903e+15
3.53280151930068e+15
6.58061897815714e+15
1.20694914563551e+16
2.18115529585734e+16
3.88630483745166e+16
6.8311846193531e+16
1.18522641627477e+17
2.03082675361619e+17
3.43807439553004e+17
5.75332615296242e+17
9.52054291859e+17
1.55850932046568e+18
2.52474400902889e+18
4.04884420098408e+18
6.42964643702206e+18
1.01137853505639e+19
1.57627397067978e+19
2.43475200540155e+19
3.72812171586427e+19
5.660294753105e+19
8.52309602220995e+19
1.27308002726573e+20
1.88668703058939e+20
2.77466952230634e+20
4.05011327038429e+20
5.86868748998057e+20
8.44311103933709e+20
1.20619670724426e+21
1.71139851932886e+21
2.41191406596661e+21
3.37681818810691e+21
4.69724900656677e+21
6.49264965749065e+21
8.91852305655684e+21
1.21759935667772e+22
1.6523507074982e+22
2.22910383966796e+22
2.98972105322143e+22
3.98697620954598e+22
5.28698248188907e+22
6.97204895745746e+22
9.14401436053519e+22
1.19281050040188e+23
1.54773609390968e+23
1.99776687531925e+23
2.56534311545006e+23
3.27738919811969e+23
4.16601202239967e+23
5.26926377520706e+23
6.63196524727813e+23
8.30658315421173e+23
1.03541518031322e+24
1.28452259382208e+24
1.58608477493625e+24
1.94935069051905e+24
2.38480681677805e+24
2.90426367801902e+24
3.5209327535197e+24
4.24948994041411e+24
5.10612140212734e+24
6.10854733922191e+24
7.27601901484073e+24
8.62928427311914e+24
1.01905168285e+25
1.19832047979847e+25
1.40319943156926e+25
1.63624846247594e+25
1.90009717958472e+25
2.19741391786605e+25
2.53086938501486e+25
2.90309496698964e+25
3.31663590703596e+25
3.77389973689387e+25
4.27710051532641e+25
4.82819961147272e+25
5.42884395346024e+25
6.08030284018154e+25
6.78340457962277e+25
7.53847436379989e+25
8.34527491133071e+25
9.20295149727079e+25
1.01099830398858e+26
1.10641409201216e+26
1.20624571673365e+26
1.31012035513822e+26
1.41758829749354e+26
1.52812343614262e+26
1.64112519851902e+26
1.75592198957625e+26
1.87177617536097e+26
1.9878906027994e+26
2.10341661186316e+26
2.21746345623207e+26
2.32910900857589e+26
2.43741158790255e+26
2.54142271035377e+26
2.64020053263041e+26
2.73282373008618e+26
2.81840553049881e+26
2.89610761050798e+26
2.96515355538208e+26
3.02484158458599e+26
3.07455625574756e+26
3.11377887796018e+26
3.14209639152983e+26
3.1592085046191e+26
3.16493291684554e+26
3.1592085046191e+26
3.14209639152983e+26
3.11377887796018e+26
3.07455625574756e+26
3.02484158458599e+26
2.96515355538208e+26
2.89610761050798e+26
2.81840553049881e+26
2.73282373008618e+26
2.64020053263041e+26
2.54142271035377e+26
2.43741158790255e+26
2.32910900857589e+26
2.21746345623207e+26
2.10341661186316e+26
1.9878906027994e+26
1.87177617536097e+26
1.75592198957625e+26
1.64112519851902e+26
1.52812343614262e+26
1.41758829749354e+26
1.31012035513822e+26
1.20624571673365e+26
1.10641409201216e+26
1.01099830398858e+26
9.20295149727079e+25
8.34527491133071e+25
7.53847436379989e+25
6.78340457962277e+25
6.08030284018154e+25
5.42884395346024e+25
4.82819961147272e+25
4.27710051532641e+25
3.77389973689387e+25
3.31663590703596e+25
2.90309496698964e+25
2.53086938501486e+25
2.19741391786605e+25
1.90009717958472e+25
1.63624846247594e+25
1.40319943156926e+25
1.19832047979847e+25
1.01905168285e+25
8.62928427311914e+24
7.27601901484073e+24
6.10854733922191e+24
5.10612140212734e+24
4.24948994041411e+24
3.5209327535197e+24
2.90426367801902e+24
2.38480681677805e+24
1.94935069051905e+24
1.58608477493625e+24
1.28452259382208e+24
1.03541518031322e+24
8.30658315421173e+23
6.63196524727813e+23
5.26926377520706e+23
4.16601202239967e+23
3.27738919811969e+23
2.56534311545006e+23
1.99776687531925e+23
1.54773609390968e+23
1.19281050040188e+23
9.14401436053519e+22
6.97204895745746e+22
5.28698248188907e+22
3.98697620954598e+22
2.98972105322143e+22
2.22910383966796e+22
1.6523507074982e+22
1.21759935667772e+22
8.91852305655684e+21
6.49264965749065e+21
4.69724900656677e+21
3.37681818810691e+21
2.41191406596661e+21
1.71139851932886e+21
1.20619670724426e+21
8.44311103933709e+20
5.86868748998057e+20
4.05011327038429e+20
2.77466952230634e+20
1.88668703058939e+20
1.27308002726573e+20
8.52309602220995e+19
5.660294753105e+19
3.72812171586427e+19
2.43475200540155e+19
1.57627397067978e+19
1.01137853505639e+19
6.42964643702206e+18
4.04884420098408e+18
2.52474400902889e+18
1.55850932046568e+18
9.52054291859e+17
5.75332615296242e+17
3.43807439553004e+17
2.03082675361619e+17
1.18522641627477e+17
6.8311846193531e+16
3.88630483745166e+16
2.18115529585734e+16
1.20694914563551e+16
6.58061897815714e+15
3.53280151930068e+15
1.86603455828903e+15
968974009979563
494205871145067
247332680650926
121329354681990
58270254997905
27362572493895
12544896542310
5606326605726
2437871959512
1029415351668
421147181574
166505134005
63431534961
23206831182
8122415238
2707474419
854992125
254186856
70607460
18156204
4272048
906192
169911
27405
3654
378
27
1
