1
54
1485
27720
395010
4582116
45057474
386206920
2944827765
20286591270
127805524947
743595778908
4027810404690
20448882503280
97862494955940
443643159731112
1.91320976029709e+15
7.87791170588796e+15
3.10739083034883e+16
1.17753264910466e+17
4.29796513911993e+17
1.51450521441668e+18
5.16300534569784e+18
1.70599799519169e+19
5.47323605394449e+19
1.70757496020619e+20
5.1880956229395e+20
1.53709422386227e+21
4.44614665333211e+21
1.25702489210793e+22
3.47720719012355e+22
9.42022031184832e+22
2.50163033538335e+23
6.5174534876188e+23
1.66710300632244e+24
4.18978316561409e+24
1.03528542452861e+25
2.51677568956099e+25
6.02288151753354e+25
1.41965741899985e+26
3.29770621094648e+26
7.55276720153574e+26
1.70635875228502e+27
3.80450184522712e+27
8.37473557974593e+27
1.82080394861183e+28
3.91145144085604e+28
8.30521456074028e+28
1.74361086749496e+29
3.62054867774596e+29
7.43804495137308e+29
1.51227180603787e+30
3.04374752145783e+30
6.06611364421635e+30
1.19741793592784e+31
2.34163640796851e+31
4.53766224996648e+31
8.71525290090955e+31
1.65941464780181e+32
3.13288902903377e+32
5.86589996711363e+32
1.08944356511185e+33
2.00739515214545e+33
3.67023217029287e+33
6.65975531193129e+33
1.19948774724993e+34
2.14472816190291e+34
3.8075986126074e+34
6.71264554437618e+34
1.17532732590845e+35
2.04410532454175e+35
3.53168308383496e+35
6.06243294172e+35
1.03406972417742e+36
1.7528286439201e+36
2.95299888485294e+36
4.94500905361226e+36
8.23180641314226e+36
1.36235486069103e+37
2.24178399675616e+37
3.66813864365327e+37
5.96877114489439e+37
9.65937077062692e+37
1.55479739887337e+38
2.48940202530758e+38
3.96503163165683e+38
6.28292302567772e+38
9.90540801174532e+38
1.55385207195672e+39
2.42551435757785e+39
3.76776862488472e+39
5.82477654199523e+39
8.96224134344195e+39
1.37253425045951e+40
2.09230526701708e+40
3.17502822880237e+40
4.79640117081167e+40
7.21361205599232e+40
1.08014682119312e+41
1.61037957894006e+41
2.39062408765433e+41
3.53389333247278e+41
5.20206365348571e+41
7.62602795962516e+41
1.1133751642262e+42
1.6189165426312e+42
2.34458556089221e+42
3.38208741028853e+42
4.85957902275489e+42
6.95544732951677e+42
9.91701949599477e+42
1.40858681966761e+43
1.99318996225811e+43
2.80990899097937e+43
3.94666080191804e+43
5.52301805557578e+43
7.70099791658477e+43
1.06993120706651e+44
1.48121157894124e+44
2.04335817053521e+44
2.80899846751743e+44
3.84814340569614e+44
5.25359484712879e+44
7.14792588429513e+44
9.69245755421016e+44
1.30987596729503e+45
1.76433304734665e+45
2.36862638389643e+45
3.1694899093335e+45
4.2273672141411e+45
5.62016545700562e+45
7.44795862062217e+45
9.83885844328051e+45
1.29563158910568e+46
1.7008168260988e+46
2.2257807926672e+46
2.90379194171544e+46
3.77673130639044e+46
4.89714769882548e+46
6.33075758580886e+46
8.15947457049084e+46
1.04850670167459e+47
1.34335575690965e+47
1.71604952144687e+47
2.18572491445037e+47
2.7758494016333e+47
3.51510782398864e+47
4.43844905517166e+47
5.58831652155234e+47
7.0160892488709e+47
8.78376281952484e+47
1.09659023930721e+48
1.36519027066281e+48
1.69485926661955e+48
2.09832246859506e+48
2.59068912372555e+48
3.18984130249476e+48
3.91687446924374e+48
4.79659448313859e+48
5.85807571838363e+48
7.13528491088246e+48
8.6677751464247e+48
1.05014540841485e+49
1.26894300392373e+49
1.52929389111044e+49
1.83823541185453e+49
2.20382806732325e+49
2.63527332707429e+49
3.14303967896217e+49
3.73899658524337e+49
4.43655581109932e+49
5.25081936685099e+49
6.19873305476432e+49
7.29924433655433e+49
8.57346294027398e+49
1.00448223078547e+50
1.1739239650711e+50
1.3685272035075e+50
1.59142655666578e+50
1.84604943924541e+50
2.13612858936512e+50
2.46571281163191e+50
2.83917551853834e+50
3.26122061826833e+50
3.7368852752702e+50
4.27153905413058e+50
4.87087894852478e+50
5.54091979649608e+50
6.28797959216148e+50
7.11865922321982e+50
8.03981619431218e+50
9.05853193917301e+50
1.0182072380252e+51
1.14178414635019e+51
1.27733274784746e+51
1.42560420696254e+51
1.58734519533279e+51
1.76329034757679e+51
1.95415402784305e+51
2.16062144787862e+51
2.38333919220996e+51
2.62290522137231e+51
2.87985843971668e+51
3.1546679298688e+51
3.44772197108659e+51
3.75931697321816e+51
4.08964647133555e+51
4.43879033804305e+51
4.80670438056061e+51
5.1932104976032e+51
5.59798757647341e+51
6.02056331334511e+51
6.46030713916662e+51
6.91642442972805e+51
7.38795217105217e+51
7.87375624028055e+51
8.3725304476097e+51
8.88279746663704e+51
9.40291175883728e+51
9.93106457302708e+51
1.04652910728921e+52
1.10034796153328e+52
1.1543383169999e+52
1.20826328364587e+52
1.26187533805885e+52
1.3149180676616e+52
1.36712809064883e+52
1.41823713345708e+52
1.4679742443834e+52
1.51606811903402e+52
1.56224951066915e+52
1.60625369627641e+52
1.64782296741004e+52
1.68670911352576e+52
1.72267586476138e+52
1.75550126089059e+52
1.78497991353105e+52
1.81092512962292e+52
1.83317086570602e+52
1.85157348459203e+52
1.86601328862405e+52
1.87639580679403e+52
1.88265281649766e+52
1.88474308458045e+52
1.88265281649766e+52
1.87639580679403e+52
1.86601328862405e+52
1.85157348459203e+52
1.83317086570602e+52
1.81092512962292e+52
1.78497991353105e+52
1.75550126089059e+52
1.72267586476138e+52
1.68670911352576e+52
1.64782296741004e+52
1.60625369627641e+52
1.56224951066915e+52
1.51606811903402e+52
1.4679742443834e+52
1.41823713345708e+52
1.36712809064883e+52
1.3149180676616e+52
1.26187533805885e+52
1.20826328364587e+52
1.1543383169999e+52
1.10034796153328e+52
1.04652910728921e+52
9.93106457302708e+51
9.40291175883728e+51
8.88279746663704e+51
8.3725304476097e+51
7.87375624028055e+51
7.38795217105217e+51
6.91642442972805e+51
6.46030713916662e+51
6.02056331334511e+51
5.59798757647341e+51
5.1932104976032e+51
4.80670438056061e+51
4.43879033804305e+51
4.08964647133555e+51
3.75931697321816e+51
3.44772197108659e+51
3.1546679298688e+51
2.87985843971668e+51
2.62290522137231e+51
2.38333919220996e+51
2.16062144787862e+51
1.95415402784305e+51
1.76329034757679e+51
1.58734519533279e+51
1.42560420696254e+51
1.27733274784746e+51
1.14178414635019e+51
1.0182072380252e+51
9.05853193917301e+50
8.03981619431218e+50
7.11865922321982e+50
6.28797959216148e+50
5.54091979649608e+50
4.87087894852478e+50
4.27153905413058e+50
3.7368852752702e+50
3.26122061826833e+50
2.83917551853834e+50
2.46571281163191e+50
2.13612858936512e+50
1.84604943924541e+50
1.59142655666578e+50
1.3685272035075e+50
1.1739239650711e+50
1.00448223078547e+50
8.57346294027398e+49
7.29924433655433e+49
6.19873305476432e+49
5.25081936685099e+49
4.43655581109932e+49
3.73899658524337e+49
3.14303967896217e+49
2.63527332707429e+49
2.20382806732325e+49
1.83823541185453e+49
1.52929389111044e+49
1.26894300392373e+49
1.05014540841485e+49
8.6677751464247e+48
7.13528491088246e+48
5.85807571838363e+48
4.79659448313859e+48
3.91687446924374e+48
3.18984130249476e+48
2.59068912372555e+48
2.09832246859506e+48
1.69485926661955e+48
1.36519027066281e+48
1.09659023930721e+48
8.78376281952484e+47
7.0160892488709e+47
5.58831652155234e+47
4.43844905517166e+47
3.51510782398864e+47
2.7758494016333e+47
2.18572491445037e+47
1.71604952144687e+47
1.34335575690965e+47
1.04850670167459e+47
8.15947457049084e+46
6.33075758580886e+46
4.89714769882548e+46
3.77673130639044e+46
2.90379194171544e+46
2.2257807926672e+46
1.7008168260988e+46
1.29563158910568e+46
9.83885844328051e+45
7.44795862062217e+45
5.62016545700562e+45
4.2273672141411e+45
3.1694899093335e+45
2.36862638389643e+45
1.76433304734665e+45
1.30987596729503e+45
9.69245755421016e+44
7.14792588429513e+44
5.25359484712879e+44
3.84814340569614e+44
2.80899846751743e+44
2.04335817053521e+44
1.48121157894124e+44
1.06993120706651e+44
7.70099791658477e+43
5.52301805557578e+43
3.94666080191804e+43
2.80990899097937e+43
1.99318996225811e+43
1.40858681966761e+43
9.91701949599477e+42
6.95544732951677e+42
4.85957902275489e+42
3.38208741028853e+42
2.34458556089221e+42
1.6189165426312e+42
1.1133751642262e+42
7.62602795962516e+41
5.20206365348571e+41
3.53389333247278e+41
2.39062408765433e+41
1.61037957894006e+41
1.08014682119312e+41
7.21361205599232e+40
4.79640117081167e+40
3.17502822880237e+40
2.09230526701708e+40
1.37253425045951e+40
8.96224134344195e+39
5.82477654199523e+39
3.76776862488472e+39
2.42551435757785e+39
1.55385207195672e+39
9.90540801174532e+38
6.28292302567772e+38
3.96503163165683e+38
2.48940202530758e+38
1.55479739887337e+38
9.65937077062692e+37
5.96877114489439e+37
3.66813864365327e+37
2.24178399675616e+37
1.36235486069103e+37
8.23180641314226e+36
4.94500905361226e+36
2.95299888485294e+36
1.7528286439201e+36
1.03406972417742e+36
6.06243294172e+35
3.53168308383496e+35
2.04410532454175e+35
1.17532732590845e+35
6.71264554437618e+34
3.8075986126074e+34
2.14472816190291e+34
1.19948774724993e+34
6.65975531193129e+33
3.67023217029287e+33
2.00739515214545e+33
1.08944356511185e+33
5.86589996711363e+32
3.13288902903377e+32
1.65941464780181e+32
8.71525290090955e+31
4.53766224996648e+31
2.34163640796851e+31
1.19741793592784e+31
6.06611364421635e+30
3.04374752145783e+30
1.51227180603787e+30
7.43804495137308e+29
3.62054867774596e+29
1.74361086749496e+29
8.30521456074028e+28
3.91145144085604e+28
1.82080394861183e+28
8.37473557974593e+27
3.80450184522712e+27
1.70635875228502e+27
7.55276720153574e+26
3.29770621094648e+26
1.41965741899985e+26
6.02288151753354e+25
2.51677568956099e+25
1.03528542452861e+25
4.18978316561409e+24
1.66710300632244e+24
6.5174534876188e+23
2.50163033538335e+23
9.42022031184832e+22
3.47720719012355e+22
1.25702489210793e+22
4.44614665333211e+21
1.53709422386227e+21
5.1880956229395e+20
1.70757496020619e+20
5.47323605394449e+19
1.70599799519169e+19
5.16300534569784e+18
1.51450521441668e+18
4.29796513911993e+17
1.17753264910466e+17
3.10739083034883e+16
7.87791170588796e+15
1.91320976029709e+15
443643159731112
97862494955940
20448882503280
4027810404690
743595778908
127805524947
20286591270
2944827765
386206920
45057474
4582116
395010
27720
1485
54
1
