1
64
2080
45760
766480
10424128
119877472
1198774720
10639125576
85113001024
621324804256
4179819377344
26123840357680
152723609420608
839975848948192
4.3678375881712e+15
2.15658960003679e+16
1.01484326435598e+17
4.56664216713287e+17
1.97077072743399e+18
8.17813675189549e+18
3.27094603844056e+19
1.26361466339627e+20
4.72403471280219e+20
1.71209569127661e+21
6.02494010231312e+21
2.0616839104904e+22
6.86940850031824e+22
2.23142269737491e+23
7.07466507356214e+23
2.19154783350685e+24
6.63962325925319e+24
1.96915462002189e+25
5.72175823625542e+25
1.6301865455959e+26
4.55748909191872e+26
1.25111281558969e+27
3.3746836483569e+27
8.94955660249681e+27
2.33481328631123e+28
5.99543616405893e+28
1.51610684680217e+29
3.77736768362471e+29
9.27678952086631e+29
2.24668960164875e+30
5.36788801611375e+30
1.26574934544846e+31
2.94670198160866e+31
6.77518776506723e+31
1.53903327427353e+32
3.45504905336507e+32
7.66781155054673e+32
1.68277100140982e+33
3.65287349168076e+33
7.84539010087692e+33
1.66753123646854e+34
3.50846709841769e+34
7.3087789974783e+34
1.50782874971151e+35
3.08127721802105e+35
6.23834120659452e+35
1.25155966140408e+36
2.48862345223423e+36
4.90534953858091e+36
9.58647154984863e+36
1.85779477687369e+37
3.57072297395499e+37
6.80770646179683e+37
1.28764472444071e+38
2.41659486871593e+38
4.50074068419713e+38
8.3194411095748e+38
1.52647604579557e+39
2.78051513220157e+39
5.02865544112435e+39
9.03067091840897e+39
1.61056472830674e+40
2.85281294347282e+40
5.01938776612756e+40
8.77312819345764e+40
1.52344584829067e+41
2.62850976118127e+41
4.50652849127945e+41
7.67826866461636e+41
1.30020151675011e+42
2.1883692819319e+42
3.66124204794353e+42
6.08931490630494e+42
1.00687106049971e+43
1.6553011780559e+43
2.70588487281762e+43
4.39846584748123e+43
7.11020937031017e+43
1.14309314907484e+44
1.82779269972258e+44
2.90700373071503e+44
4.59900715656523e+44
7.23782745769755e+44
1.13319101158021e+45
1.7651158636645e+45
2.73553529497519e+45
4.2182626810693e+45
6.47246484627635e+45
9.88263078137124e+45
1.50163257160589e+46
2.27072184068051e+46
3.41738356200098e+46
5.11885612874889e+46
7.63169340282382e+46
1.13254797922834e+47
1.67300969127345e+47
2.46016625904404e+47
3.60140680899033e+47
5.24854318521986e+47
7.61519412545628e+47
1.10005686864115e+48
1.58218480636544e+48
2.26580631754255e+48
3.23092652865974e+48
4.58759402347437e+48
6.48650864054984e+48
9.13312384754524e+48
1.28063064123572e+49
1.78829097531556e+49
2.48699828852974e+49
3.44467891417595e+49
4.75193649730729e+49
6.52910287253239e+49
8.93530744778469e+49
1.21800881468657e+50
1.65381862467529e+50
2.23683094008791e+50
3.01368148802988e+50
4.04474618213241e+50
5.4078610299396e+50
7.20295095221362e+50
9.55776202723432e+50
1.26349260419782e+51
1.66406248673672e+51
2.18351651631758e+51
2.85458212191514e+51
3.71823551481996e+51
4.82556787565877e+51
6.24001795683466e+51
8.04002937253508e+51
1.03221969528471e+52
1.320497255487e+52
1.68330064409839e+52
2.13822054948466e+52
2.70655938420077e+52
3.41400645160241e+52
4.29141122537004e+52
5.37566368571529e+52
6.7106903324842e+52
8.34857385916944e+52
1.03508034668394e+53
1.27896613660193e+53
1.57497491013043e+53
1.93296548847102e+53
2.36437600919786e+53
2.88241794224289e+53
3.50228249207079e+53
4.24135790966632e+53
5.11945567655218e+53
6.15904289954543e+53
7.3854775750777e+53
8.82724265434944e+53
1.05161740773061e+54
1.24876771598e+54
1.47809249332704e+54
1.74390312723124e+54
2.05091909284735e+54
2.40427779474816e+54
2.8095393413437e+54
3.27268530708428e+54
3.80011051583801e+54
4.39860687818447e+54
5.0753383391384e+54
5.83780604414334e+54
6.69380291280462e+54
7.65135692397702e+54
8.71866256400757e+54
9.90400007284003e+54
1.12156423400127e+55
1.26617495529182e+55
1.42502519804244e+55
1.59887215821952e+55
1.78842334625859e+55
1.99432185313465e+55
2.21713090838024e+55
2.45731793618674e+55
2.71523834943748e+55
2.99111935302698e+55
3.28504405602107e+55
3.59693621599491e+55
3.92654595715979e+55
4.27343681562374e+55
4.63697446939271e+55
5.0163175067164e+55
5.41041057349973e+55
5.81798021833615e+55
6.23753372211407e+55
6.66736115821395e+55
7.1055408794481e+55
7.54994856978906e+55
7.99826993357047e+55
8.44801702349067e+55
8.89654813292833e+55
9.3410910995391e+55
9.77876978777285e+55
1.02066334398945e+56
1.06216885104372e+56
1.10209325299056e+56
1.14013894820486e+56
1.17601461270885e+56
1.20943886626614e+56
1.24014390863813e+56
1.26787906100506e+56
1.29241414763935e+56
1.31354265451884e+56
1.33108460467739e+56
1.3448890946647e+56
1.35483644243399e+56
1.36083990416568e+56
1.36284692579766e+56
1.36083990416568e+56
1.35483644243399e+56
1.3448890946647e+56
1.33108460467739e+56
1.31354265451884e+56
1.29241414763935e+56
1.26787906100506e+56
1.24014390863813e+56
1.20943886626614e+56
1.17601461270885e+56
1.14013894820486e+56
1.10209325299056e+56
1.06216885104372e+56
1.02066334398945e+56
9.77876978777285e+55
9.3410910995391e+55
8.89654813292833e+55
8.44801702349067e+55
7.99826993357047e+55
7.54994856978906e+55
7.1055408794481e+55
6.66736115821395e+55
6.23753372211407e+55
5.81798021833615e+55
5.41041057349973e+55
5.0163175067164e+55
4.63697446939271e+55
4.27343681562374e+55
3.92654595715979e+55
3.59693621599491e+55
3.28504405602107e+55
2.99111935302698e+55
2.71523834943748e+55
2.45731793618674e+55
2.21713090838024e+55
1.99432185313465e+55
1.78842334625859e+55
1.59887215821952e+55
1.42502519804244e+55
1.26617495529182e+55
1.12156423400127e+55
9.90400007284003e+54
8.71866256400757e+54
7.65135692397702e+54
6.69380291280462e+54
5.83780604414334e+54
5.0753383391384e+54
4.39860687818447e+54
3.80011051583801e+54
3.27268530708428e+54
2.8095393413437e+54
2.40427779474816e+54
2.05091909284735e+54
1.74390312723124e+54
1.47809249332704e+54
1.24876771598e+54
1.05161740773061e+54
8.82724265434944e+53
7.3854775750777e+53
6.15904289954543e+53
5.11945567655218e+53
4.24135790966632e+53
3.50228249207079e+53
2.88241794224289e+53
2.36437600919786e+53
1.93296548847102e+53
1.57497491013043e+53
1.27896613660193e+53
1.03508034668394e+53
8.34857385916944e+52
6.7106903324842e+52
5.37566368571529e+52
4.29141122537004e+52
3.41400645160241e+52
2.70655938420077e+52
2.13822054948466e+52
1.68330064409839e+52
1.320497255487e+52
1.03221969528471e+52
8.04002937253508e+51
6.24001795683466e+51
4.82556787565877e+51
3.71823551481996e+51
2.85458212191514e+51
2.18351651631758e+51
1.66406248673672e+51
1.26349260419782e+51
9.55776202723432e+50
7.20295095221362e+50
5.4078610299396e+50
4.04474618213241e+50
3.01368148802988e+50
2.23683094008791e+50
1.65381862467529e+50
1.21800881468657e+50
8.93530744778469e+49
6.52910287253239e+49
4.75193649730729e+49
3.44467891417595e+49
2.48699828852974e+49
1.78829097531556e+49
1.28063064123572e+49
9.13312384754524e+48
6.48650864054984e+48
4.58759402347437e+48
3.23092652865974e+48
2.26580631754255e+48
1.58218480636544e+48
1.10005686864115e+48
7.61519412545628e+47
5.24854318521986e+47
3.60140680899033e+47
2.46016625904404e+47
1.67300969127345e+47
1.13254797922834e+47
7.63169340282382e+46
5.11885612874889e+46
3.41738356200098e+46
2.27072184068051e+46
1.50163257160589e+46
9.88263078137124e+45
6.47246484627635e+45
4.2182626810693e+45
2.73553529497519e+45
1.7651158636645e+45
1.13319101158021e+45
7.23782745769755e+44
4.59900715656523e+44
2.90700373071503e+44
1.82779269972258e+44
1.14309314907484e+44
7.11020937031017e+43
4.39846584748123e+43
2.70588487281762e+43
1.6553011780559e+43
1.00687106049971e+43
6.08931490630494e+42
3.66124204794353e+42
2.1883692819319e+42
1.30020151675011e+42
7.67826866461636e+41
4.50652849127945e+41
2.62850976118127e+41
1.52344584829067e+41
8.77312819345764e+40
5.01938776612756e+40
2.85281294347282e+40
1.61056472830674e+40
9.03067091840897e+39
5.02865544112435e+39
2.78051513220157e+39
1.52647604579557e+39
8.3194411095748e+38
4.50074068419713e+38
2.41659486871593e+38
1.28764472444071e+38
6.80770646179683e+37
3.57072297395499e+37
1.85779477687369e+37
9.58647154984863e+36
4.90534953858091e+36
2.48862345223423e+36
1.25155966140408e+36
6.23834120659452e+35
3.08127721802105e+35
1.50782874971151e+35
7.3087789974783e+34
3.50846709841769e+34
1.66753123646854e+34
7.84539010087692e+33
3.65287349168076e+33
1.68277100140982e+33
7.66781155054673e+32
3.45504905336507e+32
1.53903327427353e+32
6.77518776506723e+31
2.94670198160866e+31
1.26574934544846e+31
5.36788801611375e+30
2.24668960164875e+30
9.27678952086631e+29
3.77736768362471e+29
1.51610684680217e+29
5.99543616405893e+28
2.33481328631123e+28
8.94955660249681e+27
3.3746836483569e+27
1.25111281558969e+27
4.55748909191872e+26
1.6301865455959e+26
5.72175823625542e+25
1.96915462002189e+25
6.63962325925319e+24
2.19154783350685e+24
7.07466507356214e+23
2.23142269737491e+23
6.86940850031824e+22
2.0616839104904e+22
6.02494010231312e+21
1.71209569127661e+21
4.72403471280219e+20
1.26361466339627e+20
3.27094603844056e+19
8.17813675189549e+18
1.97077072743399e+18
4.56664216713287e+17
1.01484326435598e+17
2.15658960003679e+16
4.3678375881712e+15
839975848948192
152723609420608
26123840357680
4179819377344
621324804256
85113001024
10639125576
1198774720
119877472
10424128
766480
45760
2080
64
1
