1
32
528
5952
51336
360096
2133792
10960608
49721892
202008896
743063056
2496170592
7712082288
22041437472
58558256496
145210795200
337281021450
735989724000
1512740827200
2935257295200
5387221144440
9368249143680
15458566860720
24235668773280
36140867796240
51311574482976
69415989739632
89542494195328
110197145752952
129443478215136
145180922725056
155512373644512
159114492071763
155512373644512
145180922725056
129443478215136
110197145752952
89542494195328
69415989739632
51311574482976
36140867796240
24235668773280
15458566860720
9368249143680
5387221144440
2935257295200
1512740827200
735989724000
337281021450
145210795200
58558256496
22041437472
7712082288
2496170592
743063056
202008896
49721892
10960608
2133792
360096
51336
5952
528
32
1
