1
16
136
816
3876
15504
54248
170288
488138
1294448
3206744
7478096
16515756
34715376
69730056
134295376
248705155
443964640
765527680
1277349280
2065764520
3242465760
4945637280
7338180000
10601984720
14927448416
20497907216
27469371936
35946832656
45959326176
57436767936
70192052640
83911957245
98159826480
112391870280
125987255952
138290250132
148660756272
156528036792
161441509392
163112472594
161441509392
156528036792
148660756272
138290250132
125987255952
112391870280
98159826480
83911957245
70192052640
57436767936
45959326176
35946832656
27469371936
20497907216
14927448416
10601984720
7338180000
4945637280
3242465760
2065764520
1277349280
765527680
443964640
248705155
134295376
69730056
34715376
16515756
7478096
3206744
1294448
488138
170288
54248
15504
3876
816
136
16
1
