1
16
136
816
3876
15504
54264
170528
490058
1305328
3255704
7664144
17135796
36573936
74830176
147274416
279636451
513520480
914004880
1579686240
2655380280
4347427120
6941148160
10819467760
16481071380
24555780576
35814175536
51168008416
71657764116
98423976576
132659709304
175543015904
228150186773
291353039088
365706190808
451332855296
547819820116
654133538208
768569317128
888744210688
1011641336334
1133709107664
1251013645456
1359436960016
1454908056416
1533649614928
1592419989648
1628729428752
1641010879207
1628729428752
1592419989648
1533649614928
1454908056416
1359436960016
1251013645456
1133709107664
1011641336334
888744210688
768569317128
654133538208
547819820116
451332855296
365706190808
291353039088
228150186773
175543015904
132659709304
98423976576
71657764116
51168008416
35814175536
24555780576
16481071380
10819467760
6941148160
4347427120
2655380280
1579686240
914004880
513520480
279636451
147274416
74830176
36573936
17135796
7664144
3255704
1305328
490058
170528
54264
15504
3876
816
136
16
1
