1
512
130816
22238720
2829877120
287515515392
24295061050624
1.75618584165939e+15
1.10859231254749e+17
6.20811695026595e+18
3.12268282598377e+20
1.42507888967623e+22
5.94970436439826e+23
2.28834783246087e+25
8.15632548855696e+26
2.70790006220091e+28
8.41141456821158e+29
2.45415389754879e+31
6.74892321825917e+32
1.75472003674739e+34
4.3253848905823e+35
1.01337588865071e+37
2.26167073330682e+38
4.81834199704495e+39
9.81737181897909e+40
1.91635097906472e+42
3.58947279540199e+43
6.46105103172359e+44
1.11914633942355e+46
1.86781664924482e+47
3.00718480528416e+48
4.67568734240957e+49
7.02814253655938e+50
1.022275278045e+52
1.44020546524575e+53
1.96690917824991e+54
2.60615466118113e+55
3.3527827533033e+56
4.19097844162912e+57
5.09365072136462e+58
6.02324197801367e+59
6.93407369176207e+60
7.77606835433318e+61
8.49942355008511e+62
9.05961282952254e+63
9.42199734270344e+64
9.56537556313588e+65
9.48396811153472e+66
9.18759410804926e+67
8.70008911456094e+68
8.05628252008343e+69
7.29804416525204e+70
6.46999684650229e+71
5.6154689611152e+72
4.77314861694792e+73
3.97473103011299e+74
3.2436644299315e+75
2.5949315439452e+76
2.03567905602597e+77
1.56643778209456e+78
1.18266052548139e+79
8.76332061504247e+79
6.37460902803896e+80
4.55329216288497e+81
3.19441903302399e+82
2.20169188737653e+83
1.49114586917774e+84
9.92613518885482e+84
6.49577964564764e+85
4.17989298937326e+86
2.64527513470337e+87
1.6467769148435e+88
1.00865086034165e+89
6.07953943219622e+89
3.60664569018127e+90
2.10628108306586e+91
1.21111162276287e+92
6.85772295486509e+92
3.82449934021322e+93
2.10105406791461e+94
1.13719551425878e+95
6.0650427427135e+95
3.18784563671892e+96
1.65153448649294e+97
8.43462255601749e+97
4.24708053408881e+98
2.10872486983247e+99
1.03254803971107e+100
4.98673769178642e+100
2.37570424867128e+101
1.1165809968755e+102
5.17799099649958e+102
2.36949370600687e+103
1.07009393174504e+104
4.76988678086353e+104
2.09875018357995e+105
9.11644610992542e+105
3.90973358941131e+106
1.65565248939357e+107
6.92363768291855e+107
2.85946236304536e+108
1.16643415205415e+109
4.70004349504171e+109
1.87089109996806e+110
7.35763903737439e+110
2.85896831166548e+111
1.09773594608288e+112
4.16524106644531e+112
1.56196539991699e+113
5.78930295015105e+113
2.12099008082807e+114
7.68142353597191e+114
2.7502239624328e+115
9.73530606170903e+115
3.40735712159816e+116
1.17924185599658e+117
4.03585359336761e+117
1.36598121621673e+118
4.57256424072549e+118
1.51394143768558e+119
4.95815820842028e+119
1.6062793534717e+120
5.1479936656347e+120
1.63229067446954e+121
5.1206538094246e+121
1.5894509424454e+122
4.88188503751086e+122
1.48378553108598e+123
4.46294866771954e+123
1.32850564992582e+124
3.91398203016606e+124
1.14132911108659e+125
3.29429084336357e+125
9.41225955246735e+125
2.66212415700382e+126
7.45394763961071e+126
2.06627813245091e+127
5.67095312263899e+127
1.54101987028233e+128
4.1463412337093e+128
1.10470377155255e+129
2.91453761005354e+129
7.61474262908354e+129
1.9702480928398e+130
5.04876073790198e+130
1.28134065623995e+131
3.22090425232919e+131
8.01939426090125e+131
1.97775601704659e+132
4.83156503493261e+132
1.16923873845369e+133
2.80307565112739e+133
6.65730467142756e+133
1.56642462857119e+134
3.65160027050037e+134
8.43401868928473e+134
1.93009273850939e+135
4.37651601853085e+135
9.83331130745855e+135
2.18930327222662e+136
4.83015034434998e+136
1.05603287031751e+137
2.28807121902128e+137
4.91303635986163e+137
1.04551810340958e+138
2.20509272719111e+138
4.60944082129709e+138
9.55009894711851e+138
1.96118103378327e+139
3.99198979657659e+139
8.05442647191629e+139
1.61088529438326e+140
3.19367375223658e+140
6.2765842529505e+140
1.22285175962656e+141
2.36185082716445e+141
4.52240754974101e+141
8.58490924696599e+141
1.61569921220989e+142
3.01476836244751e+142
5.57732147052789e+142
1.02302250177639e+143
1.86055191257134e+143
3.35509361283356e+143
5.99905325338175e+143
1.06361592816714e+144
1.8699054221003e+144
3.25983512088074e+144
5.63535326748e+144
9.66060560139428e+144
1.64230295223703e+145
2.76869921790745e+145
4.62891900493902e+145
7.67489161440666e+145
1.26200537370914e+146
2.05803953251028e+146
3.32856393778449e+146
5.33921931137005e+146
8.49421254081598e+146
1.34029283307348e+147
2.09755828375999e+147
3.2559113658364e+147
5.01281403354021e+147
7.6550362088545e+147
1.15951283751767e+148
1.74209733636801e+148
2.59623243817951e+148
3.83790882165666e+148
5.62770283944847e+148
8.18574958465232e+148
1.18108672578555e+149
1.69046536107695e+149
2.40014185700076e+149
3.38048148873346e+149
4.72319609874442e+149
6.54656947639924e+149
9.00153303004896e+149
1.22785888336152e+150
1.66155215867728e+150
2.23057687055306e+150
2.97072283214567e+150
3.92511795016532e+150
5.14508704278427e+150
6.69092036954008e+150
8.63248208391556e+150
1.10495770674119e+151
1.40319850369346e+151
1.76790648482965e+151
2.20988310603706e+151
2.74064105726866e+151
3.37218008350883e+151
4.11668737467312e+151
4.9861601391515e+151
5.99195209855115e+151
7.14425057904176e+151
8.45149642967494e+151
9.91976487720321e+151
1.15521312494012e+152
1.33480508133837e+152
1.53027862881471e+152
1.74069194027673e+152
1.96459837242851e+152
2.20002545011622e+152
2.44447272235135e+152
2.69493099308408e+152
2.9479245148838e+152
3.19957660761779e+152
3.44569788512685e+152
3.68189491757506e+152
3.90369581622416e+152
4.10668799866782e+152
4.28666237311143e+152
4.43975745786541e+152
4.56259659701583e+152
4.65241149065788e+152
4.70714574348914e+152
4.72553303154965e+152
4.70714574348914e+152
4.65241149065788e+152
4.56259659701583e+152
4.43975745786541e+152
4.28666237311143e+152
4.10668799866782e+152
3.90369581622416e+152
3.68189491757506e+152
3.44569788512685e+152
3.19957660761779e+152
2.9479245148838e+152
2.69493099308408e+152
2.44447272235135e+152
2.20002545011622e+152
1.96459837242851e+152
1.74069194027673e+152
1.53027862881471e+152
1.33480508133837e+152
1.15521312494012e+152
9.91976487720321e+151
8.45149642967494e+151
7.14425057904176e+151
5.99195209855115e+151
4.9861601391515e+151
4.11668737467312e+151
3.37218008350883e+151
2.74064105726866e+151
2.20988310603706e+151
1.76790648482965e+151
1.40319850369346e+151
1.10495770674119e+151
8.63248208391556e+150
6.69092036954008e+150
5.14508704278427e+150
3.92511795016532e+150
2.97072283214567e+150
2.23057687055306e+150
1.66155215867728e+150
1.22785888336152e+150
9.00153303004896e+149
6.54656947639924e+149
4.72319609874442e+149
3.38048148873346e+149
2.40014185700076e+149
1.69046536107695e+149
1.18108672578555e+149
8.18574958465232e+148
5.62770283944847e+148
3.83790882165666e+148
2.59623243817951e+148
1.74209733636801e+148
1.15951283751767e+148
7.6550362088545e+147
5.01281403354021e+147
3.2559113658364e+147
2.09755828375999e+147
1.34029283307348e+147
8.49421254081598e+146
5.33921931137005e+146
3.32856393778449e+146
2.05803953251028e+146
1.26200537370914e+146
7.67489161440666e+145
4.62891900493902e+145
2.76869921790745e+145
1.64230295223703e+145
9.66060560139428e+144
5.63535326748e+144
3.25983512088074e+144
1.8699054221003e+144
1.06361592816714e+144
5.99905325338175e+143
3.35509361283356e+143
1.86055191257134e+143
1.02302250177639e+143
5.57732147052789e+142
3.01476836244751e+142
1.61569921220989e+142
8.58490924696599e+141
4.52240754974101e+141
2.36185082716445e+141
1.22285175962656e+141
6.2765842529505e+140
3.19367375223658e+140
1.61088529438326e+140
8.05442647191629e+139
3.99198979657659e+139
1.96118103378327e+139
9.55009894711851e+138
4.60944082129709e+138
2.20509272719111e+138
1.04551810340958e+138
4.91303635986163e+137
2.28807121902128e+137
1.05603287031751e+137
4.83015034434998e+136
2.18930327222662e+136
9.83331130745855e+135
4.37651601853085e+135
1.93009273850939e+135
8.43401868928473e+134
3.65160027050037e+134
1.56642462857119e+134
6.65730467142756e+133
2.80307565112739e+133
1.16923873845369e+133
4.83156503493261e+132
1.97775601704659e+132
8.01939426090125e+131
3.22090425232919e+131
1.28134065623995e+131
5.04876073790198e+130
1.9702480928398e+130
7.61474262908354e+129
2.91453761005354e+129
1.10470377155255e+129
4.1463412337093e+128
1.54101987028233e+128
5.67095312263899e+127
2.06627813245091e+127
7.45394763961071e+126
2.66212415700382e+126
9.41225955246735e+125
3.29429084336357e+125
1.14132911108659e+125
3.91398203016606e+124
1.32850564992582e+124
4.46294866771954e+123
1.48378553108598e+123
4.88188503751086e+122
1.5894509424454e+122
5.1206538094246e+121
1.63229067446954e+121
5.1479936656347e+120
1.6062793534717e+120
4.95815820842028e+119
1.51394143768558e+119
4.57256424072549e+118
1.36598121621673e+118
4.03585359336761e+117
1.17924185599658e+117
3.40735712159816e+116
9.73530606170903e+115
2.7502239624328e+115
7.68142353597191e+114
2.12099008082807e+114
5.78930295015105e+113
1.56196539991699e+113
4.16524106644531e+112
1.09773594608288e+112
2.85896831166548e+111
7.35763903737439e+110
1.87089109996806e+110
4.70004349504171e+109
1.16643415205415e+109
2.85946236304536e+108
6.92363768291855e+107
1.65565248939357e+107
3.90973358941131e+106
9.11644610992542e+105
2.09875018357995e+105
4.76988678086353e+104
1.07009393174504e+104
2.36949370600687e+103
5.17799099649958e+102
1.1165809968755e+102
2.37570424867128e+101
4.98673769178642e+100
1.03254803971107e+100
2.10872486983247e+99
4.24708053408881e+98
8.43462255601749e+97
1.65153448649294e+97
3.18784563671892e+96
6.0650427427135e+95
1.13719551425878e+95
2.10105406791461e+94
3.82449934021322e+93
6.85772295486509e+92
1.21111162276287e+92
2.10628108306586e+91
3.60664569018127e+90
6.07953943219622e+89
1.00865086034165e+89
1.6467769148435e+88
2.64527513470337e+87
4.17989298937326e+86
6.49577964564764e+85
9.92613518885482e+84
1.49114586917774e+84
2.20169188737653e+83
3.19441903302399e+82
4.55329216288497e+81
6.37460902803896e+80
8.76332061504247e+79
1.18266052548139e+79
1.56643778209456e+78
2.03567905602597e+77
2.5949315439452e+76
3.2436644299315e+75
3.97473103011299e+74
4.77314861694792e+73
5.6154689611152e+72
6.46999684650229e+71
7.29804416525204e+70
8.05628252008343e+69
8.70008911456094e+68
9.18759410804926e+67
9.48396811153472e+66
9.56537556313588e+65
9.42199734270344e+64
9.05961282952254e+63
8.49942355008511e+62
7.77606835433318e+61
6.93407369176207e+60
6.02324197801367e+59
5.09365072136462e+58
4.19097844162912e+57
3.3527827533033e+56
2.60615466118113e+55
1.96690917824991e+54
1.44020546524575e+53
1.022275278045e+52
7.02814253655938e+50
4.67568734240957e+49
3.00718480528416e+48
1.86781664924482e+47
1.11914633942355e+46
6.46105103172359e+44
3.58947279540199e+43
1.91635097906472e+42
9.81737181897909e+40
4.81834199704495e+39
2.26167073330682e+38
1.01337588865071e+37
4.3253848905823e+35
1.75472003674739e+34
6.74892321825917e+32
2.45415389754879e+31
8.41141456821158e+29
2.70790006220091e+28
8.15632548855696e+26
2.28834783246087e+25
5.94970436439826e+23
1.42507888967623e+22
3.12268282598377e+20
6.20811695026595e+18
1.10859231254749e+17
1.75618584165939e+15
24295061050624
287515515392
2829877120
22238720
130816
512
1
