1
27
378
3654
27378
169182
895986
4173390
17416620
66029340
229852350
740929410
2226873870
6275583810
16660852470
41836287690
99700578135
226152864405
489519200040
1013361387480
2010168281160
3827549339640
7006337437320
12346133936760
20968345588320
34360363904256
54378725530392
83186110269928
123099453338904
176336394073128
244665431774712
328989825273096
428921986040730
542427062775390
665623899408780
792822238240500
916844419318620
1.02963097364634e+15
1.12307138869302e+15
1.18994718322314e+15
1.22483847152124e+15
1.22483847152124e+15
1.18994718322314e+15
1.12307138869302e+15
1.02963097364634e+15
916844419318620
792822238240500
665623899408780
542427062775390
428921986040730
328989825273096
244665431774712
176336394073128
123099453338904
83186110269928
54378725530392
34360363904256
20968345588320
12346133936760
7006337437320
3827549339640
2010168281160
1013361387480
489519200040
226152864405
99700578135
41836287690
16660852470
6275583810
2226873870
740929410
229852350
66029340
17416620
4173390
895986
169182
27378
3654
378
27
1
