1
27
378
3654
27405
169884
905463
4261842
18057546
69867525
249599610
830534445
2592262530
7633490490
21310147575
56628865620
143742927915
349568202960
816587349630
1836478130175
3984284199285
8353449211770
16951857435630
33343956561240
63652467767850
118061189073126
212980985815302
374043794052178
640060767265104
1.06800533051913e+15
1.73894583345089e+15
2.76464721760976e+15
4.2942890531433e+15
6.52042725322166e+15
9.6829979864553e+15
1.4069885307784e+16
2.00124264850101e+16
2.78742954550765e+16
3.80325604561888e+16
5.08504019746644e+16
6.66419962636785e+16
8.56313452467974e+16
1.07908219740606e+17
1.33385669189812e+17
1.6176448831028e+17
1.92510372471828e+17
2.24849045884843e+17
2.57783320111757e+17
2.90133888035152e+17
3.20602891096709e+17
3.47856269054866e+17
3.70618060768605e+17
3.87767642595707e+17
3.98429774204148e+17
4.02047529335629e+17
3.98429774204148e+17
3.87767642595707e+17
3.70618060768605e+17
3.47856269054866e+17
3.20602891096709e+17
2.90133888035152e+17
2.57783320111757e+17
2.24849045884843e+17
1.92510372471828e+17
1.6176448831028e+17
1.33385669189812e+17
1.07908219740606e+17
8.56313452467974e+16
6.66419962636785e+16
5.08504019746644e+16
3.80325604561888e+16
2.78742954550765e+16
2.00124264850101e+16
1.4069885307784e+16
9.6829979864553e+15
6.52042725322166e+15
4.2942890531433e+15
2.76464721760976e+15
1.73894583345089e+15
1.06800533051913e+15
640060767265104
374043794052178
212980985815302
118061189073126
63652467767850
33343956561240
16951857435630
8353449211770
3984284199285
1836478130175
816587349630
349568202960
143742927915
56628865620
21310147575
7633490490
2592262530
830534445
249599610
69867525
18057546
4261842
905463
169884
27405
3654
378
27
1
