1
216
23220
1656360
88201170
3739729608
131513824548
3945414736440
103073959989495
2.38215374197944e+15
4.93105824589744e+16
9.23452726049884e+17
1.57756507366855e+19
2.4755636540645e+20
3.58956729839352e+21
4.83395062850328e+22
6.07265047705724e+23
7.14429467889087e+24
7.8984146727738e+25
8.23097950110111e+26
8.1075148085846e+27
7.56701382134562e+28
6.7071258871018e+29
5.65731487868587e+30
4.54942404827655e+31
3.49395766907639e+32
2.56671505689843e+33
1.80620689189149e+34
1.21918965202675e+35
7.90371222693205e+35
4.92664728812098e+36
2.95598837287259e+37
1.70893077806696e+38
9.52858373225217e+38
5.12862006765337e+39
2.66688243517975e+40
1.34084922435427e+41
6.52305028064237e+41
3.07270000061838e+42
1.40241179515403e+43
6.20567219355658e+43
2.66389830747795e+44
1.10995762811581e+45
4.49145644865468e+45
1.7659590127665e+46
6.74988778212973e+46
2.50919741466127e+47
9.07582043600884e+47
3.19544511184478e+48
1.09558118120392e+49
3.65924114522111e+49
1.19104711785628e+50
3.77928412396705e+50
1.16943886100112e+51
3.5299728582071e+51
1.03973746005373e+52
2.98924519765447e+52
8.39086371271429e+52
2.30025401779581e+53
6.16000228494472e+53
1.61186726456054e+54
4.12215234871219e+54
1.03053808717805e+55
2.51909310199078e+55
6.02220694694671e+55
1.40826993220908e+56
3.22195090550865e+56
7.21332292278056e+56
1.58056634631515e+57
3.39020027905279e+57
7.11942058601085e+57
1.46399352895434e+58
2.94832030136639e+58
5.8158647040652e+58
1.12387655767747e+59
2.12787294920267e+59
3.94776428733653e+59
7.17775324970278e+59
1.27911243808806e+60
2.23439894248294e+60
3.82640818900203e+60
6.42458658894168e+60
1.05770632866723e+61
1.70762226555914e+61
2.70373525380197e+61
4.19874180590424e+61
6.3957578671332e+61
9.55687957157834e+61
1.40095166447001e+62
2.01485183204675e+62
2.84317980744375e+62
3.93671050261442e+62
5.3487914437696e+62
7.13172192502613e+62
9.33193400827887e+62
1.1984167884316e+63
1.51050449375233e+63
1.86866535309567e+63
2.26909364304474e+63
2.70457626140686e+63
3.16435422584603e+63
3.63430782374395e+63
4.09750391892701e+63
4.53510142483183e+63
4.92756212505767e+63
5.25606626672818e+63
5.50399392081913e+63
5.65831150738415e+63
5.71070328060067e+63
5.65831150738415e+63
5.50399392081913e+63
5.25606626672818e+63
4.92756212505767e+63
4.53510142483183e+63
4.09750391892701e+63
3.63430782374395e+63
3.16435422584603e+63
2.70457626140686e+63
2.26909364304474e+63
1.86866535309567e+63
1.51050449375233e+63
1.1984167884316e+63
9.33193400827887e+62
7.13172192502613e+62
5.3487914437696e+62
3.93671050261442e+62
2.84317980744375e+62
2.01485183204675e+62
1.40095166447001e+62
9.55687957157834e+61
6.3957578671332e+61
4.19874180590424e+61
2.70373525380197e+61
1.70762226555914e+61
1.05770632866723e+61
6.42458658894168e+60
3.82640818900203e+60
2.23439894248294e+60
1.27911243808806e+60
7.17775324970278e+59
3.94776428733653e+59
2.12787294920267e+59
1.12387655767747e+59
5.8158647040652e+58
2.94832030136639e+58
1.46399352895434e+58
7.11942058601085e+57
3.39020027905279e+57
1.58056634631515e+57
7.21332292278056e+56
3.22195090550865e+56
1.40826993220908e+56
6.02220694694671e+55
2.51909310199078e+55
1.03053808717805e+55
4.12215234871219e+54
1.61186726456054e+54
6.16000228494472e+53
2.30025401779581e+53
8.39086371271429e+52
2.98924519765447e+52
1.03973746005373e+52
3.5299728582071e+51
1.16943886100112e+51
3.77928412396705e+50
1.19104711785628e+50
3.65924114522111e+49
1.09558118120392e+49
3.19544511184478e+48
9.07582043600884e+47
2.50919741466127e+47
6.74988778212973e+46
1.7659590127665e+46
4.49145644865468e+45
1.10995762811581e+45
2.66389830747795e+44
6.20567219355658e+43
1.40241179515403e+43
3.07270000061838e+42
6.52305028064237e+41
1.34084922435427e+41
2.66688243517975e+40
5.12862006765337e+39
9.52858373225217e+38
1.70893077806696e+38
2.95598837287259e+37
4.92664728812098e+36
7.90371222693205e+35
1.21918965202675e+35
1.80620689189149e+34
2.56671505689843e+33
3.49395766907639e+32
4.54942404827655e+31
5.65731487868587e+30
6.7071258871018e+29
7.56701382134562e+28
8.1075148085846e+27
8.23097950110111e+26
7.8984146727738e+25
7.14429467889087e+24
6.07265047705724e+23
4.83395062850328e+22
3.58956729839352e+21
2.4755636540645e+20
1.57756507366855e+19
9.23452726049884e+17
4.93105824589744e+16
2.38215374197944e+15
103073959989495
3945414736440
131513824548
3739729608
88201170
1656360
23220
216
1
