1
256
32896
2828800
183115840
9517010176
413632066816
15461877266176
507413158135840
1.48496345819008e+16
3.92359597342996e+17
9.45362064918847e+18
2.0942513140978e+20
4.29507661609459e+21
8.20297273868483e+22
1.4662958172699e+24
2.46392560125435e+25
3.90715909658446e+26
5.86678741058834e+27
8.3668409421103e+28
1.1363803006816e+30
1.47349655621649e+31
1.8280981886564e+32
2.17445068285143e+33
2.48426591811894e+34
2.73072132558012e+35
2.89241847312774e+36
2.95645324953752e+37
2.91999761406464e+38
2.79016358141141e+39
2.58231672500373e+40
2.3173176801065e+41
2.01832545052857e+42
1.70778145858037e+43
1.40504378496704e+44
1.12492129179624e+45
8.77135273356646e+45
6.66563529073358e+46
4.94023820733794e+47
3.57330668079363e+48
2.52393710190009e+49
1.74192151222429e+50
1.17534037223311e+51
7.75738006706162e+51
5.01075438462202e+52
3.16911345485568e+53
1.96344835690187e+54
1.19217394317267e+55
7.09710515738988e+55
4.14399746186201e+56
2.37422630781665e+57
1.33521118018518e+58
7.37322206459791e+58
3.9993767080063e+59
2.13155867906812e+60
1.11662953467136e+61
5.75121292804042e+61
2.91323207535596e+62
1.45170429743876e+63
7.11846627663678e+63
3.43568601255773e+64
1.63255898490649e+65
7.63938725523187e+65
3.52115115826637e+66
1.59899156254819e+67
7.15547795408328e+67
3.15612804432045e+68
1.37240924323643e+69
5.88453908453496e+69
2.48842820454027e+70
1.0380137280034e+71
4.27194257563052e+71
1.73487700592937e+72
6.95356214625083e+72
2.75114561536868e+73
1.07462650695668e+74
4.14483652253037e+74
1.57880825661758e+75
5.94001987585732e+75
2.20772801206487e+76
8.10705900934613e+76
2.94171433934445e+77
1.05490848608419e+78
3.73905981451078e+78
1.3100809487221e+79
4.53811281438486e+79
1.55433946199171e+80
5.26454167486005e+80
1.76347290211343e+81
5.84276931164728e+81
1.91494998393466e+82
6.20913010127289e+82
1.99197321731571e+83
6.32352671939102e+83
1.98655702822695e+84
6.17661061173947e+84
1.90084911071762e+85
5.79072701262222e+85
1.74640696435252e+86
5.21462092314666e+86
1.54170796817597e+87
4.5135671996179e+87
1.30861431257772e+88
3.75761374797344e+88
1.06869881884308e+89
3.01074878815487e+89
8.40237910471096e+89
2.32311366587447e+90
6.36370859135704e+90
1.72723844605505e+91
4.64543526055378e+91
1.23811769531625e+92
3.27029967227784e+92
8.56113582858252e+92
2.22137043192845e+93
5.71325148603724e+93
1.45661542365412e+94
3.68155763510474e+94
9.22505270378466e+94
2.29182566301568e+95
5.64539326968553e+95
1.37889336383669e+96
3.33975426466906e+96
8.02174290020975e+96
1.91080320076519e+97
4.51417457055331e+97
1.05773691320585e+98
2.45830200470216e+98
5.6672453680003e+98
1.29601060380959e+99
2.94011976011561e+99
6.61700115292855e+99
1.47746279733351e+100
3.27303105861604e+100
7.19416927758586e+100
1.56901290598589e+101
3.39551588468411e+101
7.29182315123192e+101
1.55394270118683e+102
3.28639285547657e+102
6.89773238810451e+102
1.43685212206587e+103
2.97065942869763e+103
6.09599518991587e+103
1.24166072574904e+104
2.51040154339164e+104
5.0382583451515e+104
1.00375903700095e+105
1.98520263828141e+105
3.89781163382375e+105
7.59786403435716e+105
1.4703835832582e+106
2.82521680451211e+106
5.38974523676777e+106
1.02092325260483e+107
1.92016790816552e+107
3.58607360998235e+107
6.65036499498934e+107
1.22470148079599e+108
2.23967737383728e+108
4.06745643414998e+108
7.33591261268919e+108
1.31398540927547e+109
2.33745497654776e+109
4.1297451589351e+109
7.2467172208315e+109
1.26301360385848e+110
2.1864210294019e+110
3.75948915804645e+110
6.42100769853102e+110
1.08934820008246e+111
1.83581584366494e+111
3.07326413453326e+111
5.11079416179503e+111
8.44313632856492e+111
1.38565508559476e+112
2.25918221499244e+112
3.65932396070526e+112
5.88860571423133e+112
9.41444007009109e+112
1.49539232997238e+113
2.35994846083941e+113
3.70036476985596e+113
5.76486302462944e+113
8.9236705154914e+113
1.37251038498295e+114
2.09755177549413e+114
3.18523807579687e+114
4.80629418106952e+114
7.20650994151699e+114
1.07372393723587e+115
1.58971754433804e+115
2.33891014672877e+115
3.41963513535313e+115
4.96849618804358e+115
7.17389934275051e+115
1.0293824733192e+116
1.46789623129108e+116
2.08025625866183e+116
2.92986018019637e+116
4.10101247745504e+116
5.70498972705943e+116
7.88757588096159e+116
1.08383295698887e+117
1.48018626975598e+117
2.0091418035945e+117
2.71050292751534e+117
3.63445256076946e+117
4.84375995816057e+117
6.41630865562867e+117
8.44795016235886e+117
1.1055674076417e+118
1.43810673701469e+118
1.8594013433277e+118
2.38965550872663e+118
3.05268154893721e+118
3.87628372734704e+118
4.89261644759554e+118
6.1384955263805e+118
7.65563781754859e+118
9.49080129093257e+118
1.16957951448657e+119
1.43273279595613e+119
1.74466616043991e+119
2.11190399161515e+119
2.54128643599475e+119
3.03985942080089e+119
3.6147356376851e+119
4.27292599930668e+119
5.02114229135739e+119
5.86557315508585e+119
6.81163710167261e+119
7.86371791929322e+119
9.02488950915468e+119
1.02966387868062e+120
1.16785967079315e+120
1.31682886169436e+120
1.47609158668181e+120
1.64491809233024e+120
1.82231678660854e+120
2.00702892779513e+120
2.19753089455956e+120
2.39204475941599e+120
2.58855760928998e+120
2.78484972935691e+120
2.97853140265832e+120
3.16708769470282e+120
3.34793020832712e+120
3.51845443010442e+120
3.67610096645591e+120
3.81841870525103e+120
3.94312775461917e+120
4.0481799188447e+120
4.13181448075487e+120
4.19260717457436e+120
4.22951045044965e+120
4.24188344332279e+120
4.22951045044965e+120
4.19260717457436e+120
4.13181448075487e+120
4.0481799188447e+120
3.94312775461917e+120
3.81841870525103e+120
3.67610096645591e+120
3.51845443010442e+120
3.34793020832712e+120
3.16708769470282e+120
2.97853140265832e+120
2.78484972935691e+120
2.58855760928998e+120
2.39204475941599e+120
2.19753089455956e+120
2.00702892779513e+120
1.82231678660854e+120
1.64491809233024e+120
1.47609158668181e+120
1.31682886169436e+120
1.16785967079315e+120
1.02966387868062e+120
9.02488950915468e+119
7.86371791929322e+119
6.81163710167261e+119
5.86557315508585e+119
5.02114229135739e+119
4.27292599930668e+119
3.6147356376851e+119
3.03985942080089e+119
2.54128643599475e+119
2.11190399161515e+119
1.74466616043991e+119
1.43273279595613e+119
1.16957951448657e+119
9.49080129093257e+118
7.65563781754859e+118
6.1384955263805e+118
4.89261644759554e+118
3.87628372734704e+118
3.05268154893721e+118
2.38965550872663e+118
1.8594013433277e+118
1.43810673701469e+118
1.1055674076417e+118
8.44795016235886e+117
6.41630865562867e+117
4.84375995816057e+117
3.63445256076946e+117
2.71050292751534e+117
2.0091418035945e+117
1.48018626975598e+117
1.08383295698887e+117
7.88757588096159e+116
5.70498972705943e+116
4.10101247745504e+116
2.92986018019637e+116
2.08025625866183e+116
1.46789623129108e+116
1.0293824733192e+116
7.17389934275051e+115
4.96849618804358e+115
3.41963513535313e+115
2.33891014672877e+115
1.58971754433804e+115
1.07372393723587e+115
7.20650994151699e+114
4.80629418106952e+114
3.18523807579687e+114
2.09755177549413e+114
1.37251038498295e+114
8.9236705154914e+113
5.76486302462944e+113
3.70036476985596e+113
2.35994846083941e+113
1.49539232997238e+113
9.41444007009109e+112
5.88860571423133e+112
3.65932396070526e+112
2.25918221499244e+112
1.38565508559476e+112
8.44313632856492e+111
5.11079416179503e+111
3.07326413453326e+111
1.83581584366494e+111
1.08934820008246e+111
6.42100769853102e+110
3.75948915804645e+110
2.1864210294019e+110
1.26301360385848e+110
7.2467172208315e+109
4.1297451589351e+109
2.33745497654776e+109
1.31398540927547e+109
7.33591261268919e+108
4.06745643414998e+108
2.23967737383728e+108
1.22470148079599e+108
6.65036499498934e+107
3.58607360998235e+107
1.92016790816552e+107
1.02092325260483e+107
5.38974523676777e+106
2.82521680451211e+106
1.4703835832582e+106
7.59786403435716e+105
3.89781163382375e+105
1.98520263828141e+105
1.00375903700095e+105
5.0382583451515e+104
2.51040154339164e+104
1.24166072574904e+104
6.09599518991587e+103
2.97065942869763e+103
1.43685212206587e+103
6.89773238810451e+102
3.28639285547657e+102
1.55394270118683e+102
7.29182315123192e+101
3.39551588468411e+101
1.56901290598589e+101
7.19416927758586e+100
3.27303105861604e+100
1.47746279733351e+100
6.61700115292855e+99
2.94011976011561e+99
1.29601060380959e+99
5.6672453680003e+98
2.45830200470216e+98
1.05773691320585e+98
4.51417457055331e+97
1.91080320076519e+97
8.02174290020975e+96
3.33975426466906e+96
1.37889336383669e+96
5.64539326968553e+95
2.29182566301568e+95
9.22505270378466e+94
3.68155763510474e+94
1.45661542365412e+94
5.71325148603724e+93
2.22137043192845e+93
8.56113582858252e+92
3.27029967227784e+92
1.23811769531625e+92
4.64543526055378e+91
1.72723844605505e+91
6.36370859135704e+90
2.32311366587447e+90
8.40237910471096e+89
3.01074878815487e+89
1.06869881884308e+89
3.75761374797344e+88
1.30861431257772e+88
4.5135671996179e+87
1.54170796817597e+87
5.21462092314666e+86
1.74640696435252e+86
5.79072701262222e+85
1.90084911071762e+85
6.17661061173947e+84
1.98655702822695e+84
6.32352671939102e+83
1.99197321731571e+83
6.20913010127289e+82
1.91494998393466e+82
5.84276931164728e+81
1.76347290211343e+81
5.26454167486005e+80
1.55433946199171e+80
4.53811281438486e+79
1.3100809487221e+79
3.73905981451078e+78
1.05490848608419e+78
2.94171433934445e+77
8.10705900934613e+76
2.20772801206487e+76
5.94001987585732e+75
1.57880825661758e+75
4.14483652253037e+74
1.07462650695668e+74
2.75114561536868e+73
6.95356214625083e+72
1.73487700592937e+72
4.27194257563052e+71
1.0380137280034e+71
2.48842820454027e+70
5.88453908453496e+69
1.37240924323643e+69
3.15612804432045e+68
7.15547795408328e+67
1.59899156254819e+67
3.52115115826637e+66
7.63938725523187e+65
1.63255898490649e+65
3.43568601255773e+64
7.11846627663678e+63
1.45170429743876e+63
2.91323207535596e+62
5.75121292804042e+61
1.11662953467136e+61
2.13155867906812e+60
3.9993767080063e+59
7.37322206459791e+58
1.33521118018518e+58
2.37422630781665e+57
4.14399746186201e+56
7.09710515738988e+55
1.19217394317267e+55
1.96344835690187e+54
3.16911345485568e+53
5.01075438462202e+52
7.75738006706162e+51
1.17534037223311e+51
1.74192151222429e+50
2.52393710190009e+49
3.57330668079363e+48
4.94023820733794e+47
6.66563529073358e+46
8.77135273356646e+45
1.12492129179624e+45
1.40504378496704e+44
1.70778145858037e+43
2.01832545052857e+42
2.3173176801065e+41
2.58231672500373e+40
2.79016358141141e+39
2.91999761406464e+38
2.95645324953752e+37
2.89241847312774e+36
2.73072132558012e+35
2.48426591811894e+34
2.17445068285143e+33
1.8280981886564e+32
1.47349655621649e+31
1.1363803006816e+30
8.3668409421103e+28
5.86678741058834e+27
3.90715909658446e+26
2.46392560125435e+25
1.4662958172699e+24
8.20297273868483e+22
4.29507661609459e+21
2.0942513140978e+20
9.45362064918847e+18
3.92359597342996e+17
1.48496345819008e+16
507413158135840
15461877266176
413632066816
9517010176
183115840
2828800
32896
256
1
