1
54
1485
27720
395010
4582116
45057474
386206920
2944827711
20286588354
127805444811
743594284944
4027789154340
20448636565896
97860083182884
443622551991696
1.9130531727028e+15
7.87683708521033e+15
3.10671658279626e+16
1.17714206253844e+17
4.29585914209418e+17
1.51344113540982e+18
5.15793833605967e+18
1.70371280002884e+19
5.4634335870364e+19
1.70356073429862e+20
5.1723505894208e+20
1.53116196029191e+21
4.42462102810842e+21
1.24948514398456e+22
3.45166071091582e+22
9.33633238020905e+22
2.47488746705709e+23
6.43455692415246e+23
1.64208186765049e+24
4.11614715714493e+24
1.01413052205168e+25
2.45738016777323e+25
5.85973942044279e+25
1.37577778288121e+26
3.18203373886807e+26
7.25366083669424e+26
1.63043384712271e+27
3.61517244336895e+27
7.91062746850828e+27
1.70889592585894e+28
3.64586795577373e+28
7.68451702752341e+28
1.60068027959889e+29
3.29609662317708e+29
6.71167487770854e+29
1.35182240039866e+30
2.69390598755012e+30
5.312882207957e+30
1.03721475810226e+31
2.00492878146845e+31
3.83811071504485e+31
7.27807672826038e+31
1.36736564947295e+32
2.54569387720914e+32
4.6974504103541e+32
8.59271568412499e+32
1.55842331128059e+33
2.80284283204229e+33
4.99964429725816e+33
8.84652239766047e+33
1.55296866110458e+34
2.70502046640109e+34
4.67579006435753e+34
8.02181601403538e+34
1.36608659418235e+35
2.30953331397214e+35
3.87669344657696e+35
6.46158246798183e+35
1.06955666965127e+36
1.75833588314194e+36
2.87129035186258e+36
4.65770782871032e+36
7.50634361967975e+36
1.20194768641031e+37
1.91241516448487e+37
3.02381769046226e+37
4.75162299958822e+37
7.42123686353288e+37
1.15210606075821e+38
1.77796553476866e+38
2.72772620329763e+38
4.16059708034969e+38
6.30983420867168e+38
9.51517335503149e+38
1.42685596687849e+39
2.12782358962148e+39
3.15580193834946e+39
4.65509244224559e+39
6.82993247388006e+39
9.96777907366816e+39
1.44709808357961e+40
2.08996069210651e+40
3.00290246364163e+40
4.2926852718539e+40
6.10552117711901e+40
8.64057983090096e+40
1.21677283409461e+41
1.70506946472152e+41
2.37771370318735e+41
3.29974521785694e+41
4.55745700756431e+41
6.26474738915439e+41
8.57117542276138e+41
1.16721166496186e+42
1.58214912722961e+42
2.13476217745342e+42
2.86728714370634e+42
3.83378188228907e+42
5.10308351178222e+42
6.76240496032734e+42
8.92168111072358e+42
1.17187876705546e+43
1.53257678862003e+43
1.9956213307239e+43
2.58739543128865e+43
3.34032232249415e+43
4.29404566100379e+43
5.49679027484017e+43
7.00691940326173e+43
8.89470309807262e+43
1.12443103264269e+44
1.41560342305627e+44
1.77487558267756e+44
2.21626460422477e+44
2.75620992900088e+44
3.41388836920075e+44
4.21154835371289e+44
5.1748598610723e+44
6.33327527173952e+44
7.72039501689499e+44
9.37433044298749e+44
1.13380547792475e+45
1.36597315270288e+45
1.63930080320311e+45
1.95972605090052e+45
2.33377754276578e+45
2.76858510097015e+45
3.27188017076093e+45
3.85198480165293e+45
4.51778738937776e+45
5.27870345048899e+45
6.14461980549644e+45
7.12582071626607e+45
8.23289476412903e+45
9.4766215698156e+45
1.08678378458373e+46
1.24172827345356e+46
1.41354229160112e+46
1.6032258561685e+46
1.8117111850177e+46
2.03984004380583e+46
2.28833989712416e+46
2.55779924128451e+46
2.84864256274267e+46
3.1611054274856e+46
3.49521026040815e+46
3.85074341718001e+46
4.2272341818572e+46
4.62393633921677e+46
5.03981296948489e+46
5.4735250931908e+46
5.92342475422647e+46
6.38755306933697e+46
6.86364369239089e+46
7.34913204278313e+46
7.84117053084629e+46
8.33664988156757e+46
8.8322265143017e+46
9.32435578424145e+46
9.80933073539135e+46
1.02833258593264e+47
1.07424452039945e+47
1.11827740372093e+47
1.16004331451428e+47
1.19916347416438e+47
1.23527388836654e+47
1.26803092349391e+47
1.29711669969142e+47
1.32224418345954e+47
1.34316186659407e+47
1.35965792565139e+47
1.37156376646206e+47
1.37875687136317e+47
1.38116288240441e+47
1.37875687136317e+47
1.37156376646206e+47
1.35965792565139e+47
1.34316186659407e+47
1.32224418345954e+47
1.29711669969142e+47
1.26803092349391e+47
1.23527388836654e+47
1.19916347416438e+47
1.16004331451428e+47
1.11827740372093e+47
1.07424452039945e+47
1.02833258593264e+47
9.80933073539135e+46
9.32435578424145e+46
8.8322265143017e+46
8.33664988156757e+46
7.84117053084629e+46
7.34913204278313e+46
6.86364369239089e+46
6.38755306933697e+46
5.92342475422647e+46
5.4735250931908e+46
5.03981296948489e+46
4.62393633921677e+46
4.2272341818572e+46
3.85074341718001e+46
3.49521026040815e+46
3.1611054274856e+46
2.84864256274267e+46
2.55779924128451e+46
2.28833989712416e+46
2.03984004380583e+46
1.8117111850177e+46
1.6032258561685e+46
1.41354229160112e+46
1.24172827345356e+46
1.08678378458373e+46
9.4766215698156e+45
8.23289476412903e+45
7.12582071626607e+45
6.14461980549644e+45
5.27870345048899e+45
4.51778738937776e+45
3.85198480165293e+45
3.27188017076093e+45
2.76858510097015e+45
2.33377754276578e+45
1.95972605090052e+45
1.63930080320311e+45
1.36597315270288e+45
1.13380547792475e+45
9.37433044298749e+44
7.72039501689499e+44
6.33327527173952e+44
5.1748598610723e+44
4.21154835371289e+44
3.41388836920075e+44
2.75620992900088e+44
2.21626460422477e+44
1.77487558267756e+44
1.41560342305627e+44
1.12443103264269e+44
8.89470309807262e+43
7.00691940326173e+43
5.49679027484017e+43
4.29404566100379e+43
3.34032232249415e+43
2.58739543128865e+43
1.9956213307239e+43
1.53257678862003e+43
1.17187876705546e+43
8.92168111072358e+42
6.76240496032734e+42
5.10308351178222e+42
3.83378188228907e+42
2.86728714370634e+42
2.13476217745342e+42
1.58214912722961e+42
1.16721166496186e+42
8.57117542276138e+41
6.26474738915439e+41
4.55745700756431e+41
3.29974521785694e+41
2.37771370318735e+41
1.70506946472152e+41
1.21677283409461e+41
8.64057983090096e+40
6.10552117711901e+40
4.2926852718539e+40
3.00290246364163e+40
2.08996069210651e+40
1.44709808357961e+40
9.96777907366816e+39
6.82993247388006e+39
4.65509244224559e+39
3.15580193834946e+39
2.12782358962148e+39
1.42685596687849e+39
9.51517335503149e+38
6.30983420867168e+38
4.16059708034969e+38
2.72772620329763e+38
1.77796553476866e+38
1.15210606075821e+38
7.42123686353288e+37
4.75162299958822e+37
3.02381769046226e+37
1.91241516448487e+37
1.20194768641031e+37
7.50634361967975e+36
4.65770782871032e+36
2.87129035186258e+36
1.75833588314194e+36
1.06955666965127e+36
6.46158246798183e+35
3.87669344657696e+35
2.30953331397214e+35
1.36608659418235e+35
8.02181601403538e+34
4.67579006435753e+34
2.70502046640109e+34
1.55296866110458e+34
8.84652239766047e+33
4.99964429725816e+33
2.80284283204229e+33
1.55842331128059e+33
8.59271568412499e+32
4.6974504103541e+32
2.54569387720914e+32
1.36736564947295e+32
7.27807672826038e+31
3.83811071504485e+31
2.00492878146845e+31
1.03721475810226e+31
5.312882207957e+30
2.69390598755012e+30
1.35182240039866e+30
6.71167487770854e+29
3.29609662317708e+29
1.60068027959889e+29
7.68451702752341e+28
3.64586795577373e+28
1.70889592585894e+28
7.91062746850828e+27
3.61517244336895e+27
1.63043384712271e+27
7.25366083669424e+26
3.18203373886807e+26
1.37577778288121e+26
5.85973942044279e+25
2.45738016777323e+25
1.01413052205168e+25
4.11614715714493e+24
1.64208186765049e+24
6.43455692415246e+23
2.47488746705709e+23
9.33633238020905e+22
3.45166071091582e+22
1.24948514398456e+22
4.42462102810842e+21
1.53116196029191e+21
5.1723505894208e+20
1.70356073429862e+20
5.4634335870364e+19
1.70371280002884e+19
5.15793833605967e+18
1.51344113540982e+18
4.29585914209418e+17
1.17714206253844e+17
3.10671658279626e+16
7.87683708521033e+15
1.9130531727028e+15
443622551991696
97860083182884
20448636565896
4027789154340
743594284944
127805444811
20286588354
2944827711
386206920
45057474
4582116
395010
27720
1485
54
1
