1
64
2080
45760
766416
10420032
119744352
1195846080
10590072936
84445989952
613656972448
4103192976064
25444530553456
147298056612672
800460311436768
4.10282050546118e+15
1.99160645253161e+16
9.18865735157666e+16
4.04192633974615e+17
1.69986832523884e+18
6.85177073691073e+18
2.65282418184138e+19
9.88537662747487e+19
3.55168896732972e+20
1.2323647225885e+21
4.13569853308837e+21
1.34416045187509e+22
4.23627849635372e+22
1.29611727128187e+23
3.85378269242918e+23
1.11464238851015e+24
3.1389230036586e+24
8.61362722129136e+24
2.30510202840864e+25
6.0201660165873e+25
1.53545059639172e+26
3.82690972508272e+26
9.32618921158988e+26
2.22354880803694e+27
5.18924057809535e+27
1.18601584988838e+28
2.65588471185704e+28
5.82976485732733e+28
1.25486326971116e+29
2.64981739968161e+29
5.49124886175534e+29
1.11715873289906e+30
2.23198979276681e+30
4.38067085088672e+30
8.44871595574617e+30
1.60164585471664e+31
2.98528545625875e+31
5.47218703396984e+31
9.86730067753442e+31
1.75065142845754e+32
3.05676159712111e+32
5.25383106245851e+32
8.89059898625701e+32
1.48152822104552e+33
2.43160211149379e+33
3.93146787241875e+33
6.26280653775159e+33
9.83115025429684e+33
1.52099063126544e+34
2.31952106178391e+34
3.48722068212481e+34
5.16924119250435e+34
7.5560465148835e+34
1.0892674132654e+35
1.54880076975772e+35
2.17232317690256e+35
3.00583754365069e+35
4.10356077965268e+35
5.52777645661616e+35
7.34805078828025e+35
9.63965987719211e+35
1.24811037138861e+36
1.59506327524885e+36
2.01217868329641e+36
2.50580415889393e+36
3.08067685543787e+36
3.73928325919244e+36
4.48122614158245e+36
5.30265121015184e+36
6.19579132488415e+36
7.14868651215552e+36
8.14513236565334e+36
9.16489736857244e+36
1.01842315531922e+37
1.11766659055518e+37
1.21140759798778e+37
1.29679568832054e+37
1.37108330397896e+37
1.43177078442153e+37
1.4767447948446e+37
1.5043996211296e+37
1.5137316919524e+37
1.5043996211296e+37
1.4767447948446e+37
1.43177078442153e+37
1.37108330397896e+37
1.29679568832054e+37
1.21140759798778e+37
1.11766659055518e+37
1.01842315531922e+37
9.16489736857244e+36
8.14513236565334e+36
7.14868651215552e+36
6.19579132488415e+36
5.30265121015184e+36
4.48122614158245e+36
3.73928325919244e+36
3.08067685543787e+36
2.50580415889393e+36
2.01217868329641e+36
1.59506327524885e+36
1.24811037138861e+36
9.63965987719211e+35
7.34805078828025e+35
5.52777645661616e+35
4.10356077965268e+35
3.00583754365069e+35
2.17232317690256e+35
1.54880076975772e+35
1.0892674132654e+35
7.5560465148835e+34
5.16924119250435e+34
3.48722068212481e+34
2.31952106178391e+34
1.52099063126544e+34
9.83115025429684e+33
6.26280653775159e+33
3.93146787241875e+33
2.43160211149379e+33
1.48152822104552e+33
8.89059898625701e+32
5.25383106245851e+32
3.05676159712111e+32
1.75065142845754e+32
9.86730067753442e+31
5.47218703396984e+31
2.98528545625875e+31
1.60164585471664e+31
8.44871595574617e+30
4.38067085088672e+30
2.23198979276681e+30
1.11715873289906e+30
5.49124886175534e+29
2.64981739968161e+29
1.25486326971116e+29
5.82976485732733e+28
2.65588471185704e+28
1.18601584988838e+28
5.18924057809535e+27
2.22354880803694e+27
9.32618921158988e+26
3.82690972508272e+26
1.53545059639172e+26
6.0201660165873e+25
2.30510202840864e+25
8.61362722129136e+24
3.1389230036586e+24
1.11464238851015e+24
3.85378269242918e+23
1.29611727128187e+23
4.23627849635372e+22
1.34416045187509e+22
4.13569853308837e+21
1.2323647225885e+21
3.55168896732972e+20
9.88537662747487e+19
2.65282418184138e+19
6.85177073691073e+18
1.69986832523884e+18
4.04192633974615e+17
9.18865735157666e+16
1.99160645253161e+16
4.10282050546118e+15
800460311436768
147298056612672
25444530553456
4103192976064
613656972448
84445989952
10590072936
1195846080
119744352
10420032
766416
45760
2080
64
1
