1
64
2080
45760
766480
10424064
119873376
1198641600
10636197000
85063950400
620657795200
4172150276800
26047172023600
152043464776000
834537834002400
4.3281705287616e+15
2.12993099471409e+16
9.98202613885776e+16
4.46951074375684e+17
1.91745084650221e+18
7.90151432021197e+18
3.13473953224432e+19
1.19972495345193e+20
4.43761409465087e+20
1.58901934476528e+21
5.5167073557561e+21
1.85953400323251e+22
6.09331643406357e+22
1.9432837072491e+23
6.03836441001607e+23
1.82993376103957e+24
5.41358396669017e+24
1.56473121215998e+25
4.42227810319974e+25
1.22300006596987e+26
3.31194020797447e+26
8.78812425626908e+26
2.28629386659933e+27
5.83496684962073e+27
1.46166794088388e+28
3.59569571161913e+28
8.69057241415143e+28
2.06462347720222e+29
4.82331315431063e+29
1.10850424114676e+30
2.50716287740076e+30
5.58262520300648e+30
1.22420631990408e+31
2.6446795481901e+31
5.63026631347597e+31
1.18154680841315e+32
2.44490307400347e+32
4.98974103660253e+32
1.00464262003984e+33
1.9960388573218e+33
3.91428132010387e+33
7.57806158312461e+33
1.44870674247557e+34
2.73532119998534e+34
5.10184403356373e+34
9.40197243439145e+34
1.71223083705596e+35
3.08199984630866e+35
5.48406078365936e+35
9.6480773438818e+35
1.67847529874446e+36
2.88794546711656e+36
4.91501217929821e+36
8.27525044656483e+36
1.37852848125769e+37
2.27239251985061e+37
3.70712198593296e+37
5.98586977555444e+37
9.56761244398229e+37
1.5139553573315e+38
2.37192678553334e+38
3.67969719221875e+38
5.65311419761864e+38
8.60139844061625e+38
1.29626945365675e+39
1.93510391413477e+39
2.86175588843732e+39
4.19290827172215e+39
6.08676517525175e+39
8.75545755563927e+39
1.24802643781119e+40
1.76299770219753e+40
2.46826628172753e+40
3.42509633881086e+40
4.71108856986539e+40
6.42338009178633e+40
8.68210541413832e+40
1.16340207056794e+41
1.54561492590733e+41
2.03592570101684e+41
2.65909155543503e+41
3.44378596722974e+41
4.42273012371701e+41
5.63268266643487e+41
7.11424865106603e+41
8.9114689371561e+41
1.1071154351081e+42
1.36419353440806e+42
1.66730078139791e+42
2.0212569368708e+42
2.43059573903425e+42
2.89935202856369e+42
3.43082754015536e+42
4.02734300094502e+42
4.68998639772781e+42
5.41836924835371e+42
6.2104042495053e+42
7.06211858834722e+42
7.96751733479571e+42
8.91851054805383e+42
9.904915964046e+42
1.09145463765282e+43
1.19333871587788e+43
1.29458649504936e+43
1.39352035879541e+43
1.48838581815818e+43
1.57740131861966e+43
1.65881257289198e+43
1.73094917125986e+43
1.79228096148813e+43
1.84147157026483e+43
1.87742647336709e+43
1.89933321669913e+43
1.90669173764739e+43
1.89933321669913e+43
1.87742647336709e+43
1.84147157026483e+43
1.79228096148813e+43
1.73094917125986e+43
1.65881257289198e+43
1.57740131861966e+43
1.48838581815818e+43
1.39352035879541e+43
1.29458649504936e+43
1.19333871587788e+43
1.09145463765282e+43
9.904915964046e+42
8.91851054805383e+42
7.96751733479571e+42
7.06211858834722e+42
6.2104042495053e+42
5.41836924835371e+42
4.68998639772781e+42
4.02734300094502e+42
3.43082754015536e+42
2.89935202856369e+42
2.43059573903425e+42
2.0212569368708e+42
1.66730078139791e+42
1.36419353440806e+42
1.1071154351081e+42
8.9114689371561e+41
7.11424865106603e+41
5.63268266643487e+41
4.42273012371701e+41
3.44378596722974e+41
2.65909155543503e+41
2.03592570101684e+41
1.54561492590733e+41
1.16340207056794e+41
8.68210541413832e+40
6.42338009178633e+40
4.71108856986539e+40
3.42509633881086e+40
2.46826628172753e+40
1.76299770219753e+40
1.24802643781119e+40
8.75545755563927e+39
6.08676517525175e+39
4.19290827172215e+39
2.86175588843732e+39
1.93510391413477e+39
1.29626945365675e+39
8.60139844061625e+38
5.65311419761864e+38
3.67969719221875e+38
2.37192678553334e+38
1.5139553573315e+38
9.56761244398229e+37
5.98586977555444e+37
3.70712198593296e+37
2.27239251985061e+37
1.37852848125769e+37
8.27525044656483e+36
4.91501217929821e+36
2.88794546711656e+36
1.67847529874446e+36
9.6480773438818e+35
5.48406078365936e+35
3.08199984630866e+35
1.71223083705596e+35
9.40197243439145e+34
5.10184403356373e+34
2.73532119998534e+34
1.44870674247557e+34
7.57806158312461e+33
3.91428132010387e+33
1.9960388573218e+33
1.00464262003984e+33
4.98974103660253e+32
2.44490307400347e+32
1.18154680841315e+32
5.63026631347597e+31
2.6446795481901e+31
1.22420631990408e+31
5.58262520300648e+30
2.50716287740076e+30
1.10850424114676e+30
4.82331315431063e+29
2.06462347720222e+29
8.69057241415143e+28
3.59569571161913e+28
1.46166794088388e+28
5.83496684962073e+27
2.28629386659933e+27
8.78812425626908e+26
3.31194020797447e+26
1.22300006596987e+26
4.42227810319974e+25
1.56473121215998e+25
5.41358396669017e+24
1.82993376103957e+24
6.03836441001607e+23
1.9432837072491e+23
6.09331643406357e+22
1.85953400323251e+22
5.5167073557561e+21
1.58901934476528e+21
4.43761409465087e+20
1.19972495345193e+20
3.13473953224432e+19
7.90151432021197e+18
1.91745084650221e+18
4.46951074375684e+17
9.98202613885776e+16
2.12993099471409e+16
4.3281705287616e+15
834537834002400
152043464776000
26047172023600
4172150276800
620657795200
85063950400
10636197000
1198641600
119873376
10424064
766480
45760
2080
64
1
