1
64
2080
45696
762384
10291008
116950848
1149849024
9976174728
77533057408
546145912480
3519846645952
20916424159008
115344316449600
593490381526752
2.86260769786944e+15
1.29953550431033e+16
5.57206889369532e+16
2.26352896936909e+17
8.7353840689998e+17
3.21040234867796e+18
1.12606376044728e+19
3.77695850295249e+19
1.21356991083419e+20
3.74133860314575e+20
1.10831353905368e+21
3.15900574983882e+21
8.67401900060756e+21
2.29699031966443e+22
5.87238770393295e+22
1.45077533868032e+23
3.4665483801312e+23
8.01787749171878e+23
1.79644628062948e+24
3.901807606471e+24
8.22047499582658e+24
1.68101024968679e+25
3.33834336357885e+25
6.44179509967931e+25
1.20839979148035e+26
2.20465376710306e+26
3.91364077688353e+26
6.76245879460454e+26
1.1378159094655e+27
1.86480181209942e+27
2.97800863436792e+27
4.63533731020309e+27
7.03427209013177e+27
1.04100059368519e+28
1.50272680467409e+28
2.11641899129854e+28
2.90873104798888e+28
3.90181124894503e+28
5.10932123929215e+28
6.53222571392659e+28
8.15493363793049e+28
9.94248402807039e+28
1.18394741718156e+29
1.37712960210996e+29
1.56479735987374e+29
1.7370509824511e+29
1.88392166821463e+29
1.99631019050514e+29
2.06691066906969e+29
2.09099036316264e+29
2.06691066906969e+29
1.99631019050514e+29
1.88392166821463e+29
1.7370509824511e+29
1.56479735987374e+29
1.37712960210996e+29
1.18394741718156e+29
9.94248402807039e+28
8.15493363793049e+28
6.53222571392659e+28
5.10932123929215e+28
3.90181124894503e+28
2.90873104798888e+28
2.11641899129854e+28
1.50272680467409e+28
1.04100059368519e+28
7.03427209013177e+27
4.63533731020309e+27
2.97800863436792e+27
1.86480181209942e+27
1.1378159094655e+27
6.76245879460454e+26
3.91364077688353e+26
2.20465376710306e+26
1.20839979148035e+26
6.44179509967931e+25
3.33834336357885e+25
1.68101024968679e+25
8.22047499582658e+24
3.901807606471e+24
1.79644628062948e+24
8.01787749171878e+23
3.4665483801312e+23
1.45077533868032e+23
5.87238770393295e+22
2.29699031966443e+22
8.67401900060756e+21
3.15900574983882e+21
1.10831353905368e+21
3.74133860314575e+20
1.21356991083419e+20
3.77695850295249e+19
1.12606376044728e+19
3.21040234867796e+18
8.7353840689998e+17
2.26352896936909e+17
5.57206889369532e+16
1.29953550431033e+16
2.86260769786944e+15
593490381526752
115344316449600
20916424159008
3519846645952
546145912480
77533057408
9976174728
1149849024
116950848
10291008
762384
45696
2080
64
1
