1
27
378
3654
27405
169911
906192
4272021
18155475
70597254
254088198
854252217
2702887551
8097958260
23091584895
62942066865
164603452860
414309886200
1006455528015
2365319986785
5389245593550
11926671967665
25679358608085
53872376446980
110266234418340
220461959741751
431032580955837
824895742350358
1.5466415025227e+15
2.84339622409101e+15
5.12941614213433e+15
9.08616295963744e+15
1.58143259565955e+16
2.7060309370544e+16
4.55472318524081e+16
7.54495081802296e+16
1.23060446462714e+17
1.97713585360966e+17
3.13029964374759e+17
4.8857399633042e+17
7.52008446759007e+17
1.1418420708422e+18
1.71085910082435e+18
2.53030505085986e+18
3.69487510999149e+18
5.32850680797617e+18
7.59091535450417e+18
1.06847268906458e+19
1.48629623734947e+19
2.04365057298536e+19
2.77810598028451e+19
3.73429610769144e+19
4.96431008967259e+19
6.52781013524616e+19
8.49178346453278e+19
1.09298372800601e+20
1.39209526393718e+20
1.75476289922045e+20
2.18933765909591e+20
2.70395490830529e+20
3.3061552543551e+20
4.00245181691614e+20
4.79785809278659e+20
5.69539617541278e+20
6.69561017292799e+20
7.79611379712355e+20
8.9912037545705e+20
1.02715712972939e+21
1.16241427253615e+21
1.30320755744055e+21
1.44749306617082e+21
1.59290313230361e+21
1.73680104966828e+21
1.87635344613755e+21
2.00861798419792e+21
2.13064289001876e+21
2.2395738093085e+21
2.33276273151194e+21
2.40787328914271e+21
2.46297667833448e+21
2.49663278277055e+21
2.50795180592507e+21
2.49663278277055e+21
2.46297667833448e+21
2.40787328914271e+21
2.33276273151194e+21
2.2395738093085e+21
2.13064289001876e+21
2.00861798419792e+21
1.87635344613755e+21
1.73680104966828e+21
1.59290313230361e+21
1.44749306617082e+21
1.30320755744055e+21
1.16241427253615e+21
1.02715712972939e+21
8.9912037545705e+20
7.79611379712355e+20
6.69561017292799e+20
5.69539617541278e+20
4.79785809278659e+20
4.00245181691614e+20
3.3061552543551e+20
2.70395490830529e+20
2.18933765909591e+20
1.75476289922045e+20
1.39209526393718e+20
1.09298372800601e+20
8.49178346453278e+19
6.52781013524616e+19
4.96431008967259e+19
3.73429610769144e+19
2.77810598028451e+19
2.04365057298536e+19
1.48629623734947e+19
1.06847268906458e+19
7.59091535450417e+18
5.32850680797617e+18
3.69487510999149e+18
2.53030505085986e+18
1.71085910082435e+18
1.1418420708422e+18
7.52008446759007e+17
4.8857399633042e+17
3.13029964374759e+17
1.97713585360966e+17
1.23060446462714e+17
7.54495081802296e+16
4.55472318524081e+16
2.7060309370544e+16
1.58143259565955e+16
9.08616295963744e+15
5.12941614213433e+15
2.84339622409101e+15
1.5466415025227e+15
824895742350358
431032580955837
220461959741751
110266234418340
53872376446980
25679358608085
11926671967665
5389245593550
2365319986785
1006455528015
414309886200
164603452860
62942066865
23091584895
8097958260
2702887551
854252217
254088198
70597254
18155475
4272021
906192
169911
27405
3654
378
27
1
