1
64
2080
45760
766480
10424128
119877472
1198774656
10639121544
85112872000
621322008736
4179773251264
26123222268208
152716604406592
839906799526336
4.36723340584134e+15
2.15611296762724e+16
1.01450008964057e+17
4.56436474422726e+17
1.96936632806197e+18
8.1700345672455e+18
3.26654781884696e+19
1.26135699975955e+20
4.71302926045163e+20
1.70698183782444e+21
6.00221464791355e+21
2.05199731253541e+22
6.82970231554381e+22
2.21573387162174e+23
7.01478461355609e+23
2.16942847619646e+24
6.56040828450102e+24
1.94160738654108e+25
5.62860138630043e+25
1.59951072010055e+26
4.45900750618392e+26
1.22025374893729e+27
3.28020482822866e+27
8.66665723886924e+27
2.25189173272072e+28
5.75731061737455e+28
1.44905846076178e+29
3.59212850076114e+29
8.77428765708644e+29
2.11275822843303e+30
5.01695089507168e+30
1.1752958125666e+31
2.71724381485586e+31
6.20201896595994e+31
1.39798439386701e+32
3.11294315906225e+32
6.84964723492733e+32
1.48975864978111e+33
3.20354831248151e+33
6.8128056427637e+33
1.43320018479698e+34
2.98315611842633e+34
6.14513102030782e+34
1.25304307601009e+35
2.52970751778523e+35
5.05743345950925e+35
1.00144760600159e+36
1.96446290138805e+36
3.81815209839119e+36
7.35410322304244e+36
1.40392478618684e+37
2.65682811517743e+37
4.98487108332794e+37
9.2742378525369e+37
1.71118534234079e+38
3.13161907849983e+38
5.68526011800465e+38
1.0239901762964e+39
1.83002877594888e+39
3.24554455248354e+39
5.71260114316317e+39
9.98031876367081e+39
1.73087242081864e+40
2.98016493073129e+40
5.09463612284117e+40
8.64819224960816e+40
1.45786446001568e+41
2.440774787207e+41
4.05877434534627e+41
6.70433147316234e+41
1.10013263401188e+42
1.79348674258749e+42
2.90501498947393e+42
4.67550161553177e+42
7.47772114030931e+42
1.18850829937315e+43
1.87740024528183e+43
2.94755671547326e+43
4.5998773471948e+43
7.13569795019875e+43
1.10042227701014e+44
1.68710008263412e+44
2.5716153965754e+44
3.89743912340457e+44
5.87333278896415e+44
8.8012625486756e+44
1.31154433796944e+45
1.94366111217721e+45
2.86469927687659e+45
4.19932270383132e+45
6.12267816005919e+45
8.87943446834458e+45
1.28094383870107e+46
1.83820734748687e+46
2.62419902799033e+46
3.72695954684984e+46
5.26605684522799e+46
7.40297431010843e+46
1.03545977028969e+47
1.44106159880322e+47
1.99558312264729e+47
2.74985823013475e+47
3.77067283769627e+47
5.1452911823943e+47
6.98711269118356e+47
9.44269583895412e+47
1.27004219678991e+48
1.70011107860381e+48
2.26509392991096e+48
3.00370560107431e+48
3.96463206999558e+48
5.20876348524536e+48
6.81183562988415e+48
8.86753107114032e+48
1.14910918743399e+49
1.48234946701595e+49
1.90362356257223e+49
2.43367670052015e+49
3.09746180217996e+49
3.92482200917538e+49
4.9512439942834e+49
6.21868029038343e+49
7.77643628000935e+49
9.68211440267052e+49
1.20026045561572e+50
1.48151056124593e+50
1.82081584851617e+50
2.22826663488823e+50
2.71528725303965e+50
3.29472614078073e+50
3.98093425459198e+50
4.78982734746685e+50
5.73892722265404e+50
6.84737672587531e+50
8.13592299865232e+50
9.62686341452536e+50
1.13439486880374e+51
1.33122379116713e+51
1.55579007636176e+51
1.81079628596316e+51
2.09899912090716e+51
2.42317179839501e+51
2.78606023160749e+51
3.19033315854708e+51
3.63852656253617e+51
4.13298294043514e+51
4.67578620014825e+51
5.26869319987089e+51
5.91306317010564e+51
6.60978647713576e+51
7.3592143841406e+51
8.16109163389688e+51
9.01449380551858e+51
9.91777147791497e+51
1.08685032564867e+52
1.18634596803096e+52
1.28985799197617e+52
1.39689629965237e+52
1.50688750089448e+52
1.61917735284984e+52
1.73303499529369e+52
1.84765901671691e+52
1.9621853384967e+52
2.07569685370186e+52
2.18723470493141e+52
2.29581103377028e+52
2.40042298479463e+52
2.50006770141743e+52
2.59375801102771e+52
2.68053846450194e+52
2.75950137170699e+52
2.82980246124235e+52
2.89067579021973e+52
2.94144753879853e+52
2.98154834451588e+52
3.01052386277104e+52
3.02804328131886e+52
3.03390556707165e+52
3.02804328131886e+52
3.01052386277104e+52
2.98154834451588e+52
2.94144753879853e+52
2.89067579021973e+52
2.82980246124235e+52
2.75950137170699e+52
2.68053846450194e+52
2.59375801102771e+52
2.50006770141743e+52
2.40042298479463e+52
2.29581103377028e+52
2.18723470493141e+52
2.07569685370186e+52
1.9621853384967e+52
1.84765901671691e+52
1.73303499529369e+52
1.61917735284984e+52
1.50688750089448e+52
1.39689629965237e+52
1.28985799197617e+52
1.18634596803096e+52
1.08685032564867e+52
9.91777147791497e+51
9.01449380551858e+51
8.16109163389688e+51
7.3592143841406e+51
6.60978647713576e+51
5.91306317010564e+51
5.26869319987089e+51
4.67578620014825e+51
4.13298294043514e+51
3.63852656253617e+51
3.19033315854708e+51
2.78606023160749e+51
2.42317179839501e+51
2.09899912090716e+51
1.81079628596316e+51
1.55579007636176e+51
1.33122379116713e+51
1.13439486880374e+51
9.62686341452536e+50
8.13592299865232e+50
6.84737672587531e+50
5.73892722265404e+50
4.78982734746685e+50
3.98093425459198e+50
3.29472614078073e+50
2.71528725303965e+50
2.22826663488823e+50
1.82081584851617e+50
1.48151056124593e+50
1.20026045561572e+50
9.68211440267052e+49
7.77643628000935e+49
6.21868029038343e+49
4.9512439942834e+49
3.92482200917538e+49
3.09746180217996e+49
2.43367670052015e+49
1.90362356257223e+49
1.48234946701595e+49
1.14910918743399e+49
8.86753107114032e+48
6.81183562988415e+48
5.20876348524536e+48
3.96463206999558e+48
3.00370560107431e+48
2.26509392991096e+48
1.70011107860381e+48
1.27004219678991e+48
9.44269583895412e+47
6.98711269118356e+47
5.1452911823943e+47
3.77067283769627e+47
2.74985823013475e+47
1.99558312264729e+47
1.44106159880322e+47
1.03545977028969e+47
7.40297431010843e+46
5.26605684522799e+46
3.72695954684984e+46
2.62419902799033e+46
1.83820734748687e+46
1.28094383870107e+46
8.87943446834458e+45
6.12267816005919e+45
4.19932270383132e+45
2.86469927687659e+45
1.94366111217721e+45
1.31154433796944e+45
8.8012625486756e+44
5.87333278896415e+44
3.89743912340457e+44
2.5716153965754e+44
1.68710008263412e+44
1.10042227701014e+44
7.13569795019875e+43
4.5998773471948e+43
2.94755671547326e+43
1.87740024528183e+43
1.18850829937315e+43
7.47772114030931e+42
4.67550161553177e+42
2.90501498947393e+42
1.79348674258749e+42
1.10013263401188e+42
6.70433147316234e+41
4.05877434534627e+41
2.440774787207e+41
1.45786446001568e+41
8.64819224960816e+40
5.09463612284117e+40
2.98016493073129e+40
1.73087242081864e+40
9.98031876367081e+39
5.71260114316317e+39
3.24554455248354e+39
1.83002877594888e+39
1.0239901762964e+39
5.68526011800465e+38
3.13161907849983e+38
1.71118534234079e+38
9.2742378525369e+37
4.98487108332794e+37
2.65682811517743e+37
1.40392478618684e+37
7.35410322304244e+36
3.81815209839119e+36
1.96446290138805e+36
1.00144760600159e+36
5.05743345950925e+35
2.52970751778523e+35
1.25304307601009e+35
6.14513102030782e+34
2.98315611842633e+34
1.43320018479698e+34
6.8128056427637e+33
3.20354831248151e+33
1.48975864978111e+33
6.84964723492733e+32
3.11294315906225e+32
1.39798439386701e+32
6.20201896595994e+31
2.71724381485586e+31
1.1752958125666e+31
5.01695089507168e+30
2.11275822843303e+30
8.77428765708644e+29
3.59212850076114e+29
1.44905846076178e+29
5.75731061737455e+28
2.25189173272072e+28
8.66665723886924e+27
3.28020482822866e+27
1.22025374893729e+27
4.45900750618392e+26
1.59951072010055e+26
5.62860138630043e+25
1.94160738654108e+25
6.56040828450102e+24
2.16942847619646e+24
7.01478461355609e+23
2.21573387162174e+23
6.82970231554381e+22
2.05199731253541e+22
6.00221464791355e+21
1.70698183782444e+21
4.71302926045163e+20
1.26135699975955e+20
3.26654781884696e+19
8.1700345672455e+18
1.96936632806197e+18
4.56436474422726e+17
1.01450008964057e+17
2.15611296762724e+16
4.36723340584134e+15
839906799526336
152716604406592
26123222268208
4179773251264
621322008736
85112872000
10639121544
1198774656
119877472
10424128
766480
45760
2080
64
1
