1
125
7750
317750
9691375
234531275
4690625500
79740633500
1176174344125
15290266473625
177367091094050
1.85429231598325e+15
1.76157770018409e+16
1.53121753939078e+17
1.22497403151263e+18
9.06480783319344e+18
6.23205538532049e+19
3.9958472764702e+20
2.39750836588212e+21
1.35017576394414e+22
7.15593154890394e+22
3.57796577445197e+23
1.6914020024682e+24
7.57453940235761e+24
3.21917924600199e+25
1.3005484153848e+26
5.00210928994155e+26
1.83410673964523e+27
6.41937358875832e+27
2.14716978658468e+28
6.87094331707097e+28
2.10561166168304e+29
6.18523425619393e+29
1.74311147220011e+30
4.71665457183558e+30
1.22633018867725e+31
3.06582547169313e+31
7.37455316164023e+31
1.70779125848511e+32
3.80968819200524e+32
8.19082961281126e+32
1.69809882216819e+33
3.39619764433638e+33
6.55545126697487e+33
1.22169773611804e+34
2.19905592501248e+34
3.82444508697822e+34
6.42832259300595e+34
1.04460242136347e+35
1.64151809071402e+35
2.49510749788531e+35
3.66927573218428e+35
5.22166161887762e+35
7.1920999656239e+35
9.58946662083186e+35
1.23791296378011e+36
1.54739120472514e+36
1.87315777414096e+36
2.19611601106182e+36
2.49389445323969e+36
2.74328389856366e+36
2.92317136732193e+36
3.0174672178807e+36
3.0174672178807e+36
2.92317136732193e+36
2.74328389856366e+36
2.49389445323969e+36
2.19611601106182e+36
1.87315777414096e+36
1.54739120472514e+36
1.23791296378011e+36
9.58946662083186e+35
7.1920999656239e+35
5.22166161887762e+35
3.66927573218428e+35
2.49510749788531e+35
1.64151809071402e+35
1.04460242136347e+35
6.42832259300595e+34
3.82444508697822e+34
2.19905592501248e+34
1.22169773611804e+34
6.55545126697487e+33
3.39619764433638e+33
1.69809882216819e+33
8.19082961281126e+32
3.80968819200524e+32
1.70779125848511e+32
7.37455316164023e+31
3.06582547169313e+31
1.22633018867725e+31
4.71665457183558e+30
1.74311147220011e+30
6.18523425619393e+29
2.10561166168304e+29
6.87094331707097e+28
2.14716978658468e+28
6.41937358875832e+27
1.83410673964523e+27
5.00210928994155e+26
1.3005484153848e+26
3.21917924600199e+25
7.57453940235761e+24
1.6914020024682e+24
3.57796577445197e+23
7.15593154890394e+22
1.35017576394414e+22
2.39750836588212e+21
3.9958472764702e+20
6.23205538532049e+19
9.06480783319344e+18
1.22497403151263e+18
1.53121753939078e+17
1.76157770018409e+16
1.85429231598325e+15
177367091094050
15290266473625
1176174344125
79740633500
4690625500
234531275
9691375
317750
7750
125
1
