1
8
36
120
330
792
1716
3432
6435
11440
19448
31816
50324
77232
115320
167904
238821
332376
453244
606320
796510
1028456
1306216
1632920
2010423
2438976
2916936
3440536
4003736
4598176
5213252
5836336
6453161
7048336
7605956
8110272
8546386
8900936
9162736
9323336
9377467
9323336
9162736
8900936
8546386
8110272
7605956
7048336
6453161
5836336
5213252
4598176
4003736
3440536
2916936
2438976
2010423
1632920
1306216
1028456
796510
606320
453244
332376
238821
167904
115320
77232
50324
31816
19448
11440
6435
3432
1716
792
330
120
36
8
1
