1
16
136
816
3876
15488
54008
168368
477258
1245488
3020816
6859856
14671476
29695056
57103816
104677280
183424355
307970080
496464480
769757280
1149633620
1656039920
2303442320
3096721920
4027263620
5070064208
6182698328
7306792288
8372267728
9304090208
10030702424
10492874384
10651488789
10492874384
10030702424
9304090208
8372267728
7306792288
6182698328
5070064208
4027263620
3096721920
2303442320
1656039920
1149633620
769757280
496464480
307970080
183424355
104677280
57103816
29695056
14671476
6859856
3020816
1245488
477258
168368
54008
15488
3876
816
136
16
1
