1
54
1485
27720
395010
4582116
45057474
386206920
2944827765
20286591216
127805522085
743595701634
4027808988000
20448862669620
97862268852216
443640974061780
1.913191338227e+15
7.87777354036233e+15
3.10729718482604e+16
1.17747458888122e+17
4.29763261240248e+17
1.51432786686231e+18
5.16211860829115e+18
1.70557996222908e+19
5.47136884352494e+19
1.70678139852267e+20
5.18487471543668e+20
1.53584166106251e+21
4.44146609618241e+21
1.25533993071635e+22
3.47135014166702e+22
9.40052027328817e+22
2.49520683303101e+23
6.49711420062276e+23
1.66083923846552e+24
4.17099470717073e+24
1.02978912091448e+25
2.5010757654695e+25
5.97904314578086e+25
1.40767932240851e+26
3.26565003968129e+26
7.46866440709278e+26
1.68470954446225e+27
3.7497825997487e+27
8.23883653589999e+27
1.78761736527296e+28
3.83171592685237e+28
8.11661502730399e+28
1.69966986288745e+29
3.51965436878629e+29
7.20961958278774e+29
1.46125602748174e+30
2.93130319069681e+30
5.82141958294898e+30
1.14482439142707e+31
2.22994340339398e+31
4.30320855929861e+31
8.22865411068267e+31
1.55952836028908e+32
2.93003067521232e+32
5.4581846210012e+32
1.00832553510036e+33
1.84759124305789e+33
3.35843271183631e+33
6.0570782408721e+33
1.08405895730572e+34
1.92562014733628e+34
3.39530420283316e+34
5.94342961216379e+34
1.0330080588653e+35
1.7829293199324e+35
3.05620192304612e+35
5.20354385568072e+35
8.80107222391735e+35
1.47890180846127e+36
2.4692043098339e+36
4.09669475128886e+36
6.75480054842919e+36
1.10696989689464e+37
1.80320075535259e+37
2.9199583327426e+37
4.70079795021218e+37
7.52429332773557e+37
1.19755299680397e+38
1.89536665860736e+38
2.98328482110162e+38
4.67015917679812e+38
7.27169488396965e+38
1.12625618437152e+39
1.73526568557546e+39
2.65981127411317e+39
4.05620306849989e+39
6.15459875878651e+39
9.29217503973412e+39
1.39604124386625e+40
2.0872154285709e+40
3.10562278147652e+40
4.59902854054832e+40
6.77863749640644e+40
9.94488874761753e+40
1.45231350275441e+41
2.11127537404104e+41
3.05544187107921e+41
4.40218047100484e+41
6.31460004551266e+41
9.01834932053577e+41
1.28241911056176e+42
1.81581953097815e+42
2.56019328029815e+42
3.59457330028941e+42
5.025892312164e+42
6.99820347951543e+42
9.70472896273371e+42
1.34035311820466e+43
1.84378024542298e+43
2.52620136789448e+43
3.44754598236559e+43
4.68650979285188e+43
6.34600019863068e+43
8.56002689770134e+43
1.15023812939349e+44
1.53975191209163e+44
2.05341431137499e+44
2.72820778978043e+44
3.61131386973146e+44
4.76268200661542e+44
6.2581771497673e+44
8.19341841041999e+44
1.06884386826358e+45
1.38933141610833e+45
1.79949333841198e+45
2.32250975419698e+45
2.98701670765179e+45
3.82824937024939e+45
4.8893901416832e+45
6.22315042109565e+45
7.893617128205e+45
9.97839716086422e+45
1.25710947690327e+46
1.57841581745356e+46
1.97521325224704e+46
2.46353562472611e+46
3.06241369916438e+46
3.79434411342256e+46
4.68581275545797e+46
5.76787512827616e+46
7.07679559320317e+46
8.65474650968564e+46
1.05505672027026e+47
1.28205813703513e+47
1.55294699820463e+47
1.87511949047696e+47
2.25699664298124e+47
2.70812455617899e+47
3.23927693903912e+47
3.86255851182422e+47
4.59150754011878e+47
5.44119546178111e+47
6.42832125830209e+47
7.57129791285679e+47
8.89032799764014e+47
1.04074651525669e+48
1.21466579668459e+48
1.41337725659612e+48
1.63965900515404e+48
1.89647748531632e+48
2.18698100421056e+48
2.51448957397003e+48
2.88248069389546e+48
3.29457073575571e+48
3.75449163618181e+48
4.26606265504961e+48
4.83315702680498e+48
5.45966341284785e+48
6.14944215696097e+48
6.90627645153816e+48
7.73381863878299e+48
8.63553199640334e+48
9.61462848945513e+48
1.06740031062787e+49
1.18161655338997e+49
1.30431700634459e+49
1.4356544745372e+49
1.57572209336807e+49
1.72454644638581e+49
1.88208097968693e+49
2.0481998527374e+49
2.22269236946548e+49
2.40525813463077e+49
2.59550307847707e+49
2.79293648731104e+49
2.99696916878051e+49
3.20691286820313e+49
3.42198103636323e+49
3.64129102989502e+49
3.86386780295085e+49
4.08864912366319e+49
4.31449232139529e+49
4.54018254147695e+49
4.76444245365854e+49
4.98594332957316e+49
5.20331737381077e+49
5.41517116354491e+49
5.62010002378799e+49
5.81670314004819e+49
6.0035991881437e+49
6.17944224286647e+49
6.34293771366095e+49
6.4928580469765e+49
6.62805793182947e+49
6.74748874760025e+49
6.85021200127963e+49
6.93541151520014e+49
7.00240414552628e+49
7.050648836066e+49
7.07975384079858e+49
7.08948198125573e+49
7.07975384079858e+49
7.050648836066e+49
7.00240414552628e+49
6.93541151520014e+49
6.85021200127963e+49
6.74748874760025e+49
6.62805793182947e+49
6.4928580469765e+49
6.34293771366095e+49
6.17944224286647e+49
6.0035991881437e+49
5.81670314004819e+49
5.62010002378799e+49
5.41517116354491e+49
5.20331737381077e+49
4.98594332957316e+49
4.76444245365854e+49
4.54018254147695e+49
4.31449232139529e+49
4.08864912366319e+49
3.86386780295085e+49
3.64129102989502e+49
3.42198103636323e+49
3.20691286820313e+49
2.99696916878051e+49
2.79293648731104e+49
2.59550307847707e+49
2.40525813463077e+49
2.22269236946548e+49
2.0481998527374e+49
1.88208097968693e+49
1.72454644638581e+49
1.57572209336807e+49
1.4356544745372e+49
1.30431700634459e+49
1.18161655338997e+49
1.06740031062787e+49
9.61462848945513e+48
8.63553199640334e+48
7.73381863878299e+48
6.90627645153816e+48
6.14944215696097e+48
5.45966341284785e+48
4.83315702680498e+48
4.26606265504961e+48
3.75449163618181e+48
3.29457073575571e+48
2.88248069389546e+48
2.51448957397003e+48
2.18698100421056e+48
1.89647748531632e+48
1.63965900515404e+48
1.41337725659612e+48
1.21466579668459e+48
1.04074651525669e+48
8.89032799764014e+47
7.57129791285679e+47
6.42832125830209e+47
5.44119546178111e+47
4.59150754011878e+47
3.86255851182422e+47
3.23927693903912e+47
2.70812455617899e+47
2.25699664298124e+47
1.87511949047696e+47
1.55294699820463e+47
1.28205813703513e+47
1.05505672027026e+47
8.65474650968564e+46
7.07679559320317e+46
5.76787512827616e+46
4.68581275545797e+46
3.79434411342256e+46
3.06241369916438e+46
2.46353562472611e+46
1.97521325224704e+46
1.57841581745356e+46
1.25710947690327e+46
9.97839716086422e+45
7.893617128205e+45
6.22315042109565e+45
4.8893901416832e+45
3.82824937024939e+45
2.98701670765179e+45
2.32250975419698e+45
1.79949333841198e+45
1.38933141610833e+45
1.06884386826358e+45
8.19341841041999e+44
6.2581771497673e+44
4.76268200661542e+44
3.61131386973146e+44
2.72820778978043e+44
2.05341431137499e+44
1.53975191209163e+44
1.15023812939349e+44
8.56002689770134e+43
6.34600019863068e+43
4.68650979285188e+43
3.44754598236559e+43
2.52620136789448e+43
1.84378024542298e+43
1.34035311820466e+43
9.70472896273371e+42
6.99820347951543e+42
5.025892312164e+42
3.59457330028941e+42
2.56019328029815e+42
1.81581953097815e+42
1.28241911056176e+42
9.01834932053577e+41
6.31460004551266e+41
4.40218047100484e+41
3.05544187107921e+41
2.11127537404104e+41
1.45231350275441e+41
9.94488874761753e+40
6.77863749640644e+40
4.59902854054832e+40
3.10562278147652e+40
2.0872154285709e+40
1.39604124386625e+40
9.29217503973412e+39
6.15459875878651e+39
4.05620306849989e+39
2.65981127411317e+39
1.73526568557546e+39
1.12625618437152e+39
7.27169488396965e+38
4.67015917679812e+38
2.98328482110162e+38
1.89536665860736e+38
1.19755299680397e+38
7.52429332773557e+37
4.70079795021218e+37
2.9199583327426e+37
1.80320075535259e+37
1.10696989689464e+37
6.75480054842919e+36
4.09669475128886e+36
2.4692043098339e+36
1.47890180846127e+36
8.80107222391735e+35
5.20354385568072e+35
3.05620192304612e+35
1.7829293199324e+35
1.0330080588653e+35
5.94342961216379e+34
3.39530420283316e+34
1.92562014733628e+34
1.08405895730572e+34
6.0570782408721e+33
3.35843271183631e+33
1.84759124305789e+33
1.00832553510036e+33
5.4581846210012e+32
2.93003067521232e+32
1.55952836028908e+32
8.22865411068267e+31
4.30320855929861e+31
2.22994340339398e+31
1.14482439142707e+31
5.82141958294898e+30
2.93130319069681e+30
1.46125602748174e+30
7.20961958278774e+29
3.51965436878629e+29
1.69966986288745e+29
8.11661502730399e+28
3.83171592685237e+28
1.78761736527296e+28
8.23883653589999e+27
3.7497825997487e+27
1.68470954446225e+27
7.46866440709278e+26
3.26565003968129e+26
1.40767932240851e+26
5.97904314578086e+25
2.5010757654695e+25
1.02978912091448e+25
4.17099470717073e+24
1.66083923846552e+24
6.49711420062276e+23
2.49520683303101e+23
9.40052027328817e+22
3.47135014166702e+22
1.25533993071635e+22
4.44146609618241e+21
1.53584166106251e+21
5.18487471543668e+20
1.70678139852267e+20
5.47136884352494e+19
1.70557996222908e+19
5.16211860829115e+18
1.51432786686231e+18
4.29763261240248e+17
1.17747458888122e+17
3.10729718482604e+16
7.87777354036233e+15
1.913191338227e+15
443640974061780
97862268852216
20448862669620
4027808988000
743595701634
127805522085
20286591216
2944827765
386206920
45057474
4582116
395010
27720
1485
54
1
