1
128
8256
357632
11700256
308262528
6810792576
129755798400
2175393718800
32595160006400
441832168302400
5.471563671024e+15
6.24053052426832e+16
6.59965269811702e+17
6.50877860768289e+18
6.01581547893396e+19
5.23312244640914e+20
4.30053451200078e+21
3.3497459419217e+22
2.48028857078003e+23
1.7503770381638e+24
1.18011218690084e+25
7.61731373177526e+25
4.71635486734729e+26
2.80609334331253e+27
1.60689910445478e+28
8.86969128168049e+28
4.72556371800172e+29
2.43316012498866e+30
1.21217731600381e+31
5.84938683780396e+31
2.73678761560533e+32
1.24270169140027e+33
5.48112374925897e+33
2.35021157368607e+34
9.80425564385615e+34
3.98206317843591e+35
1.57574016796034e+36
6.0788880318416e+36
2.28765902474117e+37
8.40303530740279e+37
3.01436369614702e+38
1.05656001001117e+39
3.62030186809585e+39
1.21324886575122e+40
3.97834076696765e+40
1.27698052869038e+41
4.01394454331124e+41
1.23603212298581e+42
3.7300818529402e+42
1.10354229592665e+43
3.20174496937531e+43
9.11277068466902e+43
2.54514771840903e+44
6.97752964533195e+44
1.87818578289381e+45
4.9652439461956e+45
1.28949632717147e+46
3.29067445091529e+46
8.25350814696938e+46
2.03507600570352e+47
4.93408653906781e+47
1.1765462826378e+48
2.75978955818916e+48
6.36931718928168e+48
1.4465779766839e+49
3.23371670553476e+49
7.11622133268328e+49
1.54190540491953e+50
3.29001315192588e+50
6.91412845840714e+50
1.4313407183067e+51
2.91929458708131e+51
5.86682917483962e+51
1.16192676843127e+52
2.26809359193138e+52
4.36420568719546e+52
8.27874851784083e+52
1.54842717705777e+53
2.85583490281316e+53
5.19444934692661e+53
9.31872032654823e+53
1.64902797610591e+54
2.87870954958393e+54
4.95800949492507e+54
8.42551964534968e+54
1.4128778812525e+55
2.33812939020787e+55
3.8187789183119e+55
6.15612386154613e+55
9.79604098751887e+55
1.53881565099332e+56
2.38641803782137e+56
3.65393152446739e+56
5.52404427190493e+56
8.2464036182416e+56
1.21565259526101e+57
1.76977300311384e+57
2.5445650850846e+57
3.61344303078422e+57
5.06831131336109e+57
7.02201260007162e+57
9.6103029910418e+57
1.29930080658076e+58
1.73539602140926e+58
2.2899288373398e+58
2.98536375955682e+58
3.84539492662206e+58
4.89405423511654e+58
6.15454063090841e+58
7.64778453440461e+58
9.39078913840378e+58
1.13948210479994e+59
1.36635536445711e+59
1.61912941717587e+59
1.8961445996333e+59
2.19453669857074e+59
2.51017802505251e+59
2.83768725487696e+59
3.17051779858041e+59
3.50112917800203e+59
3.82123943660771e+59
4.12214954315189e+59
4.39512374960124e+59
4.63180368976096e+59
4.82462938764807e+59
4.96723789850311e+59
5.05481043762916e+59
5.0843416972112e+59
5.05481043762916e+59
4.96723789850311e+59
4.82462938764807e+59
4.63180368976096e+59
4.39512374960124e+59
4.12214954315189e+59
3.82123943660771e+59
3.50112917800203e+59
3.17051779858041e+59
2.83768725487696e+59
2.51017802505251e+59
2.19453669857074e+59
1.8961445996333e+59
1.61912941717587e+59
1.36635536445711e+59
1.13948210479994e+59
9.39078913840378e+58
7.64778453440461e+58
6.15454063090841e+58
4.89405423511654e+58
3.84539492662206e+58
2.98536375955682e+58
2.2899288373398e+58
1.73539602140926e+58
1.29930080658076e+58
9.6103029910418e+57
7.02201260007162e+57
5.06831131336109e+57
3.61344303078422e+57
2.5445650850846e+57
1.76977300311384e+57
1.21565259526101e+57
8.2464036182416e+56
5.52404427190493e+56
3.65393152446739e+56
2.38641803782137e+56
1.53881565099332e+56
9.79604098751887e+55
6.15612386154613e+55
3.8187789183119e+55
2.33812939020787e+55
1.4128778812525e+55
8.42551964534968e+54
4.95800949492507e+54
2.87870954958393e+54
1.64902797610591e+54
9.31872032654823e+53
5.19444934692661e+53
2.85583490281316e+53
1.54842717705777e+53
8.27874851784083e+52
4.36420568719546e+52
2.26809359193138e+52
1.16192676843127e+52
5.86682917483962e+51
2.91929458708131e+51
1.4313407183067e+51
6.91412845840714e+50
3.29001315192588e+50
1.54190540491953e+50
7.11622133268328e+49
3.23371670553476e+49
1.4465779766839e+49
6.36931718928168e+48
2.75978955818916e+48
1.1765462826378e+48
4.93408653906781e+47
2.03507600570352e+47
8.25350814696938e+46
3.29067445091529e+46
1.28949632717147e+46
4.9652439461956e+45
1.87818578289381e+45
6.97752964533195e+44
2.54514771840903e+44
9.11277068466902e+43
3.20174496937531e+43
1.10354229592665e+43
3.7300818529402e+42
1.23603212298581e+42
4.01394454331124e+41
1.27698052869038e+41
3.97834076696765e+40
1.21324886575122e+40
3.62030186809585e+39
1.05656001001117e+39
3.01436369614702e+38
8.40303530740279e+37
2.28765902474117e+37
6.0788880318416e+36
1.57574016796034e+36
3.98206317843591e+35
9.80425564385615e+34
2.35021157368607e+34
5.48112374925897e+33
1.24270169140027e+33
2.73678761560533e+32
5.84938683780396e+31
1.21217731600381e+31
2.43316012498866e+30
4.72556371800172e+29
8.86969128168049e+28
1.60689910445478e+28
2.80609334331253e+27
4.71635486734729e+26
7.61731373177526e+25
1.18011218690084e+25
1.7503770381638e+24
2.48028857078003e+23
3.3497459419217e+22
4.30053451200078e+21
5.23312244640914e+20
6.01581547893396e+19
6.50877860768289e+18
6.59965269811702e+17
6.24053052426832e+16
5.471563671024e+15
441832168302400
32595160006400
2175393718800
129755798400
6810792576
308262528
11700256
357632
8256
128
1
