1
9
45
165
495
1287
3003
6435
12870
24301
43677
75177
124485
199035
308187
463287
677556
965745
1343521
1826577
2429487
3164355
4039335
5057127
6213582
7496577
8885349
10350421
11854197
13352247
14795247
16131483
17309772
18282597
19009197
19458297
19610233
19458297
19009197
18282597
17309772
16131483
14795247
13352247
11854197
10350421
8885349
7496577
6213582
5057127
4039335
3164355
2429487
1826577
1343521
965745
677556
463287
308187
199035
124485
75177
43677
24301
12870
6435
3003
1287
495
165
45
9
1
