1
108
5886
215712
5977341
133518024
2503258794
40500671436
577031520222
7351976928036
84786827208174
893724390045864
8.67977935327772e+15
7.81901782980049e+16
6.57052994741366e+17
5.17570584667889e+18
3.83790842924308e+19
2.68893684122711e+20
1.78584122853627e+21
1.12755554583518e+22
6.78560499521745e+22
3.90124610527936e+23
2.1473012230253e+24
1.13366175753532e+25
5.75078721321638e+25
2.80745138045797e+26
1.32089838104525e+27
5.99762920786881e+27
2.63135235084276e+28
1.11677027619359e+29
4.58980920050458e+29
1.82851986866954e+30
7.06770253177938e+30
2.65279263066394e+31
9.67662276130988e+31
3.43294610213837e+32
1.18533222142206e+33
3.98595255111062e+33
1.30621692364427e+34
4.17394193128152e+34
1.30127151416776e+35
3.96012768651441e+35
1.17702938449998e+36
3.41828311374421e+36
9.70435262037205e+36
2.69431454751458e+37
7.3186235122569e+37
1.94570733060621e+38
5.06468222656972e+38
1.29123565809517e+39
3.22539130467972e+39
7.89625589359446e+39
1.895195274061e+40
4.46073882248537e+40
1.02991233367166e+41
2.33318743317784e+41
5.18758450023634e+41
1.13227643991916e+42
2.42668017999412e+42
5.1078976770653e+42
1.05617075769212e+43
2.1457408180188e+43
4.28407188140087e+43
8.4072560847199e+43
1.62198998991895e+44
3.07690119465613e+44
5.7401398460287e+44
1.05328052824818e+45
1.90127351983244e+45
3.37666289133734e+45
5.90111905281939e+45
1.01494643525877e+46
1.71818550382969e+46
2.86331385274507e+46
4.69776618104801e+46
7.58903908130903e+46
1.2072645886737e+47
1.89140153096125e+47
2.91859602402714e+47
4.43623662689149e+47
6.64271391869499e+47
9.79951120503202e+47
1.42438523838827e+48
2.04008936706057e+48
2.87940304905408e+48
4.00514775289828e+48
5.49069303246278e+48
7.41919083153857e+48
9.88173979184626e+48
1.29742743045551e+49
1.67930433904763e+49
2.14286551396381e+49
2.69588109192811e+49
3.34400308297125e+49
4.08988618769845e+49
4.93232406140254e+49
5.86548258018171e+49
6.87831961228751e+49
7.95427985058131e+49
9.07134174109118e+49
1.02024709803841e+50
1.13165024906014e+50
1.23794328544978e+50
1.33560619761762e+50
1.42118813009002e+50
1.49150717001096e+50
1.54384520830298e+50
1.57612136717591e+50
1.5870286507454e+50
1.57612136717591e+50
1.54384520830298e+50
1.49150717001096e+50
1.42118813009002e+50
1.33560619761762e+50
1.23794328544978e+50
1.13165024906014e+50
1.02024709803841e+50
9.07134174109118e+49
7.95427985058131e+49
6.87831961228751e+49
5.86548258018171e+49
4.93232406140254e+49
4.08988618769845e+49
3.34400308297125e+49
2.69588109192811e+49
2.14286551396381e+49
1.67930433904763e+49
1.29742743045551e+49
9.88173979184626e+48
7.41919083153857e+48
5.49069303246278e+48
4.00514775289828e+48
2.87940304905408e+48
2.04008936706057e+48
1.42438523838827e+48
9.79951120503202e+47
6.64271391869499e+47
4.43623662689149e+47
2.91859602402714e+47
1.89140153096125e+47
1.2072645886737e+47
7.58903908130903e+46
4.69776618104801e+46
2.86331385274507e+46
1.71818550382969e+46
1.01494643525877e+46
5.90111905281939e+45
3.37666289133734e+45
1.90127351983244e+45
1.05328052824818e+45
5.7401398460287e+44
3.07690119465613e+44
1.62198998991895e+44
8.4072560847199e+43
4.28407188140087e+43
2.1457408180188e+43
1.05617075769212e+43
5.1078976770653e+42
2.42668017999412e+42
1.13227643991916e+42
5.18758450023634e+41
2.33318743317784e+41
1.02991233367166e+41
4.46073882248537e+40
1.895195274061e+40
7.89625589359446e+39
3.22539130467972e+39
1.29123565809517e+39
5.06468222656972e+38
1.94570733060621e+38
7.3186235122569e+37
2.69431454751458e+37
9.70435262037205e+36
3.41828311374421e+36
1.17702938449998e+36
3.96012768651441e+35
1.30127151416776e+35
4.17394193128152e+34
1.30621692364427e+34
3.98595255111062e+33
1.18533222142206e+33
3.43294610213837e+32
9.67662276130988e+31
2.65279263066394e+31
7.06770253177938e+30
1.82851986866954e+30
4.58980920050458e+29
1.11677027619359e+29
2.63135235084276e+28
5.99762920786881e+27
1.32089838104525e+27
2.80745138045797e+26
5.75078721321638e+25
1.13366175753532e+25
2.1473012230253e+24
3.90124610527936e+23
6.78560499521745e+22
1.12755554583518e+22
1.78584122853627e+21
2.68893684122711e+20
3.83790842924308e+19
5.17570584667889e+18
6.57052994741366e+17
7.81901782980049e+16
8.67977935327772e+15
893724390045864
84786827208174
7351976928036
577031520222
40500671436
2503258794
133518024
5977341
215712
5886
108
1
