1
64
2080
45760
766480
10424128
119877472
1198774720
10639125640
85113005056
621324933280
4179822172864
26123886483760
152724227510080
839982853962208
4.36790663759507e+15
2.15665001828247e+16
1.01489092763756e+17
4.5669853427276e+17
1.97099847117345e+18
8.17954117064928e+18
3.27175627882605e+19
1.2640545069115e+20
4.72629256454978e+20
1.71319638447586e+21
6.03005501773489e+21
2.06395715830631e+22
6.87909941405361e+22
2.23539579632724e+23
7.09036731157449e+23
2.19754273615171e+24
6.6617759000615e+24
1.97709151624332e+25
5.74937359665382e+25
1.63953113772796e+26
4.58828286347341e+26
1.26100735901092e+27
3.40571891469219e+27
9.04468316969765e+27
2.36333407619582e+28
6.07915661553747e+28
1.54018824793135e+29
3.84529703426841e+29
9.4648431337461e+29
2.29781738673983e+30
5.50449321970275e+30
1.30163982164233e+31
3.03947974626753e+31
7.01128873789631e+31
1.59821177085e+32
3.6012173117132e+32
8.02374144281923e+32
1.76825537334621e+33
3.85545444530921e+33
8.31927153219461e+33
1.77699263286884e+34
3.75822861933039e+34
7.87190933242195e+34
1.63333050200873e+35
3.35783140659334e+35
6.84107601919187e+35
1.38151920168622e+36
2.76591766141324e+36
5.49099395537554e+36
1.08110676105811e+37
2.11137649487089e+37
4.09084544159443e+37
7.86464140527048e+37
1.5004755238198e+38
2.84136045718112e+38
5.34111833252972e+38
9.9679393151961e+38
1.84715227505105e+39
3.3992177955656e+39
6.21279814044915e+39
1.12792091274923e+40
2.03424238768173e+40
3.64508161090628e+40
6.48990924289278e+40
1.14826364627024e+41
2.0191083295681e+41
3.52886189172285e+41
6.13066315607735e+41
1.05880860270454e+42
1.81803793345489e+42
3.10385196001917e+42
5.26923583272938e+42
8.89565209065796e+42
1.49356928248168e+43
2.49415432821244e+43
4.14289215373566e+43
6.84537703777578e+43
1.12521307425331e+44
1.84011593394108e+44
2.99403713681109e+44
4.8472848411059e+44
7.80901557979112e+44
1.25192044656368e+45
1.99740198036817e+45
3.17166603798814e+45
5.01264490447619e+45
7.88547018682447e+45
1.23478816699541e+46
1.92479283966041e+46
2.98692345547538e+46
4.61460041451694e+46
7.09798099504616e+46
1.08704266638191e+47
1.65763604767432e+47
2.51699257973916e+47
3.80578027194455e+47
5.73050532135691e+47
8.59305397114584e+47
1.28329091943835e+48
1.90872256567152e+48
2.82759591043389e+48
4.17219973926071e+48
6.13199841046357e+48
8.97725978937398e+48
1.30919892601423e+49
1.90196492007927e+49
2.75263720005876e+49
3.96880105184801e+49
5.70095382760404e+49
8.15881735810225e+49
1.16335362636916e+50
1.65277677497791e+50
2.33963095379371e+50
3.3000744127022e+50
4.63826515252378e+50
6.49613235924249e+50
9.06636812565985e+50
1.26096349782976e+51
1.74772707898789e+51
2.41411341314032e+51
3.32326878717232e+51
4.55939884070663e+51
6.23439581148413e+51
8.49642002346567e+51
1.15409704810037e+52
1.56251134441068e+52
2.10857019514114e+52
2.83626192480493e+52
3.80283216743116e+52
5.0825249455601e+52
6.77130257215038e+52
8.99277847853318e+52
1.19056471183322e+53
1.57129543299043e+53
2.06736212799873e+53
2.71167167858111e+53
3.54590679416927e+53
4.62269091522635e+53
6.00823965371834e+53
7.78559598697279e+53
1.00585629353617e+54
1.29564661139876e+54
1.66398994877484e+54
2.13076309857308e+54
2.72048704164793e+54
3.46331303937457e+54
4.3961941694647e+54
5.56427175139149e+54
7.02250962412707e+54
8.83761293555942e+54
1.10902719352271e+55
1.38777751704116e+55
1.7317040394049e+55
2.15481153068631e+55
2.67382038610304e+55
3.30862771126592e+55
4.08283303670661e+55
5.02433504330411e+55
6.16600579859396e+55
7.54644901084139e+55
9.2108486785472e+55
1.12119142213205e+56
1.36109276959978e+56
1.64788980008293e+56
1.98978260215647e+56
2.39620834479277e+56
2.87799064603119e+56
3.44750036300353e+56
4.11882751713323e+56
4.90796381135111e+56
5.83299490177997e+56
6.91430125435092e+56
8.17476604797138e+56
9.63998818198084e+56
1.1338498009732e+57
1.33019729565846e+57
1.55654496952116e+57
1.81675290512331e+57
2.11505693067506e+57
2.45608630688768e+57
2.84487923869508e+57
3.28689563493765e+57
3.7880264983858e+57
4.35459929393054e+57
4.9933786160803e+57
5.71156145982748e+57
6.51676639325073e+57
7.41701593763541e+57
8.42071148308014e+57
9.5366001060287e+57
1.07737327112474e+58
1.21414129955225e+58
1.36491368245259e+58
1.53065217282617e+58
1.71232263541875e+58
1.9108859869954e+58
2.12728814786385e+58
2.36244903967155e+58
2.61725068465848e+58
2.89252448284487e+58
3.18903776572948e+58
3.50747974757642e+58
3.84844701783137e+58
4.21242874014261e+58
4.59979174434604e+58
5.0107657170556e+58
5.44542871362157e+58
5.90369322861525e+58
6.38529307312557e+58
6.88977131449317e+58
7.41646953719189e+58
7.96451868198944e+58
8.53283171394774e+58
9.12009835802274e+58
9.72478212386129e+58
1.03451198188519e+59
1.09791237206776e+59
1.16245865477802e+59
1.22790893286465e+59
1.29400122291781e+59
1.36045483522249e+59
1.42697204754087e+59
1.49324006434844e+59
1.55893324806194e+59
1.62371560371424e+59
1.68724349355692e+59
1.74916855331413e+59
1.8091407773805e+59
1.86681173625423e+59
1.92183788602595e+59
1.97388392689276e+59
2.02262616551635e+59
2.06775583465974e+59
2.10898232296955e+59
2.14603626805367e+59
2.17867246715218e+59
2.20667256170848e+59
2.22984745499304e+59
2.24803942557144e+59
2.26112390377795e+59
2.26901088337788e+59
2.27164594617906e+59
2.26901088337788e+59
2.26112390377795e+59
2.24803942557144e+59
2.22984745499304e+59
2.20667256170848e+59
2.17867246715218e+59
2.14603626805367e+59
2.10898232296955e+59
2.06775583465974e+59
2.02262616551635e+59
1.97388392689276e+59
1.92183788602595e+59
1.86681173625423e+59
1.8091407773805e+59
1.74916855331413e+59
1.68724349355692e+59
1.62371560371424e+59
1.55893324806194e+59
1.49324006434844e+59
1.42697204754087e+59
1.36045483522249e+59
1.29400122291781e+59
1.22790893286465e+59
1.16245865477802e+59
1.09791237206776e+59
1.03451198188519e+59
9.72478212386129e+58
9.12009835802274e+58
8.53283171394774e+58
7.96451868198944e+58
7.41646953719189e+58
6.88977131449317e+58
6.38529307312557e+58
5.90369322861525e+58
5.44542871362157e+58
5.0107657170556e+58
4.59979174434604e+58
4.21242874014261e+58
3.84844701783137e+58
3.50747974757642e+58
3.18903776572948e+58
2.89252448284487e+58
2.61725068465848e+58
2.36244903967155e+58
2.12728814786385e+58
1.9108859869954e+58
1.71232263541875e+58
1.53065217282617e+58
1.36491368245259e+58
1.21414129955225e+58
1.07737327112474e+58
9.5366001060287e+57
8.42071148308014e+57
7.41701593763541e+57
6.51676639325073e+57
5.71156145982748e+57
4.9933786160803e+57
4.35459929393054e+57
3.7880264983858e+57
3.28689563493765e+57
2.84487923869508e+57
2.45608630688768e+57
2.11505693067506e+57
1.81675290512331e+57
1.55654496952116e+57
1.33019729565846e+57
1.1338498009732e+57
9.63998818198084e+56
8.17476604797138e+56
6.91430125435092e+56
5.83299490177997e+56
4.90796381135111e+56
4.11882751713323e+56
3.44750036300353e+56
2.87799064603119e+56
2.39620834479277e+56
1.98978260215647e+56
1.64788980008293e+56
1.36109276959978e+56
1.12119142213205e+56
9.2108486785472e+55
7.54644901084139e+55
6.16600579859396e+55
5.02433504330411e+55
4.08283303670661e+55
3.30862771126592e+55
2.67382038610304e+55
2.15481153068631e+55
1.7317040394049e+55
1.38777751704116e+55
1.10902719352271e+55
8.83761293555942e+54
7.02250962412707e+54
5.56427175139149e+54
4.3961941694647e+54
3.46331303937457e+54
2.72048704164793e+54
2.13076309857308e+54
1.66398994877484e+54
1.29564661139876e+54
1.00585629353617e+54
7.78559598697279e+53
6.00823965371834e+53
4.62269091522635e+53
3.54590679416927e+53
2.71167167858111e+53
2.06736212799873e+53
1.57129543299043e+53
1.19056471183322e+53
8.99277847853318e+52
6.77130257215038e+52
5.0825249455601e+52
3.80283216743116e+52
2.83626192480493e+52
2.10857019514114e+52
1.56251134441068e+52
1.15409704810037e+52
8.49642002346567e+51
6.23439581148413e+51
4.55939884070663e+51
3.32326878717232e+51
2.41411341314032e+51
1.74772707898789e+51
1.26096349782976e+51
9.06636812565985e+50
6.49613235924249e+50
4.63826515252378e+50
3.3000744127022e+50
2.33963095379371e+50
1.65277677497791e+50
1.16335362636916e+50
8.15881735810225e+49
5.70095382760404e+49
3.96880105184801e+49
2.75263720005876e+49
1.90196492007927e+49
1.30919892601423e+49
8.97725978937398e+48
6.13199841046357e+48
4.17219973926071e+48
2.82759591043389e+48
1.90872256567152e+48
1.28329091943835e+48
8.59305397114584e+47
5.73050532135691e+47
3.80578027194455e+47
2.51699257973916e+47
1.65763604767432e+47
1.08704266638191e+47
7.09798099504616e+46
4.61460041451694e+46
2.98692345547538e+46
1.92479283966041e+46
1.23478816699541e+46
7.88547018682447e+45
5.01264490447619e+45
3.17166603798814e+45
1.99740198036817e+45
1.25192044656368e+45
7.80901557979112e+44
4.8472848411059e+44
2.99403713681109e+44
1.84011593394108e+44
1.12521307425331e+44
6.84537703777578e+43
4.14289215373566e+43
2.49415432821244e+43
1.49356928248168e+43
8.89565209065796e+42
5.26923583272938e+42
3.10385196001917e+42
1.81803793345489e+42
1.05880860270454e+42
6.13066315607735e+41
3.52886189172285e+41
2.0191083295681e+41
1.14826364627024e+41
6.48990924289278e+40
3.64508161090628e+40
2.03424238768173e+40
1.12792091274923e+40
6.21279814044915e+39
3.3992177955656e+39
1.84715227505105e+39
9.9679393151961e+38
5.34111833252972e+38
2.84136045718112e+38
1.5004755238198e+38
7.86464140527048e+37
4.09084544159443e+37
2.11137649487089e+37
1.08110676105811e+37
5.49099395537554e+36
2.76591766141324e+36
1.38151920168622e+36
6.84107601919187e+35
3.35783140659334e+35
1.63333050200873e+35
7.87190933242195e+34
3.75822861933039e+34
1.77699263286884e+34
8.31927153219461e+33
3.85545444530921e+33
1.76825537334621e+33
8.02374144281923e+32
3.6012173117132e+32
1.59821177085e+32
7.01128873789631e+31
3.03947974626753e+31
1.30163982164233e+31
5.50449321970275e+30
2.29781738673983e+30
9.4648431337461e+29
3.84529703426841e+29
1.54018824793135e+29
6.07915661553747e+28
2.36333407619582e+28
9.04468316969765e+27
3.40571891469219e+27
1.26100735901092e+27
4.58828286347341e+26
1.63953113772796e+26
5.74937359665382e+25
1.97709151624332e+25
6.6617759000615e+24
2.19754273615171e+24
7.09036731157449e+23
2.23539579632724e+23
6.87909941405361e+22
2.06395715830631e+22
6.03005501773489e+21
1.71319638447586e+21
4.72629256454978e+20
1.2640545069115e+20
3.27175627882605e+19
8.17954117064928e+18
1.97099847117345e+18
4.5669853427276e+17
1.01489092763756e+17
2.15665001828247e+16
4.36790663759507e+15
839982853962208
152724227510080
26123886483760
4179822172864
621324933280
85113005056
10639125640
1198774720
119877472
10424128
766480
45760
2080
64
1
