1
512
131328
22500352
2896724096
298901740032
25749640129024
1.90484268262554e+15
1.23519836047155e+17
7.13235804177738e+18
3.71307224843793e+20
1.76032336621807e+22
7.66310465895347e+23
3.08451775882663e+25
1.1548035577165e+27
4.04184430856369e+28
1.32839486292845e+30
4.11568271227012e+31
1.20620285819828e+33
3.35425861506583e+34
8.87496752381101e+35
2.23980333929959e+37
5.40385506152345e+38
1.2489309804688e+40
2.77030782152378e+41
5.90771283219413e+42
1.21311035824266e+44
2.40218401962797e+45
4.59331308311495e+46
8.49193544477429e+47
1.51969960096808e+49
2.6354515011036e+50
4.43346972614706e+51
7.24171455336418e+52
1.14958278467507e+54
1.7750456065672e+55
2.66807069448719e+56
3.90690178666324e+57
5.57732561389572e+58
7.76734242905188e+59
1.05596931861791e+61
1.40225814954589e+62
1.81993087949552e+63
2.30978951037966e+64
2.86820111985119e+65
3.486463277908e+66
4.15056969680099e+67
4.84146858216267e+68
5.53585126469328e+69
6.20744176998975e+70
6.82868924587863e+71
7.37270589052927e+72
7.81525336169726e+73
8.13656760288535e+74
8.32282806755806e+75
8.36711994396683e+76
8.26980024454638e+77
8.03825058611147e+78
7.68607013853932e+79
7.23182148232853e+80
6.69748251146287e+81
6.10677519381298e+82
5.48353697824948e+83
4.85027633551818e+84
4.2270161436801e+85
3.6304842895569e+86
3.073666707917e+87
2.56569969417834e+88
2.1120494625409e+89
1.71490930739279e+90
1.37373821684845e+91
1.08586778972257e+92
8.47114334937497e+92
6.52347270867205e+93
4.95980725130747e+94
3.72370377422318e+95
2.76110557659176e+96
2.0223656098283e+97
1.46343826786693e+98
1.04639269810758e+99
7.39411623025993e+99
5.16432013726414e+100
3.56564213572851e+101
2.43400181603285e+102
1.64294079555205e+103
1.09672733104114e+104
7.24115122251696e+104
4.72937630418374e+105
3.05591467494339e+106
1.95376447402024e+107
1.23608442898362e+108
7.739611069802e+108
4.7966077359319e+109
2.94266770097196e+110
1.78725702946394e+111
1.07477452765939e+112
6.39995710181365e+112
3.77406978407222e+113
2.20423977493702e+114
1.27516316748224e+115
7.30754991329334e+115
4.14874900415637e+116
2.33367985558487e+117
1.3007167707509e+118
7.18421578771197e+118
3.93249541642673e+119
2.1334655537313e+120
1.14727415288273e+121
6.11572379398186e+121
3.23192918436893e+122
1.69333432802674e+123
8.79677405618476e+123
4.53144104673798e+124
2.31479813276536e+125
1.17269463020691e+126
5.89226584971545e+126
2.93653591019425e+127
1.45168819331287e+128
7.11910421190017e+128
3.46353634522978e+129
1.67180052106122e+130
8.00657721900241e+130
3.80481915054859e+131
1.79420600942266e+132
8.39629697616852e+132
3.89947427299456e+133
1.79743116786037e+134
8.22339502312057e+134
3.73445333800002e+135
1.68346404291932e+136
7.53364421171463e+136
3.34698657044869e+137
1.47629520899109e+138
6.46524872299009e+138
2.81133178539798e+139
1.21387931562878e+140
5.20471346244464e+140
2.21613939669574e+141
9.37123789294194e+141
3.93565368117224e+142
1.6416360717085e+143
6.80137566992415e+143
2.79895539502266e+144
1.14417829916971e+145
4.64631707107376e+145
1.87439018187839e+146
7.51217191098533e+146
2.99118631924608e+147
1.18334574345225e+148
4.65144222023154e+148
1.81672293147215e+149
7.05069467194157e+149
2.71915567018261e+150
1.04210567720669e+151
3.96900202959173e+151
1.50230759447798e+152
5.65145505001999e+152
2.11300846968693e+153
7.8523057283582e+153
2.900436837143e+154
1.06491492474206e+155
3.8865704342986e+155
1.4100448872938e+156
5.08544011676564e+156
1.82333981316979e+157
6.49926453961581e+157
2.30320303287513e+158
8.11494055884905e+158
2.84273969941058e+159
9.90149622775506e+159
3.42917552283261e+160
1.18090991595428e+161
4.04384808715298e+161
1.37700838609307e+162
4.66288333282175e+162
1.57022211603369e+163
5.25857918405229e+163
1.75141309737524e+164
5.80140956420415e+164
1.91123893179945e+165
6.26245451900493e+165
2.04095679429844e+166
6.6159772544879e+166
2.13322353637956e+167
6.84182515378672e+167
2.18278899704716e+168
6.92734040297046e+168
2.18699087694703e+169
6.86852745093994e+169
2.14598637995196e+170
6.6703289243319e+170
2.06269347690825e+171
6.34598978321265e+171
1.94245616419307e+172
5.9156178677365e+172
1.79248592532546e+173
5.40415470076684e+173
1.62115924748078e+174
4.839036223131e+174
1.43726435765313e+175
4.24784067988026e+175
1.24928825233158e+176
3.65619167572898e+176
1.06481953258368e+177
3.08611858486902e+177
8.9011773677603e+177
2.55498965606554e+178
7.29871140664553e+178
2.07504255658101e+179
5.8713763594429e+179
1.65345798241967e+180
4.63441461604424e+180
1.29286490430138e+181
3.5898468524639e+181
9.92135752887583e+181
2.72926992602475e+182
7.47325522161247e+182
2.03689535288079e+183
5.52625298626661e+183
1.49246252408091e+184
4.01230686476725e+184
1.07376739203492e+185
2.86061163517769e+185
7.58660354262587e+185
2.00300846215687e+186
5.2646816927356e+186
1.37759752900027e+187
3.58872669843018e+187
9.30749972453868e+187
2.40329480367591e+188
6.17830177179809e+188
1.58134219418589e+189
4.02980309158192e+189
1.02246747881217e+190
2.58302919419608e+190
6.49725060309334e+190
1.62725910189481e+191
4.05804466121111e+191
1.00766489669167e+192
2.49149914866456e+192
6.13418281827115e+192
1.50386911131595e+193
3.6713572814838e+193
8.92508633811117e+193
2.16059410617715e+194
5.20852434066105e+194
1.25038187064011e+195
2.98925353735938e+195
7.11673097886388e+195
1.6873361353206e+196
3.98411091019662e+196
9.36861579021905e+196
2.19401212926165e+197
5.11714290194451e+197
1.18862888795024e+198
2.74979596404347e+198
6.33571018156586e+198
1.45390463145147e+199
3.32297760838909e+199
7.56440604190775e+199
1.71507522178027e+200
3.87308819193322e+200
8.71168933440979e+200
1.95174472397243e+201
4.35536046799682e+201
9.68078162643862e+201
2.14331842759696e+202
4.72669535069492e+202
1.03831183919357e+203
2.27196627067225e+203
4.95204279334701e+203
1.07517671230536e+204
2.32537358192631e+204
5.00988177299725e+204
1.07519805742881e+205
2.29868821389145e+205
4.89560742668072e+205
1.03865733750951e+206
2.19523708572105e+206
4.62208784651732e+206
9.69497619352301e+206
2.02586829984083e+207
4.21731136901186e+207
8.74629597757762e+207
1.8070939488282e+208
3.71971211323274e+208
7.62805654488355e+208
1.55846969715076e+209
3.17224394052544e+209
6.43313082864293e+209
1.29977921207383e+210
2.6164470824249e+210
5.24750940711675e+210
1.04856920852667e+211
2.08759981383771e+211
4.14101983338852e+211
8.18428772955012e+211
1.6116530667081e+212
3.16215287266272e+212
6.18184780684485e+212
1.20415218947036e+213
2.33709046566103e+213
4.51964328950669e+213
8.70904784643342e+213
1.67216232070014e+214
3.19912168010976e+214
6.0986113028981e+214
1.15846332781626e+215
2.19274439529356e+215
4.13572188570922e+215
7.77276299944891e+215
1.45567179233787e+216
2.71655547570693e+216
5.05177342836513e+216
9.3614344297707e+216
1.72869045227372e+217
3.18105653041659e+217
5.83321328272466e+217
1.06593226844851e+218
1.94106281870735e+218
3.52241657979739e+218
6.36994788320803e+218
1.14796314219568e+219
2.06167285822509e+219
3.68989597538861e+219
6.58133266765799e+219
1.16982711399511e+220
2.07224158003787e+220
3.65824395693779e+220
6.43607680657432e+220
1.12846662110055e+221
1.97186786434204e+221
3.43392746533039e+221
5.95979391516067e+221
1.03086254994682e+222
1.77706057739742e+222
3.05308000494837e+222
5.2277056934651e+222
8.92120573893748e+222
1.51732259881582e+223
2.57203389201838e+223
4.34532495488563e+223
7.31673026147958e+223
1.22790119202286e+224
2.05382646885108e+224
3.42389437256391e+224
5.6889952573321e+224
9.42131841985021e+224
1.55507365624898e+225
2.55832474684439e+225
4.19496207245699e+225
6.85599162352705e+225
1.11682360460905e+226
1.81331448442158e+226
2.93452673819298e+226
4.73349082727147e+226
7.61036790581719e+226
1.21958620637314e+227
1.94806826283917e+227
3.10157802821202e+227
4.92209694824258e+227
7.78589508280849e+227
1.22760843401579e+228
1.92932812422196e+228
3.02238097205364e+228
4.71944732595795e+228
7.34571092478475e+228
1.13967018605582e+229
1.76249987996992e+229
2.71697369906326e+229
4.17493827088193e+229
6.39476821388591e+229
9.76363426697499e+229
1.48597652574906e+230
2.25438420129917e+230
3.40926863477846e+230
5.13941365374763e+230
7.72301220392811e+230
1.15686420506845e+231
1.72743718489003e+231
2.57127216332788e+231
3.81523598376208e+231
5.64318111794762e+231
8.32065348013631e+231
1.2229912960052e+232
1.79193967263741e+232
2.61733359551367e+232
3.81093923475459e+232
5.53151092340733e+232
8.00379343712386e+232
1.15448911283418e+233
1.66007303074971e+233
2.37962993433057e+233
3.40046264779703e+233
4.84411465376845e+233
6.87923407570785e+233
9.73904701699985e+233
1.37450067697537e+234
1.93386866964763e+234
2.71246354086062e+234
3.79277541829167e+234
5.28698393986672e+234
7.34713203566967e+234
1.01785993013911e+235
1.40578798268272e+235
1.9355953549287e+235
2.65688978384398e+235
3.63578339505731e+235
4.96008613455048e+235
6.74603254949539e+235
9.14696197922225e+235
1.23644772258402e+236
1.66627350850784e+236
2.23866780821983e+236
2.99852053193373e+236
4.00405070590801e+236
5.33050587248234e+236
7.07480921740115e+236
9.36137427302002e+236
1.23493517341918e+237
1.62416250493571e+237
2.12959318378311e+237
2.78385576470481e+237
3.62811278639398e+237
4.71411134042774e+237
6.10667666489511e+237
7.88673162934863e+237
1.01549373358224e+238
1.30360635231201e+238
1.66842119473847e+238
2.12890312823546e+238
2.70830781295754e+238
3.4350495162533e+238
4.34371938656832e+238
5.47627452802039e+238
6.88341970263786e+238
8.62620479044758e+238
1.07778621714593e+239
1.34259088576316e+239
1.66745383829416e+239
2.06473270284701e+239
2.5490277777938e+239
3.13752233186881e+239
3.85036062682754e+239
4.71106504594312e+239
5.74699314002457e+239
6.98983467943645e+239
8.47614791256607e+239
1.024793316748e+240
1.23532406865687e+240
1.48468081504941e+240
1.77907217297287e+240
2.12550927077368e+240
2.53187397651186e+240
3.00698649228358e+240
3.56067089481477e+240
4.20381697720633e+240
4.9484365205102e+240
5.80771190323418e+240
6.79603474924603e+240
7.92903212813171e+240
9.22357766591509e+240
1.06977848078527e+241
1.23709794088614e+241
1.42636488212229e+241
1.63973647135268e+241
1.87946769987566e+241
2.14789764813796e+241
2.44743241601886e+241
2.78052455504834e+241
3.14964889185865e+241
3.55727469535009e+241
4.00583421313358e+241
4.49768768510348e+241
5.03508503242356e+241
5.62012451731392e+241
6.25470877095289e+241
6.94049869132001e+241
7.67886581731879e+241
8.47084388714172e+241
9.31708038444112e+241
1.02177889621504e+242
1.11727037073914e+242
1.21810362684667e+242
1.32414369032885e+242
1.43519605248094e+242
1.55100388105878e+242
1.67124594085166e+242
1.79553532076007e+242
1.92341905508299e+242
2.05437871468226e+242
2.18783202890511e+242
2.32313558180352e+242
2.45958860657706e+242
2.59643788065676e+242
2.73288370089746e+242
2.86808689448254e+242
3.00117679695468e+242
3.13126010490181e+242
3.25743048790329e+242
3.37877882304218e+242
3.49440389625895e+242
3.60342339867122e+242
3.70498503326072e+242
3.79827753850342e+242
3.88254143096409e+242
3.95707926885085e+242
4.02126524316266e+242
4.07455391236329e+242
4.11648791034292e+242
4.14670447551076e+242
4.1649406707977e+242
4.17103718961587e+242
4.1649406707977e+242
4.14670447551076e+242
4.11648791034292e+242
4.07455391236329e+242
4.02126524316266e+242
3.95707926885085e+242
3.88254143096409e+242
3.79827753850342e+242
3.70498503326072e+242
3.60342339867122e+242
3.49440389625895e+242
3.37877882304218e+242
3.25743048790329e+242
3.13126010490181e+242
3.00117679695468e+242
2.86808689448254e+242
2.73288370089746e+242
2.59643788065676e+242
2.45958860657706e+242
2.32313558180352e+242
2.18783202890511e+242
2.05437871468226e+242
1.92341905508299e+242
1.79553532076007e+242
1.67124594085166e+242
1.55100388105878e+242
1.43519605248094e+242
1.32414369032885e+242
1.21810362684667e+242
1.11727037073914e+242
1.02177889621504e+242
9.31708038444112e+241
8.47084388714172e+241
7.67886581731879e+241
6.94049869132001e+241
6.25470877095289e+241
5.62012451731392e+241
5.03508503242356e+241
4.49768768510348e+241
4.00583421313358e+241
3.55727469535009e+241
3.14964889185865e+241
2.78052455504834e+241
2.44743241601886e+241
2.14789764813796e+241
1.87946769987566e+241
1.63973647135268e+241
1.42636488212229e+241
1.23709794088614e+241
1.06977848078527e+241
9.22357766591509e+240
7.92903212813171e+240
6.79603474924603e+240
5.80771190323418e+240
4.9484365205102e+240
4.20381697720633e+240
3.56067089481477e+240
3.00698649228358e+240
2.53187397651186e+240
2.12550927077368e+240
1.77907217297287e+240
1.48468081504941e+240
1.23532406865687e+240
1.024793316748e+240
8.47614791256607e+239
6.98983467943645e+239
5.74699314002457e+239
4.71106504594312e+239
3.85036062682754e+239
3.13752233186881e+239
2.5490277777938e+239
2.06473270284701e+239
1.66745383829416e+239
1.34259088576316e+239
1.07778621714593e+239
8.62620479044758e+238
6.88341970263786e+238
5.47627452802039e+238
4.34371938656832e+238
3.4350495162533e+238
2.70830781295754e+238
2.12890312823546e+238
1.66842119473847e+238
1.30360635231201e+238
1.01549373358224e+238
7.88673162934863e+237
6.10667666489511e+237
4.71411134042774e+237
3.62811278639398e+237
2.78385576470481e+237
2.12959318378311e+237
1.62416250493571e+237
1.23493517341918e+237
9.36137427302002e+236
7.07480921740115e+236
5.33050587248234e+236
4.00405070590801e+236
2.99852053193373e+236
2.23866780821983e+236
1.66627350850784e+236
1.23644772258402e+236
9.14696197922225e+235
6.74603254949539e+235
4.96008613455048e+235
3.63578339505731e+235
2.65688978384398e+235
1.9355953549287e+235
1.40578798268272e+235
1.01785993013911e+235
7.34713203566967e+234
5.28698393986672e+234
3.79277541829167e+234
2.71246354086062e+234
1.93386866964763e+234
1.37450067697537e+234
9.73904701699985e+233
6.87923407570785e+233
4.84411465376845e+233
3.40046264779703e+233
2.37962993433057e+233
1.66007303074971e+233
1.15448911283418e+233
8.00379343712386e+232
5.53151092340733e+232
3.81093923475459e+232
2.61733359551367e+232
1.79193967263741e+232
1.2229912960052e+232
8.32065348013631e+231
5.64318111794762e+231
3.81523598376208e+231
2.57127216332788e+231
1.72743718489003e+231
1.15686420506845e+231
7.72301220392811e+230
5.13941365374763e+230
3.40926863477846e+230
2.25438420129917e+230
1.48597652574906e+230
9.76363426697499e+229
6.39476821388591e+229
4.17493827088193e+229
2.71697369906326e+229
1.76249987996992e+229
1.13967018605582e+229
7.34571092478475e+228
4.71944732595795e+228
3.02238097205364e+228
1.92932812422196e+228
1.22760843401579e+228
7.78589508280849e+227
4.92209694824258e+227
3.10157802821202e+227
1.94806826283917e+227
1.21958620637314e+227
7.61036790581719e+226
4.73349082727147e+226
2.93452673819298e+226
1.81331448442158e+226
1.11682360460905e+226
6.85599162352705e+225
4.19496207245699e+225
2.55832474684439e+225
1.55507365624898e+225
9.42131841985021e+224
5.6889952573321e+224
3.42389437256391e+224
2.05382646885108e+224
1.22790119202286e+224
7.31673026147958e+223
4.34532495488563e+223
2.57203389201838e+223
1.51732259881582e+223
8.92120573893748e+222
5.2277056934651e+222
3.05308000494837e+222
1.77706057739742e+222
1.03086254994682e+222
5.95979391516067e+221
3.43392746533039e+221
1.97186786434204e+221
1.12846662110055e+221
6.43607680657432e+220
3.65824395693779e+220
2.07224158003787e+220
1.16982711399511e+220
6.58133266765799e+219
3.68989597538861e+219
2.06167285822509e+219
1.14796314219568e+219
6.36994788320803e+218
3.52241657979739e+218
1.94106281870735e+218
1.06593226844851e+218
5.83321328272466e+217
3.18105653041659e+217
1.72869045227372e+217
9.3614344297707e+216
5.05177342836513e+216
2.71655547570693e+216
1.45567179233787e+216
7.77276299944891e+215
4.13572188570922e+215
2.19274439529356e+215
1.15846332781626e+215
6.0986113028981e+214
3.19912168010976e+214
1.67216232070014e+214
8.70904784643342e+213
4.51964328950669e+213
2.33709046566103e+213
1.20415218947036e+213
6.18184780684485e+212
3.16215287266272e+212
1.6116530667081e+212
8.18428772955012e+211
4.14101983338852e+211
2.08759981383771e+211
1.04856920852667e+211
5.24750940711675e+210
2.6164470824249e+210
1.29977921207383e+210
6.43313082864293e+209
3.17224394052544e+209
1.55846969715076e+209
7.62805654488355e+208
3.71971211323274e+208
1.8070939488282e+208
8.74629597757762e+207
4.21731136901186e+207
2.02586829984083e+207
9.69497619352301e+206
4.62208784651732e+206
2.19523708572105e+206
1.03865733750951e+206
4.89560742668072e+205
2.29868821389145e+205
1.07519805742881e+205
5.00988177299725e+204
2.32537358192631e+204
1.07517671230536e+204
4.95204279334701e+203
2.27196627067225e+203
1.03831183919357e+203
4.72669535069492e+202
2.14331842759696e+202
9.68078162643862e+201
4.35536046799682e+201
1.95174472397243e+201
8.71168933440979e+200
3.87308819193322e+200
1.71507522178027e+200
7.56440604190775e+199
3.32297760838909e+199
1.45390463145147e+199
6.33571018156586e+198
2.74979596404347e+198
1.18862888795024e+198
5.11714290194451e+197
2.19401212926165e+197
9.36861579021905e+196
3.98411091019662e+196
1.6873361353206e+196
7.11673097886388e+195
2.98925353735938e+195
1.25038187064011e+195
5.20852434066105e+194
2.16059410617715e+194
8.92508633811117e+193
3.6713572814838e+193
1.50386911131595e+193
6.13418281827115e+192
2.49149914866456e+192
1.00766489669167e+192
4.05804466121111e+191
1.62725910189481e+191
6.49725060309334e+190
2.58302919419608e+190
1.02246747881217e+190
4.02980309158192e+189
1.58134219418589e+189
6.17830177179809e+188
2.40329480367591e+188
9.30749972453868e+187
3.58872669843018e+187
1.37759752900027e+187
5.2646816927356e+186
2.00300846215687e+186
7.58660354262587e+185
2.86061163517769e+185
1.07376739203492e+185
4.01230686476725e+184
1.49246252408091e+184
5.52625298626661e+183
2.03689535288079e+183
7.47325522161247e+182
2.72926992602475e+182
9.92135752887583e+181
3.5898468524639e+181
1.29286490430138e+181
4.63441461604424e+180
1.65345798241967e+180
5.8713763594429e+179
2.07504255658101e+179
7.29871140664553e+178
2.55498965606554e+178
8.9011773677603e+177
3.08611858486902e+177
1.06481953258368e+177
3.65619167572898e+176
1.24928825233158e+176
4.24784067988026e+175
1.43726435765313e+175
4.839036223131e+174
1.62115924748078e+174
5.40415470076684e+173
1.79248592532546e+173
5.9156178677365e+172
1.94245616419307e+172
6.34598978321265e+171
2.06269347690825e+171
6.6703289243319e+170
2.14598637995196e+170
6.86852745093994e+169
2.18699087694703e+169
6.92734040297046e+168
2.18278899704716e+168
6.84182515378672e+167
2.13322353637956e+167
6.6159772544879e+166
2.04095679429844e+166
6.26245451900493e+165
1.91123893179945e+165
5.80140956420415e+164
1.75141309737524e+164
5.25857918405229e+163
1.57022211603369e+163
4.66288333282175e+162
1.37700838609307e+162
4.04384808715298e+161
1.18090991595428e+161
3.42917552283261e+160
9.90149622775506e+159
2.84273969941058e+159
8.11494055884905e+158
2.30320303287513e+158
6.49926453961581e+157
1.82333981316979e+157
5.08544011676564e+156
1.4100448872938e+156
3.8865704342986e+155
1.06491492474206e+155
2.900436837143e+154
7.8523057283582e+153
2.11300846968693e+153
5.65145505001999e+152
1.50230759447798e+152
3.96900202959173e+151
1.04210567720669e+151
2.71915567018261e+150
7.05069467194157e+149
1.81672293147215e+149
4.65144222023154e+148
1.18334574345225e+148
2.99118631924608e+147
7.51217191098533e+146
1.87439018187839e+146
4.64631707107376e+145
1.14417829916971e+145
2.79895539502266e+144
6.80137566992415e+143
1.6416360717085e+143
3.93565368117224e+142
9.37123789294194e+141
2.21613939669574e+141
5.20471346244464e+140
1.21387931562878e+140
2.81133178539798e+139
6.46524872299009e+138
1.47629520899109e+138
3.34698657044869e+137
7.53364421171463e+136
1.68346404291932e+136
3.73445333800002e+135
8.22339502312057e+134
1.79743116786037e+134
3.89947427299456e+133
8.39629697616852e+132
1.79420600942266e+132
3.80481915054859e+131
8.00657721900241e+130
1.67180052106122e+130
3.46353634522978e+129
7.11910421190017e+128
1.45168819331287e+128
2.93653591019425e+127
5.89226584971545e+126
1.17269463020691e+126
2.31479813276536e+125
4.53144104673798e+124
8.79677405618476e+123
1.69333432802674e+123
3.23192918436893e+122
6.11572379398186e+121
1.14727415288273e+121
2.1334655537313e+120
3.93249541642673e+119
7.18421578771197e+118
1.3007167707509e+118
2.33367985558487e+117
4.14874900415637e+116
7.30754991329334e+115
1.27516316748224e+115
2.20423977493702e+114
3.77406978407222e+113
6.39995710181365e+112
1.07477452765939e+112
1.78725702946394e+111
2.94266770097196e+110
4.7966077359319e+109
7.739611069802e+108
1.23608442898362e+108
1.95376447402024e+107
3.05591467494339e+106
4.72937630418374e+105
7.24115122251696e+104
1.09672733104114e+104
1.64294079555205e+103
2.43400181603285e+102
3.56564213572851e+101
5.16432013726414e+100
7.39411623025993e+99
1.04639269810758e+99
1.46343826786693e+98
2.0223656098283e+97
2.76110557659176e+96
3.72370377422318e+95
4.95980725130747e+94
6.52347270867205e+93
8.47114334937497e+92
1.08586778972257e+92
1.37373821684845e+91
1.71490930739279e+90
2.1120494625409e+89
2.56569969417834e+88
3.073666707917e+87
3.6304842895569e+86
4.2270161436801e+85
4.85027633551818e+84
5.48353697824948e+83
6.10677519381298e+82
6.69748251146287e+81
7.23182148232853e+80
7.68607013853932e+79
8.03825058611147e+78
8.26980024454638e+77
8.36711994396683e+76
8.32282806755806e+75
8.13656760288535e+74
7.81525336169726e+73
7.37270589052927e+72
6.82868924587863e+71
6.20744176998975e+70
5.53585126469328e+69
4.84146858216267e+68
4.15056969680099e+67
3.486463277908e+66
2.86820111985119e+65
2.30978951037966e+64
1.81993087949552e+63
1.40225814954589e+62
1.05596931861791e+61
7.76734242905188e+59
5.57732561389572e+58
3.90690178666324e+57
2.66807069448719e+56
1.7750456065672e+55
1.14958278467507e+54
7.24171455336418e+52
4.43346972614706e+51
2.6354515011036e+50
1.51969960096808e+49
8.49193544477429e+47
4.59331308311495e+46
2.40218401962797e+45
1.21311035824266e+44
5.90771283219413e+42
2.77030782152378e+41
1.2489309804688e+40
5.40385506152345e+38
2.23980333929959e+37
8.87496752381101e+35
3.35425861506583e+34
1.20620285819828e+33
4.11568271227012e+31
1.32839486292845e+30
4.04184430856369e+28
1.1548035577165e+27
3.08451775882663e+25
7.66310465895347e+23
1.76032336621807e+22
3.71307224843793e+20
7.13235804177738e+18
1.23519836047155e+17
1.90484268262554e+15
25749640129024
298901740032
2896724096
22500352
131328
512
1
