1
1024
523776
178433024
45545029376
9291185992704
1.5779530877609e+15
2.2947946333437e+17
2.91725767763818e+19
3.29325977831155e+21
3.34265867498622e+23
3.08132354221457e+25
2.6011506235528e+27
2.0248957161811e+29
1.46226397789935e+31
9.84591078452232e+32
6.20907748848939e+34
3.68161771082194e+36
2.05966057488761e+38
1.09053607280891e+40
5.47994376586479e+41
2.61993501948964e+43
1.19445219297641e+45
5.20365694505377e+46
2.17035858416617e+48
8.6814343366647e+49
3.33567419320309e+51
1.23296401659877e+53
4.39023258767491e+54
1.50781781287042e+56
5.00092907935355e+57
1.60352371125078e+59
4.97593451647509e+60
1.4957960728313e+62
4.35980561228182e+63
1.23320215890257e+65
3.38788037542957e+66
9.04655624574165e+67
2.34972395119658e+69
5.94058414328161e+70
1.4628688452831e+72
3.51088522867943e+73
8.21714328521877e+74
1.8765662107174e+76
4.18388966525857e+77
9.11158193767422e+78
1.93918232977893e+80
4.03514961388041e+81
8.21321077658574e+82
1.63593749345871e+84
3.19007811224449e+85
6.09242368887477e+86
1.13998620178368e+88
2.09069167572404e+89
3.75937336505192e+90
6.63016757109158e+91
1.14725578149781e+93
1.94832209910505e+94
3.24832322385273e+95
5.318441074986e+96
8.55382606226915e+97
1.35178497115204e+99
2.0996273019668e+100
3.20609756268582e+101
4.81415587147042e+102
7.11013790247939e+103
1.03312458310269e+105
1.47721395613787e+106
2.07896140591756e+107
2.88041609283651e+108
3.92971052665552e+109
5.28020259497094e+110
6.98893482362126e+111
9.11433692066773e+112
1.17131546102095e+114
1.48366625062653e+115
1.85263062084813e+116
2.28090107605718e+117
2.76924784490532e+118
3.31608665984865e+119
3.91712736694622e+120
4.56514596839164e+121
5.24991786365039e+122
5.95834051513092e+123
6.67476002945023e+124
7.38149932668614e+125
8.05956728809103e+126
8.68951047842458e+127
9.25235377077708e+128
9.73056531398579e+129
1.01089761873075e+131
1.03755865482914e+132
1.05221980973433e+133
1.05448264803484e+134
1.04438653757493e+135
1.02239945257335e+136
9.8938447025067e+136
9.46545142672806e+137
8.95354435977236e+138
8.37472937085779e+139
7.74662466804345e+140
7.08701108244767e+141
6.41305022460706e+142
5.74061389037642e+143
5.08375518561219e+144
4.45433787691735e+145
3.86182689517646e+146
3.31323092502055e+147
2.81317847985541e+148
2.36410228215372e+149
1.96650326197332e+150
1.6192648481474e+151
1.3199900056773e+152
1.06533706652894e+153
8.51335147024441e+153
6.73665203297601e+154
5.27897991204758e+155
4.09684936764034e+156
3.14901896309304e+157
2.39748838702714e+158
1.8081058252163e+159
1.35084931074011e+160
9.99849940654363e+160
7.33223289813199e+161
5.32769503323946e+162
3.83594042393241e+163
2.73691304850415e+164
1.93523458075333e+165
1.35617610854355e+166
9.41964180817843e+166
6.48506109101515e+167
4.42568291249431e+168
2.9940415461041e+169
2.00803387904125e+170
1.33519267628787e+171
8.80238134737932e+171
5.75390957192663e+172
3.72954138676704e+173
2.39717623917563e+174
1.52798427907166e+175
9.65904347841727e+175
6.05574073398643e+176
3.76564723106339e+177
2.32258801244609e+178
1.42097224928126e+179
8.62383158184486e+179
5.19201915098742e+180
3.10108354732446e+181
1.83760153446186e+182
1.08036170750912e+183
6.30210996046986e+183
3.64771132811302e+184
2.0950342035807e+185
1.1940325657009e+186
6.75326210860702e+186
3.79054066741168e+187
2.1115255384492e+188
1.16739118941013e+189
6.4058744380923e+189
3.48898570024398e+190
1.8862328941944e+191
1.01223926744346e+192
5.39236103582532e+192
2.85166577477388e+193
1.49712453175629e+194
7.80319452915399e+194
4.0379181328574e+195
2.07457111256985e+196
1.05827824016212e+197
5.36027321644245e+197
2.69590211768135e+198
1.34637450789466e+199
6.6770782281055e+199
3.28836453777219e+200
1.60827484002536e+201
7.81162065155177e+201
3.76821928020878e+202
1.8053389545859e+203
8.5905735647992e+203
4.06012583006711e+204
1.90600351467039e+205
8.88766279768957e+205
4.11664820794083e+206
1.89410808256075e+207
8.65730922518257e+207
3.93088635089371e+208
1.77312561741926e+209
7.94587843527988e+209
3.53760651613259e+210
1.56478256480785e+211
6.87680758744504e+211
3.00275263242365e+212
1.3027567410463e+213
5.61602905984726e+213
2.40562894264592e+214
1.02393437045954e+215
4.33082445464776e+215
1.82026530378089e+216
7.60282528397371e+216
3.1557455701318e+217
1.30174504767937e+218
5.33650706113333e+218
2.17423035213501e+219
8.80402635199498e+219
3.54318903675876e+220
1.41727561470351e+221
5.63470256525326e+221
2.22666024076192e+222
8.74606450337733e+222
3.41473140418943e+223
1.32524099734018e+224
5.11254109874364e+224
1.96061127984839e+225
7.47425520768493e+225
2.83253316515536e+226
1.06714040175621e+227
3.99683604176283e+227
1.48822282108035e+228
5.50915512207269e+228
2.02757033259844e+229
7.41906417155338e+229
2.69906225969634e+230
9.76282429971245e+230
3.51111438940331e+231
1.25553688656788e+232
4.46413115224135e+232
1.5782481374517e+233
5.54820270346457e+233
1.93943752397424e+234
6.74145095669647e+234
2.3301971785103e+235
8.00942233652459e+235
2.73770341071724e+236
9.30584163642942e+236
3.14569262154516e+237
1.05748815788114e+238
3.53541591766194e+238
1.17548849920574e+239
3.88701449107109e+239
1.27832359413468e+240
4.18118342248217e+240
1.36018581046723e+241
4.40093177518942e+241
1.41626693341487e+242
4.53321506146316e+242
1.44322765222093e+243
4.5702208986996e+243
1.43952706849728e+244
4.51013117831608e+244
1.40556698569208e+245
4.35725765564545e+245
1.34363244042613e+246
4.12153919225951e+246
1.25763962704519e+247
3.81748091516474e+247
1.15272953124582e+248
3.4626914434689e+248
1.03476538077203e+249
3.07622111260522e+249
9.09801302029188e+249
2.67691536943203e+250
7.83587487450603e+250
2.28197424780462e+251
6.61165162291681e+251
1.90585866857564e+252
5.46585882308485e+252
1.5596191153088e+253
4.42768273185045e+253
1.25065515970552e+254
3.51485241909804e+254
9.82856880155191e+254
2.73459072928788e+255
7.5703927174771e+255
2.08532429433801e+256
5.71561512791185e+256
1.55880412579414e+257
4.23023293557903e+257
1.14231560859679e+258
3.06945956698491e+258
8.20722880634674e+258
2.18370909311726e+259
5.78177781238164e+259
1.52335493425516e+260
3.99409668274675e+260
1.04212170489977e+261
2.70585986535378e+261
6.99171482691065e+261
1.79786952691988e+262
4.60079806020817e+262
1.17169113228831e+263
2.96963097321347e+263
7.49040939635288e+263
1.88029797518036e+264
4.69753623833456e+264
1.1679928538172e+265
2.89028740097137e+265
7.11830917333828e+265
1.74482460545127e+266
4.25666942336601e+266
1.03355919778051e+267
2.4977680613029e+267
6.00792051954585e+267
1.43832004491114e+268
3.42728406741203e+268
8.1285256993555e+268
1.91886508312654e+269
4.50870586525485e+269
1.05447909161335e+270
2.45474515807393e+270
5.68801790673442e+270
1.311913807521e+271
3.01191787321542e+271
6.8830046269314e+271
1.56571862440101e+272
3.54530554760865e+272
7.99100615492744e+272
1.79291878602644e+273
4.00437381863319e+273
8.90280594268448e+273
1.97033887007374e+274
4.34090282313122e+274
9.52023547502921e+274
2.07848619221911e+275
4.51732912364649e+275
9.77360406072898e+275
2.10508395154163e+276
4.51366160161839e+276
9.63466604871449e+276
2.04736653535183e+277
4.33120701703609e+277
9.12178447527297e+277
1.91254333106932e+278
3.99214616997301e+278
8.29599144030426e+278
1.71632637282942e+279
3.5351199917979e+279
7.24910022127605e+279
1.47993500066407e+280
3.00803356643851e+280
6.08705317574283e+280
1.22636218393642e+281
2.45991710795459e+281
4.91264147582743e+281
9.76799267205338e+281
1.93372180513615e+282
3.81139370287705e+282
7.47958475217779e+282
1.46142895157825e+283
2.84306724200712e+283
5.50691534554961e+283
1.06204795949885e+284
2.03937414445079e+284
3.89914431595279e+284
7.42273365529822e+284
1.40696448663986e+285
2.65539776351748e+285
4.99005928031797e+285
9.33714173460057e+285
1.73962947960295e+286
3.22727920171467e+286
5.96150185872294e+286
1.09652000947148e+287
2.00826731016461e+287
3.66245994305502e+287
6.65078577571255e+287
1.20260783889597e+288
2.16535127276624e+288
3.88229192773892e+288
6.93115705577302e+288
1.23220569880409e+289
2.18133711545049e+289
3.84526812265396e+289
6.74989269917483e+289
1.17987400532493e+290
2.05373790766452e+290
3.55981237328516e+290
6.14446337835657e+290
1.056130575378e+291
1.8077155615597e+291
3.08122494133922e+291
5.22997391358894e+291
8.84016588018708e+291
1.48801745051317e+292
2.49427468206123e+292
4.16361997708659e+292
6.92134229957251e+292
1.14578697653545e+293
1.88892013185948e+293
3.10113949483115e+293
5.07024349283447e+293
8.25539645628177e+293
1.33859881158124e+294
2.16156389727277e+294
3.47610275591956e+294
5.56705796696762e+294
8.87910511187241e+294
1.41034270590095e+295
2.23097032570729e+295
3.51461908095093e+295
5.51416427236913e+295
8.61588167557677e+295
1.3407257270723e+296
2.0777913630996e+296
3.2069137167443e+296
4.92943915370844e+296
7.54630191431909e+296
1.15053223767574e+297
1.74699981052484e+297
2.64190902719075e+297
3.97901212897189e+297
5.96851819345783e+297
8.91647243499539e+297
1.32664990355635e+298
1.96588315006414e+298
2.90133962485311e+298
4.26461968954312e+298
6.24315718973981e+298
9.1027327850403e+298
1.32185617237308e+299
1.91180152853958e+299
2.75390458277726e+299
3.95096999524338e+299
5.64558034865345e+299
8.0346084394548e+299
1.13886784719631e+300
1.60781343133596e+300
2.2607517496954e+300
3.16611134969051e+300
4.41628148543279e+300
6.13544001239614e+300
8.48973676133885e+300
1.17004724738637e+301
1.60610652245398e+301
2.19587773970614e+301
2.9902390418579e+301
4.05572651654289e+301
5.47895164734808e+301
7.37213631267889e+301
9.88000916790527e+301
1.31883493676366e+302
1.75345099546987e+302
2.32203034320727e+302
3.06276852961502e+302
4.02377265064546e+302
5.26534213969598e+302
6.86269312589588e+302
8.90919130021012e+302
1.1520162352397e+303
1.48373519583327e+303
1.90341085256117e+303
2.43213608938371e+303
3.09544593194291e+303
3.92409406859134e+303
4.95492672678642e+303
6.23185718280847e+303
7.80694196527655e+303
9.74155696982973e+303
1.21076681813201e+304
1.49891874646474e+304
1.84833989215477e+304
2.2702435631901e+304
2.77747802524776e+304
3.38467560219586e+304
4.10839673527878e+304
4.96726415623146e+304
5.9820815644938e+304
7.17593046041209e+304
8.57423810901487e+304
1.02048090314557e+305
1.20978119861181e+305
1.42857141538203e+305
1.68031542276358e+305
1.96867463726326e+305
2.29748076061167e+305
2.67070020906546e+305
3.09238971576001e+305
3.56664276040388e+305
4.09752669329418e+305
4.6890106720333e+305
5.34488481613817e+305
6.06867130165688e+305
6.86352845759114e+305
7.73214927898753e+305
8.67665612673135e+305
9.69849372843318e+305
1.07983229141318e+306
1.19759177998293e+306
1.32300693558689e+306
1.45584984510279e+306
1.5957781533233e+306
1.74232920822034e+306
1.89491608388933e+306
2.05282575754677e+306
2.21521968157177e+306
2.38113694517128e+306
2.54950016351672e+306
2.71912416633134e+306
2.88872748455322e+306
3.05694655493885e+306
3.22235248075718e+306
3.38347010479504e+306
3.53879907168184e+306
3.68683648304701e+306
3.82610068419591e+306
3.9551556675914e+306
4.072635538906e+306
4.17726846777117e+306
4.26789953906404e+306
4.34351193247266e+306
4.40324588832198e+306
4.44641496565847e+306
4.47251916310852e+306
4.48125455209897e+306
4.47251916310852e+306
4.44641496565847e+306
4.40324588832198e+306
4.34351193247266e+306
4.26789953906404e+306
4.17726846777117e+306
4.072635538906e+306
3.9551556675914e+306
3.82610068419591e+306
3.68683648304701e+306
3.53879907168184e+306
3.38347010479504e+306
3.22235248075718e+306
3.05694655493885e+306
2.88872748455322e+306
2.71912416633134e+306
2.54950016351672e+306
2.38113694517128e+306
2.21521968157177e+306
2.05282575754677e+306
1.89491608388933e+306
1.74232920822034e+306
1.5957781533233e+306
1.45584984510279e+306
1.32300693558689e+306
1.19759177998293e+306
1.07983229141318e+306
9.69849372843318e+305
8.67665612673135e+305
7.73214927898753e+305
6.86352845759114e+305
6.06867130165688e+305
5.34488481613817e+305
4.6890106720333e+305
4.09752669329418e+305
3.56664276040388e+305
3.09238971576001e+305
2.67070020906546e+305
2.29748076061167e+305
1.96867463726326e+305
1.68031542276358e+305
1.42857141538203e+305
1.20978119861181e+305
1.02048090314557e+305
8.57423810901487e+304
7.17593046041209e+304
5.9820815644938e+304
4.96726415623146e+304
4.10839673527878e+304
3.38467560219586e+304
2.77747802524776e+304
2.2702435631901e+304
1.84833989215477e+304
1.49891874646474e+304
1.21076681813201e+304
9.74155696982973e+303
7.80694196527655e+303
6.23185718280847e+303
4.95492672678642e+303
3.92409406859134e+303
3.09544593194291e+303
2.43213608938371e+303
1.90341085256117e+303
1.48373519583327e+303
1.1520162352397e+303
8.90919130021012e+302
6.86269312589588e+302
5.26534213969598e+302
4.02377265064546e+302
3.06276852961502e+302
2.32203034320727e+302
1.75345099546987e+302
1.31883493676366e+302
9.88000916790527e+301
7.37213631267889e+301
5.47895164734808e+301
4.05572651654289e+301
2.9902390418579e+301
2.19587773970614e+301
1.60610652245398e+301
1.17004724738637e+301
8.48973676133885e+300
6.13544001239614e+300
4.41628148543279e+300
3.16611134969051e+300
2.2607517496954e+300
1.60781343133596e+300
1.13886784719631e+300
8.0346084394548e+299
5.64558034865345e+299
3.95096999524338e+299
2.75390458277726e+299
1.91180152853958e+299
1.32185617237308e+299
9.1027327850403e+298
6.24315718973981e+298
4.26461968954312e+298
2.90133962485311e+298
1.96588315006414e+298
1.32664990355635e+298
8.91647243499539e+297
5.96851819345783e+297
3.97901212897189e+297
2.64190902719075e+297
1.74699981052484e+297
1.15053223767574e+297
7.54630191431909e+296
4.92943915370844e+296
3.2069137167443e+296
2.0777913630996e+296
1.3407257270723e+296
8.61588167557677e+295
5.51416427236913e+295
3.51461908095093e+295
2.23097032570729e+295
1.41034270590095e+295
8.87910511187241e+294
5.56705796696762e+294
3.47610275591956e+294
2.16156389727277e+294
1.33859881158124e+294
8.25539645628177e+293
5.07024349283447e+293
3.10113949483115e+293
1.88892013185948e+293
1.14578697653545e+293
6.92134229957251e+292
4.16361997708659e+292
2.49427468206123e+292
1.48801745051317e+292
8.84016588018708e+291
5.22997391358894e+291
3.08122494133922e+291
1.8077155615597e+291
1.056130575378e+291
6.14446337835657e+290
3.55981237328516e+290
2.05373790766452e+290
1.17987400532493e+290
6.74989269917483e+289
3.84526812265396e+289
2.18133711545049e+289
1.23220569880409e+289
6.93115705577302e+288
3.88229192773892e+288
2.16535127276624e+288
1.20260783889597e+288
6.65078577571255e+287
3.66245994305502e+287
2.00826731016461e+287
1.09652000947148e+287
5.96150185872294e+286
3.22727920171467e+286
1.73962947960295e+286
9.33714173460057e+285
4.99005928031797e+285
2.65539776351748e+285
1.40696448663986e+285
7.42273365529822e+284
3.89914431595279e+284
2.03937414445079e+284
1.06204795949885e+284
5.50691534554961e+283
2.84306724200712e+283
1.46142895157825e+283
7.47958475217779e+282
3.81139370287705e+282
1.93372180513615e+282
9.76799267205338e+281
4.91264147582743e+281
2.45991710795459e+281
1.22636218393642e+281
6.08705317574283e+280
3.00803356643851e+280
1.47993500066407e+280
7.24910022127605e+279
3.5351199917979e+279
1.71632637282942e+279
8.29599144030426e+278
3.99214616997301e+278
1.91254333106932e+278
9.12178447527297e+277
4.33120701703609e+277
2.04736653535183e+277
9.63466604871449e+276
4.51366160161839e+276
2.10508395154163e+276
9.77360406072898e+275
4.51732912364649e+275
2.07848619221911e+275
9.52023547502921e+274
4.34090282313122e+274
1.97033887007374e+274
8.90280594268448e+273
4.00437381863319e+273
1.79291878602644e+273
7.99100615492744e+272
3.54530554760865e+272
1.56571862440101e+272
6.8830046269314e+271
3.01191787321542e+271
1.311913807521e+271
5.68801790673442e+270
2.45474515807393e+270
1.05447909161335e+270
4.50870586525485e+269
1.91886508312654e+269
8.1285256993555e+268
3.42728406741203e+268
1.43832004491114e+268
6.00792051954585e+267
2.4977680613029e+267
1.03355919778051e+267
4.25666942336601e+266
1.74482460545127e+266
7.11830917333828e+265
2.89028740097137e+265
1.1679928538172e+265
4.69753623833456e+264
1.88029797518036e+264
7.49040939635288e+263
2.96963097321347e+263
1.17169113228831e+263
4.60079806020817e+262
1.79786952691988e+262
6.99171482691065e+261
2.70585986535378e+261
1.04212170489977e+261
3.99409668274675e+260
1.52335493425516e+260
5.78177781238164e+259
2.18370909311726e+259
8.20722880634674e+258
3.06945956698491e+258
1.14231560859679e+258
4.23023293557903e+257
1.55880412579414e+257
5.71561512791185e+256
2.08532429433801e+256
7.5703927174771e+255
2.73459072928788e+255
9.82856880155191e+254
3.51485241909804e+254
1.25065515970552e+254
4.42768273185045e+253
1.5596191153088e+253
5.46585882308485e+252
1.90585866857564e+252
6.61165162291681e+251
2.28197424780462e+251
7.83587487450603e+250
2.67691536943203e+250
9.09801302029188e+249
3.07622111260522e+249
1.03476538077203e+249
3.4626914434689e+248
1.15272953124582e+248
3.81748091516474e+247
1.25763962704519e+247
4.12153919225951e+246
1.34363244042613e+246
4.35725765564545e+245
1.40556698569208e+245
4.51013117831608e+244
1.43952706849728e+244
4.5702208986996e+243
1.44322765222093e+243
4.53321506146316e+242
1.41626693341487e+242
4.40093177518942e+241
1.36018581046723e+241
4.18118342248217e+240
1.27832359413468e+240
3.88701449107109e+239
1.17548849920574e+239
3.53541591766194e+238
1.05748815788114e+238
3.14569262154516e+237
9.30584163642942e+236
2.73770341071724e+236
8.00942233652459e+235
2.3301971785103e+235
6.74145095669647e+234
1.93943752397424e+234
5.54820270346457e+233
1.5782481374517e+233
4.46413115224135e+232
1.25553688656788e+232
3.51111438940331e+231
9.76282429971245e+230
2.69906225969634e+230
7.41906417155338e+229
2.02757033259844e+229
5.50915512207269e+228
1.48822282108035e+228
3.99683604176283e+227
1.06714040175621e+227
2.83253316515536e+226
7.47425520768493e+225
1.96061127984839e+225
5.11254109874364e+224
1.32524099734018e+224
3.41473140418943e+223
8.74606450337733e+222
2.22666024076192e+222
5.63470256525326e+221
1.41727561470351e+221
3.54318903675876e+220
8.80402635199498e+219
2.17423035213501e+219
5.33650706113333e+218
1.30174504767937e+218
3.1557455701318e+217
7.60282528397371e+216
1.82026530378089e+216
4.33082445464776e+215
1.02393437045954e+215
2.40562894264592e+214
5.61602905984726e+213
1.3027567410463e+213
3.00275263242365e+212
6.87680758744504e+211
1.56478256480785e+211
3.53760651613259e+210
7.94587843527988e+209
1.77312561741926e+209
3.93088635089371e+208
8.65730922518257e+207
1.89410808256075e+207
4.11664820794083e+206
8.88766279768957e+205
1.90600351467039e+205
4.06012583006711e+204
8.5905735647992e+203
1.8053389545859e+203
3.76821928020878e+202
7.81162065155177e+201
1.60827484002536e+201
3.28836453777219e+200
6.6770782281055e+199
1.34637450789466e+199
2.69590211768135e+198
5.36027321644245e+197
1.05827824016212e+197
2.07457111256985e+196
4.0379181328574e+195
7.80319452915399e+194
1.49712453175629e+194
2.85166577477388e+193
5.39236103582532e+192
1.01223926744346e+192
1.8862328941944e+191
3.48898570024398e+190
6.4058744380923e+189
1.16739118941013e+189
2.1115255384492e+188
3.79054066741168e+187
6.75326210860702e+186
1.1940325657009e+186
2.0950342035807e+185
3.64771132811302e+184
6.30210996046986e+183
1.08036170750912e+183
1.83760153446186e+182
3.10108354732446e+181
5.19201915098742e+180
8.62383158184486e+179
1.42097224928126e+179
2.32258801244609e+178
3.76564723106339e+177
6.05574073398643e+176
9.65904347841727e+175
1.52798427907166e+175
2.39717623917563e+174
3.72954138676704e+173
5.75390957192663e+172
8.80238134737932e+171
1.33519267628787e+171
2.00803387904125e+170
2.9940415461041e+169
4.42568291249431e+168
6.48506109101515e+167
9.41964180817843e+166
1.35617610854355e+166
1.93523458075333e+165
2.73691304850415e+164
3.83594042393241e+163
5.32769503323946e+162
7.33223289813199e+161
9.99849940654363e+160
1.35084931074011e+160
1.8081058252163e+159
2.39748838702714e+158
3.14901896309304e+157
4.09684936764034e+156
5.27897991204758e+155
6.73665203297601e+154
8.51335147024441e+153
1.06533706652894e+153
1.3199900056773e+152
1.6192648481474e+151
1.96650326197332e+150
2.36410228215372e+149
2.81317847985541e+148
3.31323092502055e+147
3.86182689517646e+146
4.45433787691735e+145
5.08375518561219e+144
5.74061389037642e+143
6.41305022460706e+142
7.08701108244767e+141
7.74662466804345e+140
8.37472937085779e+139
8.95354435977236e+138
9.46545142672806e+137
9.8938447025067e+136
1.02239945257335e+136
1.04438653757493e+135
1.05448264803484e+134
1.05221980973433e+133
1.03755865482914e+132
1.01089761873075e+131
9.73056531398579e+129
9.25235377077708e+128
8.68951047842458e+127
8.05956728809103e+126
7.38149932668614e+125
6.67476002945023e+124
5.95834051513092e+123
5.24991786365039e+122
4.56514596839164e+121
3.91712736694622e+120
3.31608665984865e+119
2.76924784490532e+118
2.28090107605718e+117
1.85263062084813e+116
1.48366625062653e+115
1.17131546102095e+114
9.11433692066773e+112
6.98893482362126e+111
5.28020259497094e+110
3.92971052665552e+109
2.88041609283651e+108
2.07896140591756e+107
1.47721395613787e+106
1.03312458310269e+105
7.11013790247939e+103
4.81415587147042e+102
3.20609756268582e+101
2.0996273019668e+100
1.35178497115204e+99
8.55382606226915e+97
5.318441074986e+96
3.24832322385273e+95
1.94832209910505e+94
1.14725578149781e+93
6.63016757109158e+91
3.75937336505192e+90
2.09069167572404e+89
1.13998620178368e+88
6.09242368887477e+86
3.19007811224449e+85
1.63593749345871e+84
8.21321077658574e+82
4.03514961388041e+81
1.93918232977893e+80
9.11158193767422e+78
4.18388966525857e+77
1.8765662107174e+76
8.21714328521877e+74
3.51088522867943e+73
1.4628688452831e+72
5.94058414328161e+70
2.34972395119658e+69
9.04655624574165e+67
3.38788037542957e+66
1.23320215890257e+65
4.35980561228182e+63
1.4957960728313e+62
4.97593451647509e+60
1.60352371125078e+59
5.00092907935355e+57
1.50781781287042e+56
4.39023258767491e+54
1.23296401659877e+53
3.33567419320309e+51
8.6814343366647e+49
2.17035858416617e+48
5.20365694505377e+46
1.19445219297641e+45
2.61993501948964e+43
5.47994376586479e+41
1.09053607280891e+40
2.05966057488761e+38
3.68161771082194e+36
6.20907748848939e+34
9.84591078452232e+32
1.46226397789935e+31
2.0248957161811e+29
2.6011506235528e+27
3.08132354221457e+25
3.34265867498622e+23
3.29325977831155e+21
2.91725767763818e+19
2.2947946333437e+17
1.5779530877609e+15
9291185992704
45545029376
178433024
523776
1024
1
