 -512
 -510
 -508
 -506
 -504
 -502
 -500
 -498
 -496
 -494
 -492
 -490
 -488
 -486
 -484
 -482
 -480
 -478
 -476
 -474
 -472
 -470
 -468
 -466
 -464
 -462
 -460
 -458
 -456
 -454
 -452
 -450
 -448
 -446
 -444
 -442
 -440
 -438
 -436
 -434
 -432
 -430
 -428
 -426
 -424
 -422
 -420
 -418
 -416
 -414
 -412
 -410
 -408
 -406
 -404
 -402
 -400
 -398
 -396
 -394
 -392
 -390
 -388
 -386
 -384
 -382
 -380
 -378
 -376
 -374
 -372
 -370
 -368
 -366
 -364
 -362
 -360
 -358
 -356
 -354
 -352
 -350
 -348
 -346
 -344
 -342
 -340
 -338
 -336
 -334
 -332
 -330
 -328
 -326
 -324
 -322
 -320
 -318
 -316
 -314
 -312
 -310
 -308
 -306
 -304
 -302
 -300
 -298
 -296
 -294
 -292
 -290
 -288
 -286
 -284
 -282
 -280
 -278
 -276
 -274
 -272
 -270
 -268
 -266
 -264
 -262
 -260
 -258
 -256
 -254
 -252
 -250
 -248
 -246
 -244
 -242
 -240
 -238
 -236
 -234
 -232
 -230
 -228
 -226
 -224
 -222
 -220
 -218
 -216
 -214
 -212
 -210
 -208
 -206
 -204
 -202
 -200
 -198
 -196
 -194
 -192
 -190
 -188
 -186
 -184
 -182
 -180
 -178
 -176
 -174
 -172
 -170
 -168
 -166
 -164
 -162
 -160
 -158
 -156
 -154
 -152
 -150
 -148
 -146
 -144
 -142
 -140
 -138
 -136
 -134
 -132
 -130
 -128
 -126
 -124
 -122
 -120
 -118
 -116
 -114
 -112
 -110
 -108
 -106
 -104
 -102
 -100
 -98
 -96
 -94
 -92
 -90
 -88
 -86
 -84
 -82
 -80
 -78
 -76
 -74
 -72
 -70
 -68
 -66
 -64
 -62
 -60
 -58
 -56
 -54
 -52
 -50
 -48
 -46
 -44
 -42
 -40
 -38
 -36
 -34
 -32
 -30
 -28
 -26
 -24
 -22
 -20
 -18
 -16
 -14
 -12
 -10
 -8
 -6
 -4
 -2
 0
 2
 4
 6
 8
 10
 12
 14
 16
 18
 20
 22
 24
 26
 28
 30
 32
 34
 36
 38
 40
 42
 44
 46
 48
 50
 52
 54
 56
 58
 60
 62
 64
 66
 68
 70
 72
 74
 76
 78
 80
 82
 84
 86
 88
 90
 92
 94
 96
 98
 100
 102
 104
 106
 108
 110
 112
 114
 116
 118
 120
 122
 124
 126
 128
 130
 132
 134
 136
 138
 140
 142
 144
 146
 148
 150
 152
 154
 156
 158
 160
 162
 164
 166
 168
 170
 172
 174
 176
 178
 180
 182
 184
 186
 188
 190
 192
 194
 196
 198
 200
 202
 204
 206
 208
 210
 212
 214
 216
 218
 220
 222
 224
 226
 228
 230
 232
 234
 236
 238
 240
 242
 244
 246
 248
 250
 252
 254
 256
 258
 260
 262
 264
 266
 268
 270
 272
 274
 276
 278
 280
 282
 284
 286
 288
 290
 292
 294
 296
 298
 300
 302
 304
 306
 308
 310
 312
 314
 316
 318
 320
 322
 324
 326
 328
 330
 332
 334
 336
 338
 340
 342
 344
 346
 348
 350
 352
 354
 356
 358
 360
 362
 364
 366
 368
 370
 372
 374
 376
 378
 380
 382
 384
 386
 388
 390
 392
 394
 396
 398
 400
 402
 404
 406
 408
 410
 412
 414
 416
 418
 420
 422
 424
 426
 428
 430
 432
 434
 436
 438
 440
 442
 444
 446
 448
 450
 452
 454
 456
 458
 460
 462
 464
 466
 468
 470
 472
 474
 476
 478
 480
 482
 484
 486
 488
 490
 492
 494
 496
 498
 500
 502
 504
 506
 508
 510
 512
